time_stamp,cpu_util_percent,mem_util_percent,net_in,net_out,disk_io_percent
1330,0.29,0.89,36.51,29.04,0.03
1450,0.16,0.87,36.51,29.04,0.03
1470,0.26,0.89,36.51,29.04,0.03
1570,0.2,0.9,36.52,29.04,0.03
1700,0.17,0.92,36.52,29.04,0.03
1730,0.41,0.92,36.52,29.04,0.03
1810,0.61,0.91,36.52,29.04,0.04
1910,0.2,0.9,36.52,29.04,0.05
1980,0.2,0.89,36.52,29.04,0.05
2000,0.27,0.89,36.52,29.04,0.05
2030,0.16,0.88,36.52,29.04,0.05
2080,0.14,0.88,36.52,29.04,0.03
2090,0.29,0.88,36.52,29.04,0.03
2240,0.2,0.88,36.52,29.04,0.03
2350,0.17,0.88,36.52,29.05,0.05
2380,0.15,0.88,36.52,29.05,0.05
2620,0.15,0.91,36.53,29.05,0.04
2830,0.19,0.88,36.53,29.05,0.04
2860,0.18,0.88,36.53,29.05,0.04
2930,0.21,0.9,36.53,29.05,0.03
3050,0.31,0.93,36.53,29.05,0.04
3080,0.26,0.91,36.53,29.05,0.05
3090,0.25,0.91,36.53,29.05,0.05
3110,0.26,0.91,36.53,29.05,0.05
3160,0.32,0.91,36.53,29.05,0.04
3240,0.48,0.89,36.54,29.05,0.03
3410,0.24,0.91,36.54,29.05,0.04
3480,0.2,0.92,36.54,29.05,0.03
3550,0.6,0.93,36.54,29.05,0.03
3560,0.2,0.93,36.54,29.05,0.03
3640,0.2,0.93,36.54,29.05,0.03
3760,0.2,0.9,36.54,29.06,0.04
3790,0.62,0.9,36.54,29.06,0.03
3830,0.23,0.91,36.54,29.06,0.03
3960,0.21,0.89,36.54,29.06,0.03
4030,0.22,0.89,36.54,29.06,0.03
4400,0.13,0.86,36.54,29.06,0.03
4470,0.11,0.85,36.54,29.06,0.04
4790,0.34,0.92,36.55,29.06,0.05
4820,0.33,0.92,36.55,29.06,0.05
4860,0.24,0.89,36.55,29.07,0.05
10950,0.3,0.87,36.63,29.13,0.04
10990,0.31,0.86,36.63,29.13,0.04
11030,0.27,0.87,36.63,29.13,0.04
11160,0.22,0.88,36.64,29.13,0.1
11300,0.17,0.85,36.64,29.13,0.04
11440,0.17,0.85,36.64,29.13,0.03
11480,0.17,0.85,36.64,29.13,0.04
11750,0.25,0.85,36.65,29.13,0.04
11820,0.33,0.84,36.65,29.13,0.03
11840,0.32,0.84,36.65,29.13,0.03
13520,0.19,0.87,36.67,29.15,0.07
13530,0.2,0.87,36.67,29.15,0.07
13540,0.2,0.88,36.67,29.15,0.07
14890,0.22,0.88,36.69,29.16,0.07
14950,0.52,0.87,36.7,29.16,0.06
15180,0.19,0.85,36.7,29.16,0.07
15230,0.24,0.86,36.7,29.16,0.07
15290,0.36,0.86,36.7,29.17,0.04
15300,0.19,0.86,36.7,29.17,0.05
15420,0.66,0.86,36.7,29.17,0.06
15520,0.61,0.86,36.7,29.17,0.05
15570,0.26,0.86,36.71,29.17,0.05
15690,0.22,0.88,36.71,29.17,0.05
16110,0.2,0.87,36.71,29.17,0.04
16120,0.22,0.87,36.71,29.17,0.04
16160,0.21,0.87,36.71,29.17,0.06
16310,0.27,0.87,36.72,29.18,0.06
16330,0.26,0.87,36.72,29.18,0.04
16360,0.25,0.87,36.72,29.18,0.04
16380,0.27,0.88,36.72,29.18,0.04
16460,0.42,0.88,36.72,29.18,0.03
16840,0.21,0.9,36.72,29.18,0.03
16860,0.21,0.91,36.72,29.18,0.03
16870,0.22,0.91,36.72,29.18,0.03
16940,0.32,0.93,36.72,29.18,0.03
16950,0.32,0.91,36.72,29.18,0.03
17000,0.2,0.87,36.72,29.18,0.04
17120,0.19,0.86,36.72,29.18,0.04
17200,0.57,0.92,36.73,29.18,0.05
17250,0.55,0.92,36.73,29.18,0.03
17270,0.37,0.91,36.73,29.19,0.03
17500,0.4,0.9,36.73,29.19,0.05
17550,0.3,0.91,36.73,29.19,0.05
17630,0.35,0.9,36.73,29.19,0.04
17650,0.33,0.89,36.73,29.19,0.05
17770,0.26,0.89,36.73,29.19,0.04
17960,0.31,0.9,36.74,29.19,0.05
18140,0.29,0.9,36.74,29.19,0.04
18240,0.28,0.9,36.74,29.2,0.03
18260,0.26,0.9,36.74,29.2,0.03
18370,0.21,0.89,36.74,29.2,0.05
18390,0.25,0.88,36.74,29.2,0.05
18400,0.26,0.88,36.74,29.2,0.05
18430,0.74,0.89,36.74,29.2,0.06
18440,0.39,0.89,36.74,29.2,0.06
18460,0.29,0.89,36.74,29.2,0.06
18530,0.24,0.89,36.74,29.2,0.06
18610,0.31,0.9,36.74,29.2,0.05
18640,0.59,0.9,36.74,29.2,0.05
18900,0.25,0.89,36.75,29.2,0.03
19150,0.17,0.87,36.76,29.21,0.03
19190,0.24,0.89,36.76,29.21,0.03
19290,0.16,0.87,36.76,29.21,0.03
19310,0.16,0.87,36.76,29.21,0.03
19520,0.36,0.89,36.76,29.21,1.01
19710,0.38,0.94,36.76,29.21,0.06
19910,0.41,0.96,36.77,29.21,0.13
19960,0.68,0.96,36.77,29.21,0.07
20020,0.45,0.95,36.77,29.21,0.26
20050,0.48,0.94,36.77,29.22,0.33
20060,0.51,0.94,36.78,29.22,0.33
20200,0.54,0.94,36.78,29.22,0.11
20320,0.49,0.83,36.78,29.22,0.32
20350,0.58,0.82,36.78,29.22,0.17
20450,0.47,0.84,36.79,29.22,0.13
20560,0.57,0.86,36.79,29.22,0.31
20610,0.45,0.85,36.79,29.22,0.18
20760,0.49,0.85,36.79,29.23,0.46
21030,0.44,0.87,36.8,29.23,0.1
21050,0.44,0.85,36.8,29.23,0.1
21070,0.45,0.87,36.8,29.23,0.05
21330,0.38,0.85,36.8,29.23,0.05
21340,0.55,0.84,36.8,29.23,0.05
21580,0.36,0.82,36.8,29.24,0.05
21590,0.33,0.83,36.8,29.24,0.05
22000,0.4,0.87,36.82,29.24,0.1
22060,0.47,0.85,36.82,29.24,0.07
22360,0.84,0.88,36.83,29.25,0.09
22820,0.79,0.88,36.85,29.26,0.04
22970,0.79,0.9,36.86,29.26,0.06
23000,0.67,0.89,36.86,29.26,0.09
23030,0.63,0.88,36.86,29.26,0.09
23110,0.58,0.89,36.86,29.26,0.04
23120,0.62,0.9,36.86,29.26,0.04
23220,0.51,0.85,36.86,29.26,0.09
23300,0.57,0.88,36.87,29.26,0.05
23320,0.56,0.89,36.87,29.26,0.05
23400,0.53,0.88,36.87,29.26,0.07
23460,0.56,0.88,36.87,29.26,0.09
23520,0.45,0.85,36.87,29.26,0.07
23580,0.48,0.87,36.87,29.27,0.06
23590,0.54,0.87,36.87,29.27,0.06
23610,0.55,0.89,36.87,29.27,0.06
23760,0.53,0.89,36.88,29.27,0.1
23780,0.51,0.88,36.88,29.27,0.1
23810,0.59,0.88,36.88,29.27,0.1
23920,0.62,0.87,36.88,29.27,0.11
23940,0.65,0.88,36.88,29.27,0.06
23950,0.8,0.87,36.88,29.27,0.06
23980,0.53,0.87,36.88,29.27,0.06
24160,0.66,0.89,36.89,29.27,0.12
24320,0.57,0.89,36.89,29.28,0.1
24410,0.52,0.9,36.89,29.28,0.07
24690,0.55,0.92,36.9,29.28,0.06
24720,0.56,0.92,36.9,29.28,0.08
24750,0.54,0.93,36.9,29.28,0.08
24980,0.37,0.85,36.91,29.29,0.12
25020,0.46,0.84,36.91,29.29,0.1
25160,0.33,0.84,36.91,29.29,0.11
25190,0.34,0.85,36.91,29.29,0.11
25200,0.37,0.85,36.91,29.29,0.07
25770,0.5,0.86,36.92,29.3,0.14
25970,0.71,0.89,36.93,29.3,0.11
26070,0.36,0.88,36.93,29.31,0.09
26410,0.39,0.88,36.94,29.31,0.06
26430,0.32,0.87,36.94,29.31,0.06
26440,0.32,0.87,36.94,29.31,0.06
26520,0.37,0.86,36.94,29.31,0.04
26600,0.35,0.87,36.94,29.32,0.05
26710,0.42,0.89,36.94,29.32,0.12
26920,0.48,0.94,36.95,29.32,0.05
26970,0.45,0.93,36.95,29.32,0.07
27280,0.37,0.9,36.95,29.33,0.03
27320,0.4,0.91,36.95,29.33,0.04
27370,0.46,0.9,36.95,29.33,0.05
27470,0.4,0.93,36.96,29.33,0.04
27490,0.35,0.93,36.96,29.33,0.05
27540,0.4,0.93,36.96,29.33,0.03
27700,0.29,0.91,36.96,29.33,0.05
27720,0.48,0.89,36.96,29.33,0.03
27930,0.38,0.87,36.97,29.34,0.03
27960,0.26,0.88,36.97,29.34,0.05
28030,0.49,0.9,36.97,29.34,0.04
28040,0.35,0.9,36.97,29.34,0.04
28070,0.37,0.9,36.97,29.34,0.04
28120,0.33,0.88,36.97,29.34,0.06
28290,0.35,0.89,36.97,29.34,0.07
28300,0.34,0.89,36.97,29.34,0.07
28650,0.29,0.9,36.98,29.34,0.05
28670,0.29,0.9,36.98,29.35,0.05
28800,0.41,0.92,36.98,29.35,0.08
29050,0.48,0.91,36.99,29.35,0.08
29070,0.5,0.91,36.99,29.35,0.08
29340,0.41,0.9,37.0,29.36,0.06
29460,0.33,0.87,37.0,29.36,0.06
29530,0.34,0.88,37.0,29.36,0.03
29590,0.38,0.89,37.0,29.36,0.04
29660,0.43,0.89,37.0,29.36,0.08
29860,0.48,0.89,37.0,29.36,0.07
29980,0.38,0.87,37.01,29.36,0.09
30270,0.45,0.89,37.01,29.37,0.09
30310,0.47,0.9,37.01,29.37,0.13
30350,0.47,0.89,37.01,29.37,0.13
30400,0.39,0.86,37.01,29.37,0.15
30430,0.48,0.86,37.01,29.37,0.17
30440,0.48,0.86,37.01,29.37,0.17
30450,0.51,0.86,37.01,29.37,0.17
30490,0.56,0.87,37.01,29.37,0.05
30640,0.39,0.89,37.01,29.37,0.07
30670,0.39,0.87,37.01,29.37,0.07
30720,0.33,0.86,37.02,29.37,0.06
30840,0.34,0.83,37.02,29.38,0.05
30920,0.33,0.85,37.02,29.38,0.04
31020,0.58,0.86,37.02,29.38,0.04
31080,0.37,0.86,37.02,29.38,0.06
31150,0.39,0.86,37.02,29.38,0.06
31190,0.38,0.87,37.02,29.38,0.06
31210,0.53,0.87,37.02,29.38,0.05
31240,0.36,0.85,37.02,29.38,0.05
31360,0.4,0.85,37.02,29.38,0.05
31400,0.37,0.85,37.02,29.38,0.05
31450,0.42,0.85,37.03,29.38,0.06
31530,0.3,0.87,37.03,29.39,0.06
31580,0.5,0.87,37.03,29.39,0.05
31600,0.52,0.87,37.03,29.39,0.05
31680,0.3,0.85,37.03,29.39,0.07
31710,0.3,0.85,37.03,29.39,0.07
31990,0.34,0.89,37.03,29.39,0.04
32070,0.33,0.89,37.03,29.4,0.07
32080,0.34,0.89,37.03,29.4,0.07
32120,0.32,0.87,37.03,29.4,0.08
32170,0.39,0.89,37.03,29.4,0.03
32220,0.33,0.89,37.03,29.4,0.04
32240,0.33,0.89,37.03,29.4,0.04
32280,0.34,0.88,37.03,29.4,0.03
32560,0.27,0.83,37.04,29.4,0.06
32750,0.29,0.82,37.04,29.41,0.04
32800,0.26,0.82,37.04,29.41,0.03
32830,0.29,0.83,37.04,29.41,0.03
33120,0.33,0.84,37.05,29.41,0.05
33140,0.33,0.84,37.05,29.41,0.05
33190,0.43,0.85,37.05,29.41,0.05
33220,0.37,0.85,37.05,29.41,0.05
33300,0.26,0.84,37.05,29.41,0.05
33400,0.23,0.83,37.05,29.42,0.05
33410,0.21,0.82,37.05,29.42,0.05
33440,0.23,0.83,37.05,29.42,0.05
39730,0.28,0.87,37.14,29.49,0.03
39770,0.34,0.88,37.14,29.49,0.03
39780,0.76,0.88,37.14,29.49,0.04
39800,0.3,0.88,37.14,29.49,0.04
40170,0.3,0.86,37.15,29.5,0.03
40630,0.36,0.87,37.15,29.51,0.03
40710,0.32,0.87,37.15,29.51,0.04
40780,0.27,0.87,37.16,29.51,0.04
40830,0.34,0.88,37.16,29.51,0.05
40870,0.67,0.87,37.16,29.51,0.05
40890,0.3,0.87,37.16,29.51,0.05
41110,0.32,0.87,37.16,29.51,0.03
41120,0.29,0.87,37.16,29.51,0.03
41130,0.29,0.87,37.16,29.51,0.03
41160,0.29,0.88,37.16,29.51,0.03
41200,0.31,0.88,37.16,29.51,0.03
41290,0.41,0.89,37.16,29.52,0.04
41430,0.32,0.89,37.17,29.52,0.04
41560,0.31,0.88,37.17,29.52,0.05
41610,0.46,0.88,37.17,29.52,0.04
41630,0.83,0.88,37.17,29.52,0.04
41640,0.52,0.88,37.17,29.52,0.04
41680,0.33,0.88,37.17,29.52,0.04
45830,0.27,0.87,37.23,29.58,0.06
45860,0.32,0.87,37.23,29.58,0.06
45900,0.19,0.87,37.23,29.58,0.05
45910,0.23,0.87,37.23,29.58,0.05
45940,0.25,0.88,37.23,29.58,0.05
45980,0.24,0.88,37.23,29.58,0.04
46040,0.3,0.9,37.23,29.58,0.04
46130,0.34,0.9,37.24,29.58,0.04
46190,0.31,0.9,37.24,29.58,0.05
46350,0.32,0.94,37.24,29.58,0.05
46390,0.35,0.92,37.24,29.58,0.04
46400,0.33,0.92,37.24,29.58,0.04
46510,0.32,0.9,37.24,29.58,0.03
46590,0.26,0.88,37.24,29.59,0.05
46840,0.29,0.89,37.25,29.59,0.03
46890,0.25,0.89,37.25,29.59,0.03
46900,0.26,0.89,37.25,29.59,0.03
46960,0.24,0.89,37.25,29.59,0.04
47100,0.3,0.89,37.25,29.59,0.03
47120,0.32,0.89,37.25,29.59,0.03
47210,0.28,0.9,37.25,29.59,0.05
47250,0.29,0.91,37.25,29.59,0.04
47280,0.29,0.91,37.25,29.59,0.04
47310,0.27,0.9,37.25,29.59,0.04
47330,0.28,0.91,37.25,29.59,0.04
47470,0.35,0.94,37.25,29.59,0.05
47590,0.31,0.91,37.25,29.6,0.13
47740,0.38,0.9,37.26,29.6,0.07
47980,0.34,0.93,37.26,29.6,0.06
48030,0.45,0.93,37.26,29.6,0.06
48080,0.48,0.94,37.26,29.6,0.07
48530,0.33,0.91,37.27,29.61,0.04
48720,0.28,0.91,37.27,29.61,0.06
48790,0.33,0.92,37.27,29.61,0.08
48820,0.26,0.92,37.27,29.61,0.08
48840,0.29,0.93,37.27,29.61,0.1
48860,0.42,0.93,37.27,29.61,0.1
49060,0.31,0.91,37.28,29.62,0.05
49070,0.58,0.92,37.28,29.62,0.05
49090,0.27,0.9,37.28,29.62,0.09
49280,0.74,0.93,37.28,29.62,0.04
49420,0.48,0.9,37.28,29.62,0.07
49470,0.25,0.89,37.28,29.62,0.07
49480,0.23,0.89,37.28,29.62,0.07
49530,0.22,0.9,37.28,29.62,0.06
49560,0.21,0.89,37.28,29.62,0.03
49580,0.2,0.89,37.28,29.62,0.03
49630,0.31,0.89,37.28,29.62,0.03
49790,0.37,0.93,37.28,29.62,0.04
49880,0.3,0.92,37.29,29.63,0.08
49920,0.29,0.93,37.29,29.63,0.03
49950,0.29,0.94,37.29,29.63,0.03
49970,0.67,0.94,37.29,29.63,0.03
50160,0.24,0.92,37.29,29.63,0.04
50180,0.21,0.91,37.29,29.63,0.04
50240,0.19,0.9,37.29,29.63,0.03
50250,0.18,0.91,37.29,29.63,0.03
50330,0.44,0.93,37.29,29.63,0.04
50380,0.39,0.94,37.29,29.63,0.04
50510,0.33,0.93,37.29,29.63,0.04
50560,0.29,0.94,37.3,29.64,0.03
50580,0.3,0.94,37.3,29.64,0.04
50640,0.26,0.92,37.3,29.64,0.04
50910,0.26,0.92,37.3,29.64,0.04
50950,0.43,0.91,37.3,29.64,0.04
51110,0.32,0.9,37.3,29.64,0.04
51130,0.33,0.9,37.3,29.64,0.05
51240,0.22,0.9,37.3,29.65,0.04
51250,0.24,0.89,37.3,29.65,0.04
51260,0.21,0.89,37.3,29.65,0.04
51280,0.28,0.9,37.31,29.65,0.04
51290,0.36,0.91,37.31,29.65,0.04
51350,0.27,0.9,37.31,29.65,0.04
51400,0.77,0.9,37.31,29.65,0.04
51410,0.27,0.9,37.31,29.65,0.04
51490,0.25,0.9,37.31,29.65,0.03
51500,0.24,0.9,37.31,29.65,0.03
51530,0.24,0.9,37.31,29.65,0.03
51550,0.27,0.9,37.31,29.65,0.03
51560,0.23,0.9,37.31,29.65,0.03
51620,0.24,0.9,37.31,29.65,0.03
51660,0.23,0.89,37.31,29.65,0.04
51800,0.36,0.92,37.31,29.65,0.04
51870,0.33,0.92,37.32,29.65,0.05
51910,0.32,0.91,37.32,29.65,0.04
51960,0.26,0.91,37.32,29.65,0.04
51990,0.47,0.9,37.32,29.65,0.04
52030,0.27,0.91,37.32,29.65,0.05
52160,0.26,0.92,37.32,29.66,0.05
54050,0.29,0.92,37.35,29.68,0.04
54100,0.25,0.91,37.35,29.68,0.05
54150,0.24,0.92,37.35,29.68,0.05
54170,0.27,0.93,37.35,29.68,0.05
54210,0.39,0.93,37.35,29.68,0.06
54260,0.29,0.93,37.35,29.68,0.05
54350,0.31,0.95,37.35,29.68,0.07
54390,0.32,0.94,37.35,29.68,0.05
54530,0.32,0.93,37.36,29.69,0.04
54690,0.3,0.93,37.36,29.69,0.04
54730,0.29,0.92,37.36,29.69,0.04
54790,0.36,0.93,37.36,29.69,0.05
54800,0.31,0.93,37.36,29.69,0.05
54840,0.46,0.96,37.36,29.69,0.04
54940,0.29,0.93,37.36,29.69,0.05
55020,0.3,0.92,37.36,29.69,0.06
55140,0.34,0.94,37.36,29.69,0.05
55170,0.37,0.94,37.37,29.69,0.05
55500,0.38,0.95,37.37,29.7,0.05
55650,0.32,0.96,37.38,29.7,0.03
55710,0.42,0.96,37.38,29.7,0.04
55730,0.38,0.96,37.38,29.71,0.04
55890,0.36,0.97,37.38,29.71,0.04
56020,0.29,0.96,37.38,29.71,0.04
56030,0.32,0.96,37.38,29.71,0.04
56120,0.35,0.96,37.39,29.71,0.07
56190,0.31,0.95,37.39,29.71,0.06
56390,0.32,0.93,37.39,29.71,0.08
56420,0.31,0.93,37.39,29.71,0.04
56910,0.26,0.94,37.4,29.72,0.05
56920,0.32,0.94,37.4,29.72,0.05
56940,0.37,0.96,37.4,29.72,0.04
57020,0.38,0.97,37.4,29.72,0.06
57040,0.69,0.97,37.4,29.72,0.06
57070,0.39,0.97,37.4,29.72,0.26
57120,0.42,0.97,37.4,29.72,0.05
57250,0.35,0.95,37.4,29.72,0.05
57380,0.31,0.91,37.41,29.73,0.04
57610,0.38,0.92,37.41,29.73,0.06
57620,0.34,0.92,37.41,29.73,0.06
57820,0.25,0.92,37.41,29.73,0.04
57880,0.26,0.92,37.41,29.73,0.04
57970,0.3,0.93,37.41,29.73,0.09
58170,0.38,0.94,37.42,29.74,0.07
58200,0.37,0.95,37.42,29.74,0.06
58280,0.44,0.97,37.42,29.74,0.07
58290,0.42,0.96,37.42,29.74,0.07
58440,0.32,0.94,37.42,29.74,0.07
58690,0.49,0.96,37.43,29.74,0.06
58710,0.49,0.96,37.43,29.74,0.06
58760,0.35,0.94,37.43,29.74,0.05
58800,0.32,0.94,37.43,29.74,0.06
61650,0.35,0.93,37.48,29.78,0.07
61710,0.31,0.92,37.48,29.78,0.07
61720,0.45,0.92,37.48,29.78,0.07
61730,0.5,0.92,37.48,29.78,0.07
61770,0.47,0.91,37.48,29.78,0.05
61860,0.48,0.92,37.48,29.78,0.05
61880,0.47,0.92,37.48,29.78,0.05
61890,0.47,0.92,37.48,29.78,0.05
62040,0.48,0.92,37.49,29.79,0.04
62110,0.47,0.9,37.49,29.79,0.06
62130,0.46,0.9,37.49,29.79,0.06
62580,0.31,0.94,37.5,29.79,0.06
62620,0.32,0.94,37.5,29.79,0.06
62700,0.32,0.93,37.5,29.8,0.05
62790,0.29,0.92,37.5,29.8,0.04
62970,0.32,0.92,37.5,29.8,0.06
63010,0.32,0.92,37.5,29.8,0.06
63070,0.34,0.93,37.5,29.8,0.04
63140,0.26,0.92,37.5,29.8,0.07
63400,0.34,0.91,37.51,29.8,0.07
63410,0.37,0.91,37.51,29.8,0.07
63600,0.36,0.94,37.51,29.81,0.07
63860,0.39,0.95,37.52,29.81,0.06
63940,0.35,0.94,37.52,29.81,0.16
63980,0.47,0.94,37.52,29.81,0.15
64030,0.42,0.93,37.52,29.81,0.14
64080,0.39,0.93,37.52,29.81,0.1
64320,0.36,0.92,37.52,29.82,0.06
64590,0.24,0.92,37.53,29.82,0.06
64790,0.25,0.95,37.53,29.82,0.05
65050,0.28,0.94,37.53,29.82,0.05
65140,0.33,0.96,37.54,29.82,0.05
65160,0.36,0.96,37.54,29.82,0.04
65210,0.35,0.96,37.54,29.82,0.04
65450,0.35,0.9,37.54,29.83,0.06
65550,0.35,0.9,37.54,29.83,0.04
65570,0.37,0.89,37.54,29.83,0.04
65740,0.3,0.88,37.55,29.83,0.03
65780,0.28,0.88,37.55,29.83,0.04
65860,0.23,0.87,37.55,29.83,0.06
65880,0.24,0.87,37.55,29.83,0.04
65910,0.23,0.87,37.55,29.83,0.04
66030,0.26,0.88,37.55,29.83,0.04
66050,0.23,0.88,37.55,29.83,0.04
66150,0.25,0.88,37.55,29.84,0.03
66390,0.27,0.89,37.55,29.84,0.04
66440,0.32,0.89,37.56,29.84,0.04
66450,0.28,0.89,37.56,29.84,0.04
66490,0.29,0.89,37.56,29.84,0.04
66510,0.31,0.9,37.56,29.84,0.04
66540,0.29,0.89,37.56,29.84,0.04
66630,0.29,0.89,37.56,29.84,0.05
66710,0.32,0.9,37.56,29.84,0.04
66780,0.25,0.88,37.56,29.84,0.04
66800,0.27,0.88,37.56,29.84,0.04
66880,0.27,0.89,37.56,29.85,0.04
67820,0.34,0.87,37.57,29.86,0.03
67910,0.23,0.87,37.58,29.86,0.03
67970,0.28,0.88,37.58,29.86,0.04
68030,0.26,0.88,37.58,29.86,0.03
68040,0.25,0.88,37.58,29.86,0.04
68100,0.28,0.9,37.58,29.86,0.04
68200,0.25,0.9,37.58,29.86,0.04
68230,0.36,0.9,37.58,29.86,0.04
68420,0.24,0.9,37.58,29.86,0.03
68470,0.21,0.88,37.58,29.86,0.04
68530,0.24,0.87,37.58,29.86,0.05
68630,0.5,0.88,37.58,29.86,0.09
68750,0.46,0.9,37.59,29.87,0.13
68760,0.4,0.9,37.59,29.87,0.11
68830,0.38,0.89,37.59,29.87,0.11
68930,0.32,0.88,37.59,29.87,0.09
69010,0.28,0.88,37.59,29.87,0.07
69080,0.25,0.88,37.59,29.87,0.07
69600,0.25,0.91,37.6,29.87,0.05
69650,0.27,0.9,37.6,29.87,0.05
69750,0.37,0.91,37.6,29.88,0.07
69800,0.24,0.9,37.6,29.88,0.07
69870,0.25,0.91,37.6,29.88,0.05
69940,0.25,0.91,37.6,29.88,0.04
69990,0.22,0.91,37.6,29.88,0.04
70000,0.22,0.91,37.6,29.88,0.04
70010,0.21,0.91,37.6,29.88,0.04
70050,0.25,0.91,37.6,29.88,0.04
70140,0.26,0.91,37.61,29.88,0.06
70230,0.25,0.89,37.61,29.88,0.05
70290,0.27,0.9,37.61,29.88,0.04
70530,0.19,0.87,37.61,29.88,0.04
70550,0.17,0.88,37.61,29.88,0.04
70860,0.26,0.89,37.61,29.88,0.15
70970,0.29,0.9,37.62,29.89,0.08
71300,0.2,0.88,37.62,29.89,0.05
71560,0.23,0.89,37.62,29.89,0.04
71590,0.31,0.88,37.62,29.89,0.04
71640,0.16,0.88,37.62,29.89,0.04
71660,0.22,0.88,37.62,29.89,0.04
71750,0.3,0.91,37.62,29.89,0.04
71820,0.28,0.91,37.63,29.89,0.04
72070,0.27,0.9,37.63,29.9,0.06
72080,0.25,0.9,37.63,29.9,0.06
72210,0.28,0.9,37.63,29.9,0.05
72280,0.24,0.9,37.63,29.9,0.07
72330,0.26,0.9,37.63,29.9,0.05
72550,0.24,0.91,37.64,29.9,0.04
73000,0.3,0.93,37.65,29.91,0.04
73120,0.3,0.93,37.65,29.91,0.04
73480,0.4,0.92,37.65,29.91,0.04
73570,0.4,0.92,37.66,29.91,0.04
73700,0.26,0.92,37.66,29.91,0.05
73910,0.33,0.92,37.66,29.92,0.08
73940,0.35,0.91,37.66,29.92,0.07
73960,0.29,0.91,37.66,29.92,0.07
74080,0.31,0.91,37.66,29.92,0.06
74090,0.33,0.92,37.66,29.92,0.06
74110,0.37,0.92,37.66,29.92,0.07
74160,0.27,0.91,37.67,29.92,0.05
74180,0.39,0.92,37.67,29.92,0.05
74430,0.28,0.93,37.67,29.92,0.04
74650,0.41,0.92,37.67,29.92,0.04
74670,0.27,0.92,37.67,29.92,0.04
74750,0.24,0.92,37.67,29.92,0.05
74890,0.23,0.92,37.68,29.92,0.04
74940,0.29,0.93,37.68,29.92,0.05
74950,0.33,0.94,37.68,29.92,0.05
75020,0.22,0.92,37.68,29.93,0.06
75150,0.38,0.95,37.68,29.93,0.06
75170,0.41,0.96,37.68,29.93,0.06
75190,0.43,0.96,37.68,29.93,0.06
75280,0.34,0.96,37.68,29.93,0.05
75300,0.28,0.96,37.68,29.93,0.05
75430,0.42,0.95,37.69,29.93,0.05
75710,0.32,0.96,37.69,29.93,0.04
75760,0.35,0.97,37.69,29.94,0.04
75770,0.4,0.97,37.69,29.94,0.04
75800,0.37,0.96,37.69,29.94,0.06
75900,0.35,0.97,37.69,29.94,0.06
76260,0.28,0.91,37.7,29.94,0.04
76470,0.29,0.91,37.7,29.94,0.05
76510,0.34,0.91,37.7,29.94,0.05
76590,0.27,0.89,37.7,29.95,0.05
76740,0.39,0.88,37.71,29.95,0.06
77040,0.3,0.9,37.71,29.95,0.04
77280,0.27,0.94,37.71,29.95,0.05
77290,0.31,0.95,37.71,29.95,0.05
77500,0.32,0.95,37.72,29.96,0.08
77620,0.24,0.92,37.72,29.96,0.04
77730,0.28,0.9,37.72,29.96,0.04
77760,0.24,0.9,37.72,29.96,0.04
77820,0.27,0.89,37.72,29.96,0.05
77850,0.2,0.89,37.72,29.96,0.05
77910,0.19,0.89,37.72,29.96,0.05
77930,0.21,0.89,37.72,29.96,0.05
77960,0.21,0.89,37.72,29.96,0.04
78100,0.21,0.9,37.73,29.97,0.06
78120,0.2,0.89,37.73,29.97,0.04
78260,0.25,0.9,37.73,29.97,0.03
78380,0.23,0.89,37.73,29.98,0.04
78560,0.25,0.91,37.73,29.98,0.04
78570,0.25,0.92,37.73,29.98,0.04
78670,0.28,0.92,37.74,29.98,0.03
79020,0.24,0.89,37.74,29.98,0.03
79060,0.22,0.89,37.74,29.99,0.03
79110,0.33,0.89,37.74,29.99,0.04
79240,0.26,0.91,37.74,29.99,0.03
79250,0.25,0.9,37.74,29.99,0.03
79330,0.35,0.91,37.74,29.99,0.04
79430,0.65,0.93,37.75,29.99,0.04
79470,0.66,0.93,37.75,29.99,0.05
79580,0.55,0.93,37.75,29.99,0.05
79630,0.34,0.92,37.75,29.99,0.04
79660,0.34,0.92,37.75,29.99,0.04
79730,0.28,0.92,37.75,29.99,0.05
79770,0.28,0.93,37.75,29.99,0.04
79850,0.24,0.91,37.75,29.99,0.04
79940,0.24,0.93,37.76,29.99,0.03
80110,0.26,0.94,37.76,30.0,0.03
80170,0.34,0.95,37.76,30.0,0.04
80400,0.26,0.92,37.76,30.0,0.04
80440,0.27,0.92,37.76,30.0,0.04
80610,0.3,0.9,37.77,30.0,0.04
80830,0.22,0.92,37.77,30.0,0.03
80930,0.23,0.91,37.77,30.0,0.04
81210,0.28,0.91,37.77,30.01,0.04
81230,0.24,0.91,37.77,30.01,0.04
81340,0.23,0.91,37.77,30.01,0.04
81610,0.23,0.91,37.78,30.01,0.03
81760,0.21,0.91,37.78,30.01,0.03
81810,0.18,0.91,37.78,30.01,0.04
81870,0.19,0.91,37.78,30.01,0.03
82050,0.18,0.91,37.78,30.01,0.04
82060,0.24,0.92,37.78,30.01,0.04
82090,0.22,0.92,37.78,30.01,0.04
82110,0.2,0.92,37.78,30.01,0.04
82120,0.21,0.92,37.78,30.01,0.04
82280,0.22,0.91,37.78,30.02,0.03
82330,0.17,0.91,37.78,30.02,0.03
82340,0.17,0.91,37.78,30.02,0.03
82360,0.2,0.91,37.78,30.02,0.03
82660,0.26,0.96,37.79,30.02,0.03
82760,0.27,0.97,37.79,30.02,0.04
82790,0.2,0.93,37.79,30.02,0.04
82860,0.21,0.93,37.79,30.02,0.03
83020,0.25,0.94,37.79,30.02,0.03
83090,0.29,0.94,37.79,30.02,0.04
83170,0.26,0.93,37.79,30.02,0.03
83200,0.23,0.93,37.79,30.02,0.03
83210,0.2,0.93,37.8,30.02,0.03
83240,0.22,0.93,37.8,30.02,0.03
83310,0.21,0.93,37.8,30.03,0.03
83340,0.28,0.93,37.8,30.03,0.04
83410,0.28,0.93,37.8,30.03,0.04
83470,0.21,0.92,37.8,30.03,0.04
83580,0.22,0.91,37.8,30.03,0.04
83710,0.28,0.93,37.8,30.03,0.03
83910,0.23,0.92,37.8,30.03,0.03
84070,0.25,0.92,37.81,30.03,0.04
84580,0.17,0.92,37.81,30.04,0.03
84600,0.18,0.92,37.81,30.04,0.03
84650,0.23,0.93,37.81,30.04,0.03
84710,0.21,0.93,37.81,30.04,0.03
84790,0.19,0.91,37.81,30.04,0.03
84890,0.21,0.92,37.81,30.04,0.05
84910,0.23,0.92,37.81,30.04,0.03
84920,0.22,0.92,37.81,30.04,0.03
84960,0.21,0.93,37.81,30.04,0.04
85150,0.18,0.92,37.81,30.04,0.03
85210,0.21,0.92,37.82,30.04,0.03
86430,0.27,0.95,37.83,30.05,0.04
86600,0.21,0.95,37.83,30.05,0.05
86680,0.18,0.94,37.83,30.06,0.04
86980,0.43,0.95,37.84,30.06,0.07
87000,0.42,0.95,37.84,30.06,0.1
87080,0.45,0.96,37.84,30.07,0.04
87130,0.34,0.85,37.84,30.07,0.04
87170,0.31,0.85,37.84,30.07,0.04
87280,0.42,0.79,37.85,30.07,0.06
87310,0.61,0.8,37.85,30.07,0.12
87490,0.38,0.83,37.85,30.08,0.08
87520,0.4,0.84,37.85,30.08,0.08
87570,0.39,0.8,37.85,30.08,0.04
87600,0.39,0.81,37.85,30.08,0.19
87630,0.38,0.8,37.85,30.08,0.19
87700,0.32,0.79,37.85,30.08,0.05
88170,0.25,0.82,37.86,30.09,0.03
88200,0.3,0.83,37.86,30.09,0.03
88230,0.31,0.83,37.86,30.09,0.03
88240,0.33,0.83,37.86,30.09,0.03
88280,0.31,0.83,37.86,30.09,0.04
88470,0.26,0.78,37.87,30.09,0.04
88490,0.25,0.78,37.87,30.09,0.04
88500,0.23,0.78,37.87,30.09,0.04
88680,0.27,0.79,37.87,30.09,0.03
88690,0.29,0.8,37.87,30.09,0.03
88810,0.28,0.81,37.87,30.09,0.03
88850,0.28,0.82,37.87,30.09,0.03
88980,0.23,0.79,37.87,30.09,0.03
89000,0.26,0.78,37.87,30.09,0.03
89150,0.25,0.78,37.87,30.1,0.11
89170,0.27,0.79,37.87,30.1,0.03
89220,0.27,0.79,37.87,30.1,0.03
89240,0.28,0.79,37.87,30.1,0.03
89350,0.58,0.82,37.88,30.1,0.16
89370,0.3,0.81,37.88,30.1,0.16
89430,0.23,0.8,37.88,30.1,0.13
89510,0.24,0.8,37.88,30.1,0.03
89540,0.2,0.77,37.88,30.1,0.05
89560,0.28,0.77,37.88,30.1,0.05
89580,0.21,0.77,37.88,30.1,0.05
89610,0.27,0.78,37.88,30.1,0.05
89680,0.25,0.79,37.88,30.1,0.05
89720,0.27,0.8,37.88,30.1,0.05
89820,0.27,0.8,37.88,30.1,0.03
89850,0.22,0.8,37.88,30.1,0.03
89920,0.22,0.81,37.88,30.1,0.03
89940,0.31,0.81,37.88,30.1,0.03
90050,0.37,0.84,37.88,30.1,0.03
90060,0.4,0.85,37.88,30.1,0.04
90140,0.37,0.85,37.89,30.1,0.06
90150,0.38,0.86,37.89,30.1,0.06
90250,0.39,0.86,37.89,30.11,0.05
90290,0.36,0.86,37.89,30.11,0.05
90360,0.45,0.85,37.89,30.11,0.05
90370,0.43,0.84,37.89,30.11,0.05
90570,0.21,0.8,37.89,30.11,0.07
90630,0.23,0.8,37.89,30.11,0.04
90650,0.23,0.8,37.89,30.11,0.04
90780,0.28,0.82,37.9,30.11,0.04
90950,0.3,0.84,37.9,30.11,0.05
90960,0.36,0.84,37.9,30.11,0.05
91130,0.36,0.85,37.9,30.12,0.06
92150,0.32,0.89,37.91,30.13,0.05
92200,0.36,0.89,37.91,30.13,0.06
92230,0.32,0.88,37.91,30.13,0.04
92450,0.41,0.9,37.92,30.13,0.05
92500,0.38,0.89,37.92,30.13,0.05
92580,0.29,0.85,37.92,30.13,0.03
92640,0.28,0.84,37.92,30.13,0.04
92920,0.28,0.88,37.93,30.14,0.04
92970,0.29,0.89,37.93,30.14,0.03
93070,0.27,0.91,37.93,30.14,0.05
93090,0.28,0.91,37.93,30.14,0.05
93130,0.27,0.9,37.93,30.14,0.03
93210,0.28,0.9,37.93,30.14,0.03
93400,0.34,0.89,37.93,30.14,0.04
93490,0.38,0.88,37.94,30.14,0.04
93790,0.44,0.83,37.94,30.15,0.07
93860,0.42,0.84,37.94,30.15,0.06
93880,0.35,0.84,37.94,30.15,0.06
94020,0.29,0.84,37.95,30.15,0.05
94050,0.3,0.84,37.95,30.15,0.05
94140,0.32,0.85,37.95,30.15,0.04
94170,0.32,0.85,37.95,30.15,0.04
94190,0.33,0.84,37.95,30.15,0.04
94230,0.3,0.83,37.95,30.15,0.03
94530,0.39,0.85,37.96,30.16,0.04
94640,0.45,0.87,37.96,30.16,0.05
94960,0.34,0.87,37.96,30.16,0.05
95010,0.32,0.88,37.96,30.16,0.06
95220,0.31,0.89,37.97,30.17,0.07
95350,0.42,0.92,37.97,30.17,0.07
95550,0.5,0.96,37.97,30.17,0.04
95630,0.39,0.94,37.97,30.17,0.04
95860,0.34,0.91,37.98,30.17,0.04
96110,0.38,0.9,37.98,30.18,0.04
96120,0.36,0.88,37.98,30.18,0.05
96140,0.35,0.89,37.98,30.18,0.05
96220,0.52,0.87,37.98,30.18,0.06
96270,0.42,0.88,37.99,30.18,0.04
96310,0.46,0.89,37.99,30.18,0.05
96450,0.35,0.87,37.99,30.18,0.04
96640,0.41,0.89,37.99,30.18,0.06
96850,0.33,0.85,38.0,30.18,0.05
96940,0.3,0.84,38.0,30.19,0.05
97040,0.31,0.85,38.0,30.19,0.03
97050,0.31,0.85,38.0,30.19,0.03
97240,0.41,0.89,38.0,30.19,0.03
97250,0.37,0.88,38.0,30.19,0.03
97290,0.3,0.87,38.01,30.19,0.06
97370,0.38,0.9,38.01,30.19,0.05
97700,0.33,0.88,38.01,30.19,0.05
97750,0.36,0.87,38.01,30.2,0.06
97760,0.32,0.87,38.01,30.2,0.06
97810,0.4,0.89,38.02,30.2,0.04
97840,0.38,0.9,38.02,30.2,0.04
97910,0.34,0.89,38.02,30.2,0.05
98050,0.38,0.87,38.02,30.2,0.04
98140,0.31,0.87,38.02,30.2,0.03
98150,0.3,0.87,38.02,30.2,0.03
98210,0.34,0.87,38.03,30.2,0.03
98320,0.34,0.86,38.03,30.2,0.03
98380,0.41,0.87,38.03,30.2,0.05
98400,0.36,0.87,38.03,30.2,0.04
98450,0.36,0.84,38.03,30.2,0.04
98600,0.27,0.84,38.04,30.2,0.05
98760,0.38,0.87,38.04,30.21,0.06
98810,0.4,0.89,38.04,30.21,0.06
99040,0.4,0.91,38.05,30.21,0.06
99330,0.31,0.87,38.05,30.21,0.04
99370,0.32,0.87,38.05,30.21,0.08
99460,0.33,0.87,38.06,30.21,0.08
99480,0.3,0.86,38.06,30.21,0.06
99550,0.33,0.86,38.06,30.22,0.09
99770,0.44,0.89,38.06,30.22,0.09
100060,0.38,0.88,38.07,30.22,0.07
100100,0.33,0.87,38.07,30.22,0.07
100140,0.34,0.86,38.07,30.22,0.06
100170,0.37,0.88,38.07,30.22,0.06
100410,0.31,0.88,38.08,30.23,0.05
100480,0.3,0.87,38.08,30.23,0.05
100490,0.29,0.87,38.08,30.23,0.05
100510,0.39,0.86,38.08,30.23,0.05
100610,0.29,0.88,38.08,30.23,0.05
100630,0.33,0.88,38.08,30.23,0.05
100640,0.31,0.87,38.08,30.23,0.05
100690,0.42,0.85,38.08,30.23,0.04
100790,0.31,0.86,38.09,30.23,0.05
100990,0.37,0.89,38.09,30.23,0.08
101040,0.35,0.89,38.09,30.23,0.1
101060,0.43,0.9,38.09,30.23,0.1
101270,0.37,0.89,38.1,30.24,0.08
101340,0.39,0.88,38.1,30.24,0.07
101390,0.41,0.88,38.1,30.24,0.07
101440,0.41,0.89,38.1,30.24,0.07
101470,0.4,0.89,38.1,30.24,0.07
101720,0.34,0.89,38.11,30.24,0.07
101820,0.38,0.88,38.11,30.25,0.1
101860,0.45,0.88,38.11,30.25,0.1
101880,0.42,0.88,38.11,30.25,0.13
101950,0.4,0.88,38.11,30.25,0.1
102030,0.28,0.88,38.11,30.25,0.05
102310,0.34,0.91,38.12,30.25,0.05
102480,0.36,0.9,38.12,30.25,0.11
102490,0.37,0.89,38.12,30.25,0.11
102560,0.53,0.95,38.13,30.25,0.07
102750,0.37,0.9,38.13,30.26,0.06
102890,0.35,0.9,38.13,30.26,0.06
102920,0.34,0.89,38.13,30.26,0.06
102950,0.36,0.89,38.13,30.26,0.06
103000,0.39,0.9,38.13,30.26,0.05
103170,0.31,0.88,38.14,30.26,0.06
103220,0.36,0.89,38.14,30.26,0.07
103270,0.32,0.87,38.14,30.26,0.06
103320,0.29,0.87,38.14,30.26,0.04
103430,0.29,0.87,38.14,30.27,0.1
103620,0.53,0.92,38.15,30.27,0.06
103690,0.51,0.91,38.15,30.27,0.06
103790,0.43,0.9,38.15,30.27,0.18
103800,0.4,0.9,38.15,30.27,0.1
103860,0.4,0.9,38.15,30.27,0.09
103920,0.47,0.93,38.16,30.28,0.07
103950,0.29,0.87,38.16,30.28,0.07
103960,0.26,0.86,38.16,30.28,0.07
103980,0.25,0.87,38.16,30.28,0.13
104150,0.31,0.89,38.16,30.28,0.16
104220,0.26,0.89,38.16,30.28,0.09
104240,0.27,0.9,38.16,30.28,0.09
104350,0.36,0.9,38.16,30.28,0.12
104560,0.37,0.9,38.17,30.29,0.09
104600,0.42,0.92,38.17,30.29,0.13
104860,0.36,0.89,38.17,30.29,0.28
105170,0.54,0.9,38.18,30.3,0.09
105200,0.5,0.9,38.18,30.3,0.13
105400,0.41,0.87,38.19,30.3,0.08
105430,0.49,0.88,38.19,30.3,0.05
105470,0.55,0.89,38.19,30.3,0.05
105490,0.59,0.9,38.2,30.3,0.08
105500,0.56,0.9,38.2,30.3,0.08
105620,0.57,0.9,38.2,30.31,0.05
105730,0.51,0.88,38.2,30.31,0.08
105860,0.34,0.88,38.2,30.31,0.08
105870,0.34,0.89,38.2,30.31,0.08
105980,0.41,0.89,38.21,30.31,0.06
105990,0.37,0.89,38.21,30.31,0.06
106100,0.5,0.92,38.21,30.31,0.05
106110,0.53,0.91,38.21,30.31,0.05
106180,0.5,0.91,38.21,30.31,0.07
106300,0.39,0.89,38.21,30.32,0.06
106710,0.64,0.94,38.23,30.32,0.12
106790,0.58,0.96,38.23,30.32,0.11
106830,0.6,0.95,38.23,30.33,0.24
106910,0.51,0.92,38.23,30.33,0.31
107000,0.49,0.9,38.24,30.33,0.22
107070,0.47,0.91,38.24,30.33,0.17
107110,0.5,0.92,38.24,30.33,0.14
107420,0.59,0.94,38.25,30.34,0.08
107700,0.46,0.92,38.25,30.34,0.04
107750,0.59,0.9,38.26,30.34,0.04
107840,0.5,0.9,38.26,30.34,0.14
107930,0.85,0.97,38.26,30.35,0.07
107990,0.78,0.94,38.26,30.35,0.08
108050,0.79,0.95,38.27,30.35,0.07
108110,0.79,0.94,38.27,30.35,0.07
108200,0.69,0.93,38.28,30.35,0.06
108470,0.76,0.92,38.29,30.35,0.12
108620,0.79,0.94,38.3,30.36,0.13
108670,0.76,0.93,38.3,30.36,0.15
108800,0.63,0.91,38.3,30.36,0.11
108870,0.65,0.91,38.31,30.36,0.13
108970,0.7,0.94,38.31,30.36,0.17
108990,0.66,0.95,38.31,30.36,0.17
109080,0.68,0.94,38.31,30.36,0.11
109420,0.54,0.9,38.32,30.37,0.08
109430,0.55,0.91,38.32,30.37,0.08
109530,0.55,0.92,38.33,30.37,0.08
109660,0.63,0.93,38.33,30.37,0.07
109680,0.59,0.92,38.33,30.37,0.06
109740,0.64,0.92,38.33,30.38,0.09
109760,0.63,0.91,38.33,30.38,0.09
110180,0.74,0.94,38.35,30.38,0.07
110200,0.8,0.94,38.35,30.39,0.07
110390,0.68,0.96,38.35,30.39,0.09
110490,0.48,0.94,38.36,30.39,0.06
110640,0.49,0.95,38.36,30.39,0.11
110670,0.57,0.95,38.36,30.39,0.11
110680,0.49,0.96,38.36,30.39,0.11
110690,0.51,0.93,38.36,30.39,0.11
110780,0.54,0.93,38.36,30.39,0.12
111030,0.56,0.95,38.37,30.4,0.17
111130,0.61,0.94,38.37,30.4,0.09
111270,0.61,0.95,38.38,30.4,0.18
111280,0.59,0.94,38.38,30.4,0.18
111430,0.6,0.96,38.38,30.41,0.16
111610,0.61,0.91,38.39,30.41,0.13
111660,0.63,0.92,38.39,30.41,0.14
111700,0.61,0.92,38.39,30.41,0.14
111790,0.6,0.94,38.39,30.41,0.1
111940,0.64,0.96,38.4,30.42,0.07
112030,0.55,0.94,38.4,30.42,0.07
112050,0.47,0.93,38.4,30.42,0.07
112160,0.55,0.93,38.4,30.42,0.1
112290,0.44,0.91,38.41,30.42,0.05
112300,0.41,0.89,38.41,30.42,0.05
112310,0.45,0.89,38.41,30.42,0.05
112570,0.68,0.9,38.41,30.43,0.12
112790,0.5,0.9,38.42,30.43,0.22
112810,0.59,0.9,38.42,30.43,0.07
112850,0.55,0.91,38.42,30.43,0.07
112900,0.48,0.9,38.42,30.44,0.11
112950,0.5,0.89,38.42,30.44,0.11
113110,0.37,0.83,38.43,30.44,0.05
113240,0.36,0.84,38.43,30.44,0.18
113590,0.38,0.83,38.43,30.45,0.08
113650,0.43,0.88,38.44,30.45,0.08
113720,0.42,0.9,38.44,30.45,0.06
113750,0.44,0.9,38.44,30.45,0.06
113790,0.44,0.9,38.44,30.45,0.06
113820,0.45,0.92,38.44,30.45,0.05
113880,0.45,0.94,38.44,30.45,0.09
113960,0.45,0.94,38.44,30.45,0.06
114080,0.47,0.9,38.45,30.46,0.07
114160,0.41,0.88,38.45,30.46,0.06
114260,0.4,0.87,38.45,30.46,0.09
114360,0.37,0.84,38.45,30.46,0.1
114420,0.39,0.84,38.45,30.46,0.11
114430,0.43,0.84,38.45,30.46,0.11
114460,0.33,0.83,38.45,30.46,0.11
114830,0.57,0.9,38.46,30.47,0.11
114850,0.58,0.89,38.46,30.47,0.08
114970,0.46,0.9,38.47,30.47,0.11
115020,0.53,0.9,38.47,30.47,0.04
115040,0.53,0.88,38.47,30.47,0.04
115110,0.55,0.88,38.47,30.47,0.06
115900,0.61,0.86,38.49,30.49,0.1
116020,0.43,0.86,38.49,30.49,0.06
116050,0.43,0.86,38.49,30.49,0.06
116080,0.41,0.87,38.49,30.49,0.06
116120,0.39,0.86,38.49,30.49,0.04
116250,0.4,0.87,38.5,30.49,0.06
116550,0.47,0.87,38.5,30.5,0.05
116580,0.45,0.88,38.5,30.5,0.07
116600,0.46,0.89,38.5,30.5,0.07
116840,0.44,0.88,38.51,30.5,0.05
116940,0.43,0.89,38.51,30.5,0.06
116970,0.46,0.89,38.51,30.5,0.06
117010,0.44,0.88,38.51,30.5,0.05
117030,0.46,0.89,38.51,30.5,0.05
117210,0.38,0.86,38.51,30.51,0.04
117280,0.41,0.86,38.51,30.51,0.04
117320,0.39,0.87,38.51,30.51,0.05
117330,0.42,0.86,38.52,30.51,0.05
117370,0.51,0.9,38.52,30.51,0.06
117420,0.55,0.95,38.52,30.51,0.06
117560,0.4,0.94,38.52,30.51,0.05
117690,0.5,0.95,38.52,30.52,0.06
117700,0.46,0.95,38.52,30.52,0.06
117920,0.47,0.94,38.53,30.52,0.05
117940,0.45,0.94,38.53,30.52,0.05
117950,0.5,0.95,38.53,30.52,0.05
117970,0.48,0.95,38.53,30.53,0.06
118490,0.58,0.93,38.54,30.54,0.05
118530,0.52,0.94,38.54,30.54,0.08
118650,0.49,0.96,38.54,30.54,0.03
118660,0.47,0.95,38.54,30.54,0.03
118980,0.6,0.95,38.55,30.54,0.06
119000,0.62,0.96,38.55,30.55,0.06
119020,0.63,0.97,38.55,30.55,0.06
119330,0.46,0.93,38.56,30.55,0.05
119420,0.58,0.9,38.57,30.56,0.07
119530,0.47,0.89,38.57,30.56,0.06
119550,0.55,0.9,38.57,30.56,0.06
119590,0.49,0.88,38.57,30.56,0.05
119790,0.53,0.88,38.58,30.57,0.05
119830,0.52,0.88,38.58,30.57,0.06
119890,0.51,0.87,38.58,30.57,0.07
120220,0.41,0.87,38.59,30.58,0.08
120440,0.45,0.88,38.59,30.58,0.04
120500,0.46,0.86,38.59,30.58,0.04
120540,0.44,0.86,38.59,30.58,0.04
120630,0.48,0.88,38.6,30.58,0.04
120650,0.51,0.89,38.6,30.58,0.04
120780,0.37,0.85,38.6,30.59,0.05
120870,0.4,0.86,38.6,30.59,0.04
121010,0.35,0.87,38.61,30.59,0.07
121040,0.38,0.88,38.61,30.59,0.03
121060,0.38,0.88,38.61,30.59,0.03
121120,0.4,0.89,38.61,30.59,0.04
121140,0.42,0.88,38.61,30.6,0.11
121160,0.4,0.87,38.61,30.6,0.11
121170,0.34,0.86,38.61,30.6,0.11
121330,0.5,0.86,38.61,30.6,0.07
121560,0.39,0.85,38.62,30.6,0.1
121630,0.38,0.85,38.62,30.6,0.05
121860,0.47,0.87,38.62,30.61,0.06
121990,0.31,0.85,38.63,30.61,0.04
122030,0.32,0.84,38.63,30.61,0.04
122080,0.32,0.83,38.63,30.61,0.04
122140,0.29,0.83,38.63,30.61,0.04
122150,0.29,0.83,38.63,30.61,0.04
122170,0.31,0.83,38.63,30.61,0.04
122320,0.29,0.85,38.64,30.62,0.04
122370,0.31,0.85,38.64,30.62,0.03
122460,0.42,0.87,38.64,30.62,0.04
122480,0.4,0.87,38.64,30.62,0.04
122490,0.38,0.88,38.64,30.62,0.04
122590,0.44,0.88,38.64,30.63,0.05
122940,0.37,0.88,38.65,30.63,0.15
123070,0.61,0.86,38.66,30.64,0.06
123190,0.33,0.85,38.66,30.64,0.05
123230,0.33,0.85,38.66,30.64,0.05
123410,0.33,0.85,38.66,30.64,0.05
123490,0.33,0.85,38.67,30.65,0.05
123520,0.32,0.85,38.67,30.65,0.05
123570,0.38,0.86,38.67,30.65,0.04
123680,0.39,0.89,38.67,30.65,0.05
126880,0.37,0.9,38.75,30.72,0.05
126960,0.58,0.9,38.75,30.73,0.06
126980,0.59,0.9,38.75,30.73,0.06
127030,0.56,0.9,38.75,30.73,0.06
127100,0.56,0.89,38.76,30.73,0.07
127580,0.39,0.9,38.77,30.74,0.14
127600,0.42,0.9,38.77,30.74,0.14
127670,0.31,0.91,38.77,30.75,0.17
127680,0.32,0.9,38.77,30.75,0.11
127850,0.33,0.9,38.77,30.75,0.05
127870,0.32,0.9,38.77,30.75,0.05
127920,0.52,0.91,38.78,30.75,0.05
128070,0.64,0.93,38.78,30.76,0.12
128120,0.37,0.89,38.78,30.76,0.17
128420,0.4,0.89,38.79,30.76,0.07
128460,0.35,0.9,38.79,30.76,0.04
128480,0.33,0.9,38.79,30.76,0.04
128570,0.35,0.91,38.79,30.77,0.09
128580,0.35,0.91,38.79,30.77,0.05
128620,0.33,0.9,38.79,30.77,0.05
128660,0.36,0.9,38.79,30.77,0.37
128670,0.39,0.91,38.79,30.77,0.37
128700,0.46,0.93,38.79,30.77,0.3
128820,0.37,0.92,38.8,30.77,0.16
128840,0.36,0.91,38.8,30.77,0.16
128980,0.35,0.87,38.8,30.78,0.06
129120,0.31,0.87,38.8,30.78,0.07
129180,0.36,0.88,38.8,30.78,0.08
129230,0.55,0.88,38.8,30.78,0.08
129290,0.69,0.89,38.8,30.78,0.15
129360,0.64,0.89,38.81,30.78,0.18
129400,0.59,0.9,38.81,30.78,0.18
130420,0.33,0.85,38.82,30.8,0.05
130490,0.3,0.85,38.82,30.8,0.04
130550,0.32,0.84,38.82,30.8,0.04
130560,0.33,0.84,38.82,30.8,0.04
130600,0.36,0.86,38.82,30.81,0.04
130610,0.38,0.86,38.83,30.81,0.04
130710,0.36,0.85,38.83,30.81,0.05
130860,0.34,0.85,38.83,30.81,0.06
130910,0.34,0.86,38.83,30.81,0.06
131030,0.36,0.84,38.83,30.81,0.05
131090,0.38,0.85,38.83,30.81,0.04
131130,0.35,0.85,38.83,30.81,0.05
131200,0.35,0.85,38.84,30.81,0.07
131250,0.35,0.86,38.84,30.81,0.28
131350,0.37,0.87,38.84,30.82,0.16
131680,0.49,0.84,38.84,30.82,0.07
131750,0.35,0.84,38.84,30.82,0.05
131770,0.37,0.85,38.84,30.82,0.08
131790,0.36,0.85,38.84,30.82,0.08
131860,0.35,0.84,38.85,30.82,0.05
131940,0.33,0.85,38.85,30.82,0.04
131950,0.33,0.85,38.85,30.82,0.04
132000,0.33,0.85,38.85,30.82,0.04
132120,0.32,0.85,38.85,30.83,0.06
132130,0.34,0.85,38.85,30.83,0.06
132140,0.36,0.85,38.85,30.83,0.06
132210,0.33,0.85,38.85,30.83,0.07
132330,0.41,0.88,38.85,30.83,0.07
132360,0.42,0.89,38.85,30.83,0.07
132370,0.42,0.88,38.85,30.83,0.07
132390,0.4,0.89,38.85,30.83,0.07
132410,0.38,0.88,38.85,30.83,0.07
132510,0.36,0.89,38.85,30.83,0.09
132580,0.33,0.88,38.86,30.83,0.06
132690,0.33,0.87,38.86,30.83,0.15
132730,0.29,0.85,38.86,30.83,0.07
132750,0.27,0.85,38.86,30.83,0.07
132840,0.34,0.88,38.86,30.83,0.08
132950,0.33,0.85,38.86,30.84,0.07
132960,0.36,0.85,38.86,30.84,0.05
133100,0.36,0.87,38.86,30.84,0.07
133200,0.33,0.86,38.86,30.84,0.05
133210,0.35,0.86,38.86,30.84,0.05
133350,0.29,0.85,38.87,30.84,0.04
133690,0.37,0.87,38.87,30.85,0.04
133760,0.34,0.88,38.87,30.85,0.08
133810,0.51,0.87,38.87,30.85,0.05
133870,0.36,0.87,38.88,30.85,0.05
133960,0.32,0.88,38.88,30.85,0.07
134020,0.29,0.88,38.88,30.85,0.05
134040,0.3,0.88,38.88,30.85,0.06
134070,0.3,0.86,38.88,30.85,0.06
134110,0.43,0.88,38.88,30.85,0.06
134290,0.37,0.89,38.88,30.85,0.07
134390,0.3,0.88,38.88,30.86,0.07
134470,0.36,0.88,38.89,30.86,0.05
134510,0.42,0.88,38.89,30.86,0.05
134630,0.35,0.88,38.89,30.86,0.1
134660,0.32,0.88,38.89,30.86,0.04
134730,0.33,0.87,38.89,30.86,0.06
134740,0.31,0.88,38.89,30.86,0.06
134790,0.31,0.88,38.89,30.86,0.04
134910,0.3,0.87,38.89,30.86,0.03
135020,0.3,0.87,38.89,30.86,0.08
135060,0.29,0.87,38.89,30.86,0.09
135240,0.3,0.88,38.9,30.87,0.05
135400,0.52,0.88,38.9,30.87,0.08
135440,0.48,0.89,38.9,30.87,0.11
135510,0.44,0.89,38.9,30.87,0.06
135530,0.43,0.89,38.9,30.87,0.06
135550,0.41,0.88,38.9,30.87,0.06
135670,0.31,0.88,38.9,30.87,0.05
135730,0.31,0.88,38.91,30.88,0.05
136100,0.3,0.87,38.91,30.88,0.05
136150,0.23,0.87,38.91,30.88,0.06
136380,0.3,0.89,38.92,30.88,0.03
136620,0.39,0.9,38.92,30.89,0.05
136950,0.39,0.94,38.93,30.89,0.07
137000,0.41,0.94,38.93,30.89,0.06
137060,0.46,0.95,38.93,30.89,0.07
137220,0.35,0.93,38.93,30.89,0.06
137280,0.39,0.92,38.93,30.89,0.05
137300,0.3,0.92,38.93,30.89,0.05
137350,0.31,0.91,38.93,30.9,0.05
137430,0.33,0.92,38.93,30.9,0.08
137500,0.38,0.92,38.94,30.9,0.13
137510,0.35,0.92,38.94,30.9,0.13
137610,0.37,0.91,38.94,30.9,0.06
137640,0.48,0.92,38.94,30.9,0.06
137690,0.33,0.9,38.94,30.9,0.06
137730,0.39,0.89,38.94,30.9,0.07
137780,0.33,0.89,38.94,30.9,0.05
137810,0.34,0.89,38.94,30.9,0.05
137850,0.32,0.89,38.94,30.9,0.06
137870,0.33,0.91,38.94,30.9,0.06
137930,0.36,0.89,38.94,30.9,0.05
137990,0.39,0.9,38.95,30.9,0.05
138020,0.38,0.9,38.95,30.9,0.06
138030,0.43,0.9,38.95,30.91,0.06
138040,0.42,0.91,38.95,30.91,0.06
138180,0.38,0.87,38.95,30.91,0.03
138190,0.44,0.86,38.95,30.91,0.03
138250,0.31,0.86,38.95,30.91,0.05
138350,0.35,0.87,38.95,30.91,0.07
138390,0.26,0.86,38.95,30.91,0.04
138560,0.31,0.87,38.95,30.91,0.06
138600,0.34,0.88,38.95,30.91,0.06
139100,0.34,0.87,38.96,30.92,0.09
139270,0.34,0.87,38.96,30.92,0.08
139280,0.34,0.87,38.96,30.92,0.08
139400,0.25,0.85,38.97,30.92,0.07
139450,0.42,0.86,38.97,30.92,0.07
139470,0.29,0.86,38.97,30.92,0.07
139550,0.3,0.87,38.97,30.92,0.08
139560,0.3,0.86,38.97,30.92,0.07
139580,0.32,0.87,38.97,30.92,0.07
139770,0.29,0.87,38.97,30.93,0.05
139870,0.42,0.9,38.97,30.93,0.06
139880,0.42,0.9,38.97,30.93,0.06
139890,0.47,0.9,38.97,30.93,0.06
140000,0.27,0.87,38.98,30.93,0.08
140140,0.32,0.88,38.98,30.93,0.07
140240,0.35,0.89,38.98,30.93,0.09
140360,0.3,0.87,38.98,30.93,0.05
140420,0.46,0.87,38.98,30.93,0.05
140530,0.45,0.86,38.98,30.93,0.05
140560,0.49,0.87,38.98,30.93,0.05
140600,0.51,0.87,38.98,30.93,0.04
140620,0.52,0.87,38.98,30.93,0.04
140720,0.53,0.87,38.98,30.94,0.07
140780,0.48,0.89,38.99,30.94,0.08
141170,0.53,0.89,38.99,30.94,0.06
141210,0.33,0.89,38.99,30.94,0.07
160650,0.29,0.93,39.32,31.18,0.05
160700,0.35,0.95,39.32,31.18,0.1
160830,0.32,0.93,39.33,31.19,0.05
161690,0.34,0.92,39.35,31.2,0.11
161720,0.34,0.93,39.35,31.2,0.07
161760,0.3,0.92,39.35,31.2,0.06
161920,0.29,0.9,39.36,31.21,0.1
162020,0.33,0.91,39.36,31.21,0.14
162090,0.36,0.91,39.36,31.21,0.35
162170,0.43,0.92,39.36,31.21,0.68
162370,0.39,0.91,39.37,31.22,0.1
162490,0.39,0.9,39.37,31.22,0.06
162500,0.39,0.9,39.37,31.22,0.06
162620,0.42,0.91,39.38,31.22,0.23
162720,0.33,0.91,39.38,31.22,0.21
162870,0.35,0.91,39.38,31.23,0.15
162890,0.34,0.91,39.38,31.23,0.15
162950,0.45,0.93,39.38,31.23,0.19
163060,0.48,0.96,39.39,31.23,0.14
163090,0.53,0.97,39.39,31.23,0.23
163150,0.48,0.96,39.39,31.23,0.22
163290,0.35,0.93,39.39,31.23,0.17
163420,0.7,0.93,39.4,31.24,0.4
163440,0.69,0.92,39.4,31.24,0.2
163680,0.41,0.94,39.4,31.24,0.29
163690,0.41,0.94,39.4,31.24,0.29
163730,0.37,0.94,39.4,31.24,0.29
163810,0.51,0.96,39.41,31.24,0.19
163840,0.34,0.95,39.41,31.24,0.19
163880,0.36,0.96,39.41,31.24,0.12
164010,0.31,0.94,39.41,31.25,0.08
164190,0.29,0.93,39.41,31.25,0.05
164210,0.25,0.93,39.41,31.25,0.05
164340,0.27,0.93,39.41,31.25,0.05
164560,0.39,0.94,39.42,31.25,0.12
164670,0.29,0.93,39.42,31.26,0.07
164710,0.25,0.94,39.42,31.26,0.06
164750,0.35,0.95,39.42,31.26,0.06
164860,0.22,0.93,39.42,31.26,0.11
164950,0.24,0.93,39.42,31.26,0.04
165110,0.24,0.93,39.43,31.26,0.05
165180,0.21,0.92,39.43,31.26,0.19
165200,0.27,0.93,39.43,31.26,0.19
165260,0.23,0.93,39.43,31.26,0.15
165310,0.29,0.92,39.43,31.26,0.05
165350,0.26,0.92,39.43,31.26,0.05
165470,0.33,0.93,39.43,31.26,0.06
165530,0.27,0.93,39.43,31.26,0.05
165550,0.28,0.93,39.43,31.27,0.06
165640,0.26,0.92,39.43,31.27,0.05
165760,0.36,0.94,39.44,31.27,0.06
165860,0.34,0.93,39.44,31.27,0.06
165890,0.32,0.93,39.44,31.27,0.06
166070,0.21,0.93,39.44,31.27,0.06
166130,0.24,0.93,39.45,31.27,0.05
166150,0.28,0.94,39.45,31.27,0.05
166220,0.25,0.95,39.45,31.27,0.04
166450,0.33,0.93,39.45,31.28,0.06
166710,0.28,0.94,39.45,31.28,0.05
166820,0.32,0.95,39.46,31.28,0.05
166870,0.31,0.95,39.46,31.28,0.05
166970,0.23,0.96,39.46,31.28,0.07
167070,0.3,0.94,39.46,31.29,0.04
167280,0.26,0.92,39.46,31.29,0.08
167460,0.39,0.96,39.46,31.29,0.1
167510,0.3,0.97,39.46,31.29,0.1
167520,0.3,0.96,39.46,31.29,0.07
167580,0.39,0.96,39.47,31.29,0.07
167740,0.32,0.97,39.47,31.29,0.06
167790,0.26,0.95,39.47,31.29,0.06
168040,0.36,0.97,39.47,31.3,0.08
168130,0.51,0.96,39.47,31.3,0.1
168350,0.34,0.94,39.48,31.3,0.06
168410,0.36,0.92,39.48,31.3,0.08
168630,0.33,0.95,39.48,31.3,0.07
168780,0.24,0.93,39.48,31.31,0.07
168800,0.26,0.94,39.48,31.31,0.07
168810,0.25,0.93,39.48,31.31,0.07
169000,0.41,0.91,39.49,31.31,0.05
169060,0.24,0.91,39.49,31.31,0.07
169140,0.22,0.9,39.49,31.31,0.06
169150,0.24,0.91,39.49,31.31,0.06
169160,0.22,0.91,39.49,31.31,0.06
169360,0.36,0.93,39.49,31.31,0.06
169410,0.32,0.93,39.49,31.31,0.04
169430,0.36,0.92,39.49,31.31,0.04
169570,0.3,0.93,39.49,31.31,0.06
169600,0.43,0.94,39.49,31.31,0.06
169790,0.23,0.9,39.5,31.32,0.08
170050,0.27,0.94,39.5,31.32,0.03
170280,0.5,0.94,39.5,31.32,0.05
170290,0.46,0.95,39.5,31.32,0.05
170310,0.36,0.94,39.5,31.32,0.05
170380,0.3,0.94,39.51,31.32,0.07
170620,0.26,0.92,39.51,31.33,0.07
170630,0.23,0.92,39.51,31.33,0.07
170670,0.3,0.92,39.51,31.33,0.05
170730,0.31,0.93,39.51,31.33,0.05
170930,0.25,0.93,39.51,31.33,0.06
170990,0.36,0.94,39.51,31.33,0.04
171460,0.25,0.93,39.52,31.34,0.05
171650,0.28,0.94,39.52,31.34,0.05
171720,0.23,0.95,39.52,31.34,0.09
171740,0.23,0.95,39.52,31.34,0.09
171750,0.23,0.95,39.52,31.34,0.09
171840,0.24,0.93,39.52,31.34,0.05
171920,0.24,0.93,39.53,31.34,0.05
171930,0.26,0.93,39.53,31.34,0.05
172200,0.25,0.94,39.53,31.34,0.04
172310,0.31,0.95,39.53,31.35,0.05
172330,0.3,0.95,39.53,31.35,0.04
172340,0.21,0.94,39.53,31.35,0.04
172400,0.22,0.94,39.53,31.35,0.05
172600,0.24,0.96,39.53,31.35,0.06
172800,0.21,0.96,39.54,31.35,0.04
172890,0.32,0.96,39.54,31.35,0.06
172980,0.3,0.93,39.54,31.35,0.05
172990,0.35,0.94,39.54,31.35,0.05
173080,0.4,0.92,39.54,31.35,0.06
173510,0.48,0.93,39.55,31.36,0.06
173530,0.48,0.95,39.55,31.36,0.07
173540,0.51,0.93,39.55,31.36,0.07
173790,0.41,0.95,39.56,31.37,0.07
173820,0.38,0.94,39.56,31.37,0.06
173960,0.38,0.95,39.56,31.37,0.04
174050,0.48,0.95,39.56,31.37,0.06
174110,0.48,0.96,39.57,31.37,0.05
174190,0.4,0.95,39.57,31.37,0.07
174220,0.36,0.96,39.57,31.37,0.07
174240,0.33,0.95,39.57,31.37,0.05
174290,0.37,0.91,39.57,31.37,0.05
174390,0.31,0.92,39.57,31.37,0.05
174440,0.4,0.93,39.57,31.37,0.05
174690,0.42,0.93,39.58,31.38,0.04
174730,0.45,0.95,39.58,31.38,0.07
174840,0.42,0.94,39.58,31.38,0.09
175080,0.53,0.9,39.58,31.39,0.06
175170,0.39,0.89,39.59,31.39,0.06
175190,0.5,0.9,39.59,31.39,0.06
175250,0.38,0.89,39.59,31.39,0.05
175260,0.37,0.9,39.59,31.39,0.04
175290,0.36,0.89,39.59,31.39,0.04
175340,0.4,0.9,39.59,31.39,0.05
175420,0.36,0.91,39.59,31.39,0.04
175620,0.44,0.9,39.59,31.39,0.06
175630,0.35,0.9,39.59,31.39,0.06
175690,0.35,0.91,39.59,31.39,0.04
175830,0.26,0.89,39.6,31.39,0.05
175870,0.32,0.89,39.6,31.39,0.05
175890,0.28,0.89,39.6,31.39,0.05
175960,0.28,0.89,39.6,31.4,0.04
176030,0.25,0.9,39.6,31.4,0.05
176050,0.29,0.89,39.6,31.4,0.04
176060,0.27,0.9,39.6,31.4,0.04
176130,0.29,0.91,39.6,31.4,0.05
176190,0.25,0.89,39.6,31.4,0.05
176450,0.36,0.93,39.61,31.4,0.04
176490,0.35,0.94,39.61,31.4,0.05
176510,0.32,0.95,39.61,31.4,0.05
176560,0.35,0.95,39.61,31.4,0.07
176570,0.34,0.95,39.61,31.4,0.07
176720,0.33,0.96,39.61,31.4,0.04
176990,0.39,0.94,39.62,31.4,0.04
177040,0.37,0.95,39.62,31.41,0.05
177080,0.29,0.94,39.62,31.41,0.04
177090,0.32,0.95,39.62,31.41,0.04
177170,0.32,0.95,39.62,31.41,0.05
177280,0.34,0.95,39.62,31.41,0.05
177350,0.35,0.96,39.62,31.41,0.06
177390,0.41,0.96,39.63,31.41,0.05
177440,0.36,0.94,39.63,31.41,0.06
177450,0.33,0.94,39.63,31.41,0.06
177470,0.33,0.95,39.63,31.41,0.06
177610,0.6,0.98,39.63,31.41,0.06
177660,0.51,0.94,39.63,31.41,0.09
177700,0.51,0.9,39.63,31.41,0.09
177920,0.35,0.87,39.64,31.42,0.07
177970,0.39,0.88,39.64,31.42,0.13
178050,0.38,0.88,39.64,31.42,0.17
178130,0.36,0.88,39.64,31.42,0.12
178160,0.41,0.89,39.64,31.42,0.1
178240,0.37,0.88,39.64,31.42,0.1
178270,0.37,0.88,39.64,31.42,0.09
178280,0.36,0.89,39.64,31.42,0.09
178340,0.44,0.88,39.64,31.42,0.06
178480,0.37,0.91,39.65,31.42,0.05
178590,0.32,0.89,39.65,31.42,0.04
178600,0.31,0.88,39.65,31.42,0.04
178820,0.35,0.92,39.65,31.43,0.06
178830,0.37,0.93,39.65,31.43,0.06
178840,0.36,0.93,39.65,31.43,0.06
178900,0.37,0.92,39.65,31.43,0.07
178970,0.47,0.93,39.65,31.43,0.05
179040,0.32,0.91,39.65,31.43,0.05
179110,0.36,0.9,39.66,31.43,0.06
179180,0.31,0.89,39.66,31.43,0.05
179220,0.31,0.89,39.66,31.43,0.05
179260,0.29,0.88,39.66,31.43,0.05
179510,0.35,0.88,39.66,31.44,0.07
179610,0.29,0.88,39.66,31.44,0.06
179720,0.29,0.87,39.67,31.44,0.05
179860,0.3,0.88,39.67,31.44,0.09
179890,0.3,0.88,39.67,31.44,0.09
180070,0.49,0.9,39.67,31.44,0.07
180610,0.48,0.97,39.68,31.45,0.05
180750,0.44,0.96,39.68,31.45,0.09
180870,0.38,0.9,39.69,31.45,0.06
180890,0.31,0.88,39.69,31.45,0.06
180920,0.35,0.88,39.69,31.45,0.06
180970,0.38,0.88,39.69,31.45,0.1
181310,0.33,0.85,39.69,31.45,0.1
181380,0.3,0.86,39.69,31.45,0.09
181620,0.3,0.87,39.7,31.46,0.05
181670,0.31,0.86,39.7,31.46,0.05
181730,0.38,0.85,39.7,31.46,0.07
182270,0.31,0.91,39.71,31.47,0.19
182370,0.37,0.91,39.71,31.47,0.05
182470,0.45,0.91,39.71,31.47,0.07
182520,0.36,0.91,39.72,31.47,0.06
182630,0.45,0.9,39.72,31.47,0.05
182690,0.35,0.91,39.72,31.47,0.05
182920,0.24,0.87,39.72,31.47,0.04
182940,0.3,0.88,39.72,31.47,0.06
182980,0.26,0.87,39.72,31.48,0.06
183090,0.32,0.89,39.72,31.48,0.07
183140,0.27,0.88,39.73,31.48,0.05
183230,0.34,0.89,39.73,31.48,0.04
183320,0.32,0.9,39.73,31.48,0.05
183360,0.31,0.9,39.73,31.48,0.03
183380,0.37,0.9,39.73,31.48,0.03
183560,0.33,0.89,39.73,31.48,0.07
183580,0.36,0.9,39.73,31.48,0.07
183680,0.39,0.93,39.73,31.48,0.09
183810,0.4,0.94,39.74,31.49,0.07
183960,0.39,0.93,39.74,31.49,0.04
183980,0.42,0.92,39.74,31.49,0.04
184060,0.43,0.96,39.75,31.49,0.05
184240,0.37,0.9,39.75,31.49,0.06
184310,0.44,0.95,39.75,31.49,0.05
184450,0.36,0.96,39.76,31.5,0.08
184620,0.37,0.96,39.76,31.5,0.06
184670,0.34,0.94,39.76,31.5,0.06
184790,0.33,0.92,39.76,31.5,0.06
185050,0.27,0.88,39.77,31.5,0.07
185100,0.24,0.89,39.77,31.5,0.04
185210,0.22,0.87,39.77,31.5,0.06
185220,0.23,0.87,39.77,31.5,0.04
185230,0.26,0.87,39.77,31.5,0.04
185240,0.26,0.87,39.77,31.5,0.04
185360,0.25,0.87,39.77,31.51,0.04
185570,0.23,0.86,39.78,31.51,0.05
185760,0.36,0.87,39.78,31.51,0.04
185770,0.36,0.87,39.78,31.51,0.04
185820,0.32,0.88,39.78,31.51,0.06
185870,0.33,0.88,39.78,31.51,0.06
185970,0.33,0.87,39.79,31.51,0.06
185980,0.32,0.87,39.79,31.51,0.06
186000,0.38,0.88,39.79,31.51,0.04
186060,0.33,0.88,39.79,31.51,0.04
186100,0.38,0.88,39.79,31.51,0.04
186280,0.4,0.87,39.79,31.52,0.05
186300,0.3,0.87,39.79,31.52,0.05
186310,0.31,0.87,39.79,31.52,0.05
186400,0.25,0.86,39.8,31.52,0.04
186770,0.22,0.86,39.8,31.52,0.08
186970,0.41,0.9,39.81,31.53,0.05
187120,0.36,0.91,39.81,31.53,0.05
187130,0.41,0.91,39.81,31.53,0.05
187270,0.34,0.92,39.81,31.53,0.04
187370,0.32,0.9,39.82,31.53,0.05
187410,0.31,0.89,39.82,31.53,0.04
187530,0.33,0.89,39.82,31.53,0.04
187570,0.32,0.89,39.82,31.53,0.06
187640,0.36,0.89,39.82,31.53,0.04
187650,0.32,0.89,39.82,31.54,0.04
187670,0.36,0.9,39.82,31.54,0.04
187730,0.32,0.9,39.82,31.54,0.05
187820,0.39,0.93,39.83,31.54,0.05
187900,0.44,0.93,39.83,31.54,0.05
187910,0.41,0.93,39.83,31.54,0.05
188080,0.57,0.97,39.83,31.54,0.06
188200,0.46,0.92,39.84,31.54,0.14
188250,0.37,0.89,39.84,31.54,0.1
188260,0.38,0.89,39.84,31.54,0.1
188350,0.44,0.9,39.84,31.55,0.14
188560,0.35,0.89,39.84,31.55,0.15
188610,0.45,0.91,39.84,31.55,0.12
188630,0.38,0.9,39.85,31.55,0.12
188670,0.32,0.89,39.85,31.55,0.09
188690,0.35,0.89,39.85,31.55,0.09
188750,0.35,0.89,39.85,31.55,0.07
189030,0.37,0.9,39.86,31.55,0.1
189320,0.31,0.84,39.86,31.56,0.05
189330,0.28,0.83,39.86,31.56,0.05
189500,0.52,0.86,39.87,31.56,0.19
189660,0.56,0.89,39.87,31.56,0.11
189680,0.52,0.9,39.87,31.57,0.11
189830,0.55,0.97,39.88,31.57,0.08
189870,0.37,0.85,39.88,31.57,0.23
189960,0.35,0.86,39.88,31.57,0.1
190210,0.42,0.9,39.88,31.57,0.07
190270,0.4,0.9,39.88,31.57,0.06
190350,0.4,0.87,39.88,31.57,0.07
190370,0.29,0.86,39.88,31.57,0.07
190600,0.25,0.85,39.89,31.58,0.09
190710,0.28,0.84,39.89,31.58,0.06
190720,0.26,0.84,39.89,31.58,0.06
190760,0.29,0.84,39.89,31.58,0.09
190840,0.42,0.87,39.89,31.58,0.05
191000,0.57,0.9,39.9,31.58,0.06
191050,0.56,0.87,39.9,31.58,0.08
191060,0.49,0.87,39.9,31.58,0.08
191140,0.45,0.84,39.9,31.58,0.12
191150,0.44,0.84,39.9,31.58,0.12
191160,0.44,0.85,39.9,31.58,0.12
191570,0.29,0.86,39.91,31.59,0.07
191630,0.39,0.87,39.91,31.59,0.11
191720,0.38,0.85,39.91,31.59,0.15
191730,0.37,0.85,39.91,31.59,0.15
191770,0.42,0.85,39.91,31.59,0.16
192090,0.33,0.85,39.92,31.59,0.08
192150,0.31,0.85,39.92,31.59,0.09
192210,0.28,0.84,39.92,31.59,0.07
192230,0.25,0.83,39.92,31.59,0.07
192240,0.26,0.83,39.92,31.59,0.08
192250,0.28,0.84,39.92,31.59,0.08
192390,0.35,0.86,39.92,31.6,0.04
192400,0.32,0.86,39.92,31.6,0.04
192470,0.32,0.86,39.92,31.6,0.05
192480,0.33,0.86,39.92,31.6,0.05
192770,0.34,0.85,39.93,31.6,0.05
192800,0.37,0.88,39.93,31.6,0.06
192830,0.37,0.88,39.93,31.6,0.06
192900,0.35,0.89,39.93,31.6,0.05
193050,0.44,0.89,39.94,31.6,0.06
193060,0.44,0.9,39.94,31.6,0.06
193100,0.42,0.9,39.94,31.6,0.07
193150,0.41,0.89,39.94,31.61,0.07
193180,0.36,0.88,39.94,31.61,0.07
193510,0.44,0.9,39.94,31.61,0.07
193560,0.34,0.91,39.94,31.61,0.11
193730,0.46,0.91,39.95,31.61,0.06
193950,0.42,0.89,39.96,31.61,0.06
193960,0.41,0.9,39.96,31.61,0.06
193990,0.45,0.9,39.96,31.61,0.09
194090,0.45,0.9,39.96,31.62,0.07
194180,0.46,0.91,39.97,31.62,0.1
194390,0.51,0.93,39.97,31.62,0.14
194540,0.55,0.94,39.97,31.62,0.09
194620,0.49,0.91,39.98,31.62,0.13
194670,0.57,0.93,39.98,31.63,0.09
194780,0.57,0.93,39.98,31.63,0.08
194850,0.55,0.94,39.98,31.63,0.12
194990,0.67,0.95,39.99,31.63,0.23
195010,0.67,0.95,39.99,31.63,0.2
195080,0.57,0.94,39.99,31.63,0.1
195090,0.61,0.95,39.99,31.63,0.1
195190,0.53,0.95,39.99,31.64,0.11
195250,0.49,0.92,39.99,31.64,0.14
195440,0.43,0.9,40.0,31.64,0.06
195650,0.51,0.94,40.0,31.64,0.12
195780,0.59,0.94,40.0,31.64,0.15
195820,0.47,0.94,40.01,31.64,0.15
195840,0.48,0.95,40.01,31.64,0.14
195930,0.54,0.94,40.01,31.65,0.09
195940,0.59,0.92,40.01,31.65,0.09
195960,0.83,0.97,40.01,31.65,0.13
196130,0.83,0.97,40.02,31.65,0.19
196280,0.81,0.95,40.03,31.65,0.09
196330,0.81,0.93,40.03,31.65,0.06
196340,0.8,0.93,40.03,31.65,0.06
196410,0.79,0.91,40.03,31.66,0.09
196430,0.78,0.9,40.03,31.66,0.09
196440,0.78,0.91,40.03,31.66,0.08
196450,0.77,0.9,40.04,31.66,0.08
196570,0.69,0.89,40.04,31.66,0.05
196620,0.68,0.88,40.04,31.66,0.06
196680,0.5,0.87,40.05,31.66,0.06
196750,0.43,0.87,40.05,31.66,0.08
196760,0.41,0.88,40.05,31.66,0.08
196950,0.87,0.93,40.05,31.66,0.17
197080,0.78,0.97,40.06,31.67,0.13
197100,0.83,0.97,40.06,31.67,0.12
197110,0.83,0.97,40.06,31.67,0.12
197190,0.84,0.97,40.06,31.67,0.1
197250,0.85,0.93,40.07,31.67,0.11
197350,0.75,0.96,40.07,31.67,0.08
197560,0.49,0.95,40.08,31.68,0.09
197630,0.46,0.93,40.08,31.68,0.05
197690,0.53,0.96,40.08,31.68,0.07
197740,0.54,0.94,40.08,31.68,0.05
197860,0.55,0.94,40.08,31.68,0.06
197890,0.53,0.93,40.08,31.68,0.08
197900,0.52,0.94,40.08,31.68,0.08
198080,0.5,0.93,40.09,31.68,0.16
198090,0.52,0.93,40.09,31.68,0.16
198150,0.52,0.89,40.09,31.68,0.12
198210,0.62,0.89,40.09,31.68,0.15
198240,0.6,0.89,40.09,31.69,0.1
198370,0.55,0.91,40.1,31.69,0.1
198470,0.53,0.93,40.1,31.69,0.11
198640,0.57,0.92,40.1,31.69,0.16
198700,0.62,0.94,40.11,31.69,0.15
198750,0.56,0.93,40.11,31.69,0.09
198790,0.53,0.9,40.11,31.69,0.16
198810,0.52,0.9,40.11,31.69,0.16
198830,0.55,0.91,40.11,31.7,0.16
198860,0.53,0.9,40.11,31.7,0.2
198910,0.57,0.91,40.11,31.7,0.17
198990,0.54,0.92,40.11,31.7,0.22
199020,0.69,0.9,40.11,31.7,0.29
199140,0.56,0.9,40.12,31.7,0.24
199230,0.49,0.9,40.12,31.7,0.18
199350,0.46,0.89,40.12,31.71,0.16
199380,0.45,0.89,40.12,31.71,0.19
199530,0.53,0.91,40.13,31.71,0.23
199640,0.54,0.9,40.13,31.71,0.11
200040,0.52,0.95,40.14,31.72,0.14
200050,0.51,0.94,40.14,31.72,0.14
200300,0.42,0.91,40.15,31.72,0.13
200400,0.5,0.9,40.15,31.72,0.15
200420,0.52,0.91,40.15,31.72,0.15
200470,0.5,0.89,40.15,31.72,0.11
200630,0.51,0.92,40.16,31.73,0.09
200680,0.58,0.92,40.16,31.73,0.15
200740,0.55,0.91,40.16,31.73,0.18
200830,0.6,0.89,40.16,31.73,0.18
201030,0.41,0.89,40.16,31.74,0.09
201040,0.44,0.9,40.16,31.74,0.09
201200,0.5,0.89,40.17,31.74,0.15
201260,0.56,0.89,40.17,31.74,0.15
201270,0.48,0.9,40.17,31.74,0.15
201710,0.62,0.9,40.18,31.75,0.11
202050,0.37,0.84,40.19,31.75,0.06
202160,0.35,0.8,40.19,31.76,0.22
202190,0.41,0.81,40.19,31.76,0.22
202280,0.39,0.82,40.19,31.76,0.14
202580,0.34,0.81,40.2,31.76,0.1
202600,0.37,0.82,40.2,31.76,0.1
202820,0.52,0.91,40.2,31.77,0.07
202880,0.45,0.9,40.2,31.77,0.08
203050,0.66,0.9,40.21,31.77,0.11
203120,0.43,0.87,40.21,31.77,0.15
203160,0.36,0.85,40.21,31.77,0.13
203440,0.56,0.88,40.21,31.78,0.12
203620,0.54,0.89,40.22,31.78,0.09
203730,0.49,0.9,40.22,31.78,0.11
203750,0.51,0.9,40.22,31.78,0.11
203790,0.47,0.88,40.22,31.78,0.09
203880,0.5,0.87,40.23,31.78,0.1
204020,0.41,0.87,40.23,31.79,0.07
204540,0.4,0.88,40.24,31.79,0.1
204580,0.43,0.87,40.24,31.8,0.1
204640,0.62,0.87,40.24,31.8,0.14
204690,0.37,0.85,40.24,31.8,0.19
204840,0.36,0.87,40.24,31.8,0.14
205110,0.4,0.86,40.25,31.8,0.1
205130,0.45,0.88,40.25,31.8,0.1
205230,0.52,0.89,40.25,31.8,0.07
205460,0.54,0.87,40.26,31.81,0.08
205470,0.53,0.88,40.26,31.81,0.08
205550,0.51,0.89,40.26,31.81,0.09
205820,0.48,0.88,40.27,31.81,0.07
205890,0.43,0.88,40.27,31.82,0.07
205990,0.43,0.84,40.27,31.82,0.09
206030,0.48,0.84,40.27,31.82,0.09
206260,0.65,0.88,40.28,31.82,0.07
206340,0.53,0.84,40.28,31.82,0.21
206650,0.48,0.86,40.29,31.83,0.26
206700,0.48,0.87,40.29,31.83,0.11
206720,0.47,0.87,40.29,31.83,0.11
206810,0.51,0.87,40.29,31.83,0.08
207010,0.52,0.9,40.3,31.84,0.11
207200,0.42,0.88,40.3,31.84,0.12
207560,0.34,0.85,40.31,31.84,0.16
207660,0.46,0.87,40.31,31.85,0.18
207680,0.44,0.87,40.31,31.85,0.18
207730,0.37,0.86,40.31,31.85,0.14
207800,0.79,0.84,40.31,31.85,0.16
207960,0.32,0.86,40.31,31.85,0.07
208080,0.28,0.84,40.32,31.85,0.07
208110,0.35,0.84,40.32,31.85,0.07
208200,0.28,0.83,40.32,31.86,0.09
208320,0.46,0.84,40.32,31.86,0.04
208360,0.43,0.84,40.32,31.86,0.04
208480,0.43,0.85,40.32,31.86,0.05
208500,0.38,0.85,40.32,31.86,0.06
208520,0.39,0.86,40.32,31.86,0.06
208530,0.44,0.87,40.32,31.86,0.06
208620,0.47,0.89,40.33,31.86,0.05
208670,0.78,0.89,40.33,31.86,0.05
208720,0.57,0.92,40.33,31.86,0.04
208890,0.52,0.94,40.33,31.87,0.07
208930,0.54,0.92,40.33,31.87,0.07
209000,0.52,0.92,40.33,31.87,0.09
209050,0.56,0.93,40.33,31.87,0.05
209070,0.56,0.94,40.33,31.87,0.05
209130,0.67,0.92,40.34,31.87,0.08
209140,0.63,0.92,40.34,31.87,0.08
209150,0.6,0.93,40.34,31.87,0.08
209180,0.71,0.9,40.34,31.87,0.09
209480,0.45,0.88,40.34,31.88,0.12
209550,0.66,0.89,40.34,31.88,0.08
209670,0.75,0.89,40.35,31.88,0.09
209720,0.51,0.92,40.35,31.88,0.07
209780,0.45,0.9,40.35,31.88,0.05
209820,0.45,0.9,40.35,31.88,0.06
209830,0.41,0.89,40.35,31.88,0.06
209890,0.42,0.89,40.35,31.89,0.05
209920,0.41,0.9,40.35,31.89,0.05
209930,0.46,0.9,40.35,31.89,0.05
209940,0.41,0.9,40.35,31.89,0.11
210210,0.47,0.89,40.36,31.89,0.12
210280,0.61,0.92,40.36,31.89,0.09
210320,0.59,0.92,40.36,31.89,0.13
210420,0.52,0.94,40.36,31.89,0.07
210460,0.49,0.94,40.36,31.9,0.07
210490,0.42,0.94,40.36,31.9,0.07
210550,0.38,0.91,40.37,31.9,0.1
210590,0.77,0.92,40.37,31.9,0.1
210640,0.52,0.92,40.37,31.9,0.1
210770,0.35,0.89,40.37,31.9,0.09
210810,0.47,0.91,40.37,31.9,0.08
210830,0.51,0.92,40.37,31.9,0.08
210840,0.45,0.92,40.37,31.9,0.17
210890,0.48,0.92,40.37,31.9,0.17
210970,0.47,0.9,40.38,31.9,0.07
210980,0.5,0.9,40.38,31.9,0.07
211040,0.5,0.91,40.38,31.91,0.15
211110,0.37,0.89,40.38,31.91,0.11
211230,0.42,0.9,40.38,31.91,0.12
211300,0.39,0.9,40.38,31.91,0.1
211370,0.41,0.9,40.38,31.91,0.11
211380,0.44,0.9,40.38,31.91,0.11
211420,0.39,0.9,40.39,31.91,0.11
211530,0.37,0.88,40.39,31.91,0.07
211740,0.34,0.87,40.39,31.92,0.07
211780,0.29,0.87,40.39,31.92,0.07
211900,0.67,0.92,40.39,31.92,0.13
211920,0.72,0.92,40.39,31.92,0.1
211970,0.47,0.92,40.4,31.92,0.1
212130,0.35,0.9,40.4,31.92,0.12
212160,0.37,0.9,40.4,31.92,0.09
212240,0.33,0.91,40.4,31.92,0.06
212260,0.31,0.91,40.4,31.92,0.06
212300,0.33,0.9,40.4,31.93,0.06
212490,0.39,0.89,40.41,31.93,0.1
212540,0.53,0.91,40.41,31.93,0.08
212670,0.47,0.95,40.41,31.93,0.17
212680,0.55,0.95,40.41,31.93,0.17
212690,0.56,0.95,40.41,31.93,0.17
212720,0.51,0.97,40.41,31.93,0.14
212760,0.51,0.97,40.41,31.93,0.1
212830,0.52,0.96,40.41,31.93,0.1
212890,0.43,0.93,40.42,31.94,0.14
213070,0.4,0.94,40.42,31.94,0.08
213150,0.31,0.91,40.42,31.94,0.11
213180,0.36,0.91,40.42,31.94,0.05
213190,0.37,0.91,40.42,31.94,0.05
213340,0.38,0.92,40.42,31.94,0.05
213420,0.56,0.91,40.43,31.94,0.05
213530,0.4,0.89,40.43,31.94,0.06
213550,0.45,0.89,40.43,31.94,0.05
214050,0.27,0.89,40.44,31.95,0.04
214140,0.57,0.9,40.44,31.95,0.09
214160,0.3,0.9,40.44,31.95,0.09
214210,0.35,0.91,40.44,31.95,0.09
214220,0.31,0.9,40.44,31.95,0.09
214240,0.66,0.9,40.44,31.95,0.09
214290,0.43,0.9,40.44,31.95,0.05
214300,0.42,0.91,40.44,31.95,0.05
214330,0.42,0.9,40.44,31.96,0.04
214470,0.45,0.91,40.45,31.96,0.06
214490,0.45,0.91,40.45,31.96,0.06
214610,0.44,0.91,40.45,31.96,0.06
214620,0.63,0.92,40.45,31.96,0.06
215130,0.43,0.88,40.46,31.97,0.08
215280,0.41,0.89,40.46,31.97,0.07
215330,0.46,0.9,40.46,31.97,0.07
215580,0.7,0.91,40.47,31.98,0.07
215650,0.38,0.89,40.47,31.98,0.06
215680,0.37,0.89,40.47,31.98,0.06
215750,0.8,0.9,40.47,31.98,0.06
215980,0.62,0.92,40.47,31.98,0.07
216090,0.43,0.92,40.47,31.98,0.1
216140,0.43,0.92,40.47,31.98,0.07
216150,0.44,0.92,40.47,31.98,0.07
216250,0.43,0.94,40.48,31.99,0.12
216520,0.43,0.92,40.48,31.99,0.12
216650,0.3,0.9,40.49,31.99,0.06
216720,0.27,0.88,40.49,31.99,0.05
216830,0.31,0.9,40.49,32.0,0.04
216910,0.42,0.92,40.49,32.0,0.06
216960,0.43,0.91,40.49,32.0,0.16
217040,0.34,0.9,40.5,32.0,0.33
217170,0.46,0.92,40.5,32.0,0.12
217180,0.46,0.93,40.5,32.0,0.12
217330,0.52,0.95,40.51,32.01,0.04
217690,0.66,0.96,40.52,32.01,0.06
218070,0.35,0.9,40.53,32.02,0.11
218210,0.35,0.9,40.53,32.02,0.06
218610,0.3,0.92,40.54,32.03,0.04
218620,0.33,0.9,40.54,32.03,0.04
218640,0.31,0.91,40.54,32.03,0.04
218650,0.34,0.91,40.54,32.03,0.04
218840,0.6,0.96,40.55,32.03,0.22
218910,0.52,0.95,40.55,32.04,0.3
219240,0.29,0.95,40.56,32.04,0.05
219290,0.25,0.92,40.56,32.04,0.05
219320,0.26,0.92,40.56,32.04,0.03
219390,0.26,0.92,40.56,32.04,0.04
219440,0.42,0.94,40.56,32.04,0.04
219480,0.36,0.93,40.56,32.05,0.08
219490,0.73,0.93,40.56,32.05,0.08
219530,0.31,0.93,40.57,32.05,0.08
219540,0.3,0.92,40.57,32.05,0.05
219690,0.31,0.95,40.57,32.05,0.05
219900,0.3,0.93,40.57,32.05,0.06
219920,0.3,0.93,40.58,32.05,0.06
220040,0.33,0.92,40.58,32.06,0.05
220140,0.29,0.92,40.58,32.06,0.05
220170,0.33,0.92,40.58,32.06,0.05
220270,0.36,0.92,40.59,32.06,0.05
220310,0.35,0.91,40.59,32.06,0.05
220370,0.29,0.91,40.59,32.06,0.06
220390,0.42,0.91,40.59,32.06,0.05
220480,0.61,0.95,40.59,32.06,0.07
220510,0.56,0.95,40.59,32.06,0.06
220600,0.68,0.93,40.6,32.07,0.05
220740,0.31,0.9,40.6,32.07,0.1
220820,0.58,0.91,40.6,32.07,0.08
221210,0.29,0.94,40.6,32.07,0.06
221480,0.31,0.95,40.61,32.08,0.05
221560,0.36,0.94,40.61,32.08,0.05
221660,0.32,0.96,40.61,32.08,0.07
221760,0.38,0.97,40.61,32.08,0.08
221790,0.33,0.95,40.61,32.08,0.08
221900,0.35,0.93,40.61,32.08,0.09
221970,0.29,0.93,40.62,32.08,0.07
222070,0.41,0.98,40.62,32.08,0.06
222140,0.66,0.96,40.62,32.09,0.07
222210,0.35,0.94,40.62,32.09,0.08
222230,0.39,0.94,40.62,32.09,0.08
222410,0.39,0.9,40.62,32.09,0.13
222510,0.54,0.91,40.62,32.09,0.09
222620,0.32,0.9,40.63,32.09,0.19
222650,0.35,0.91,40.63,32.09,0.19
222860,0.29,0.91,40.63,32.1,0.05
222900,0.34,0.92,40.63,32.1,0.06
222940,0.32,0.92,40.63,32.1,0.06
223030,0.37,0.9,40.63,32.1,0.05
223250,0.33,0.92,40.64,32.1,0.08
223420,0.38,0.93,40.64,32.1,0.06
223480,0.37,0.93,40.64,32.1,0.06
223500,0.32,0.93,40.64,32.1,0.07
223520,0.33,0.93,40.64,32.1,0.07
223650,0.38,0.91,40.64,32.11,0.06
223810,0.33,0.91,40.64,32.11,0.06
223940,0.37,0.92,40.65,32.11,0.09
223950,0.39,0.93,40.65,32.11,0.09
224030,0.39,0.94,40.65,32.11,0.06
224190,0.4,0.95,40.65,32.11,0.05
224200,0.38,0.96,40.65,32.11,0.05
224300,0.31,0.93,40.65,32.11,0.06
224400,0.32,0.94,40.65,32.12,0.05
224430,0.33,0.94,40.65,32.12,0.05
224470,0.35,0.95,40.65,32.12,0.06
224480,0.35,0.95,40.65,32.12,0.06
224550,0.33,0.96,40.66,32.12,0.05
224560,0.34,0.95,40.66,32.12,0.05
224700,0.38,0.97,40.66,32.12,0.05
224730,0.4,0.96,40.66,32.12,0.05
224920,0.43,0.94,40.66,32.12,0.04
224990,0.41,0.95,40.66,32.13,0.05
225070,0.43,0.93,40.66,32.13,0.23
225260,0.51,0.93,40.67,32.13,0.1
225420,0.35,0.93,40.67,32.13,0.05
225530,0.38,0.92,40.67,32.13,0.08
225580,0.45,0.92,40.67,32.13,0.07
225630,0.39,0.92,40.67,32.13,0.06
225720,0.35,0.92,40.68,32.14,0.06
225890,0.35,0.92,40.68,32.14,0.08
225930,0.32,0.91,40.68,32.14,0.08
225990,0.31,0.91,40.68,32.14,0.1
226040,0.29,0.92,40.68,32.14,0.06
226120,0.29,0.91,40.68,32.14,0.07
226200,0.34,0.91,40.68,32.14,0.05
226360,0.34,0.92,40.69,32.14,0.16
226410,0.26,0.91,40.69,32.14,0.15
226420,0.26,0.91,40.69,32.14,0.15
226610,0.38,0.94,40.69,32.15,0.12
226660,0.36,0.93,40.69,32.15,0.09
226700,0.32,0.92,40.69,32.15,0.08
226720,0.35,0.93,40.7,32.15,0.08
226740,0.36,0.94,40.7,32.15,0.1
226760,0.4,0.95,40.7,32.15,0.1
226780,0.38,0.95,40.7,32.15,0.1
226800,0.37,0.95,40.7,32.15,0.07
226840,0.31,0.93,40.7,32.15,0.07
226940,0.42,0.97,40.7,32.15,0.07
227190,0.53,0.95,40.7,32.16,0.15
227320,0.44,0.88,40.71,32.16,0.1
227350,0.43,0.89,40.71,32.16,0.19
227380,0.43,0.91,40.71,32.16,0.19
227490,0.39,0.91,40.71,32.16,0.06
227510,0.42,0.91,40.71,32.16,0.06
227730,0.54,0.91,40.71,32.16,0.13
227790,0.57,0.91,40.72,32.16,0.13
227820,0.51,0.91,40.72,32.17,0.08
227880,0.38,0.9,40.72,32.17,0.07
227910,0.33,0.9,40.72,32.17,0.07
227930,0.34,0.9,40.72,32.17,0.07
228180,0.49,0.91,40.72,32.17,0.11
228260,0.38,0.91,40.72,32.17,0.05
228280,0.35,0.9,40.72,32.17,0.05
228420,0.28,0.89,40.73,32.17,0.06
228600,0.27,0.9,40.73,32.17,0.16
228630,0.29,0.9,40.73,32.17,0.16
228780,0.29,0.9,40.73,32.18,0.07
228790,0.3,0.9,40.73,32.18,0.07
228860,0.29,0.9,40.73,32.18,0.05
228890,0.34,0.91,40.73,32.18,0.05
228990,0.4,0.89,40.74,32.18,0.04
229180,0.33,0.87,40.74,32.18,0.05
229490,0.33,0.89,40.74,32.19,0.15
229620,0.44,0.9,40.75,32.19,0.06
229680,0.38,0.9,40.75,32.19,0.04
229830,0.36,0.91,40.75,32.19,0.09
229910,0.35,0.9,40.75,32.19,0.07
230000,0.35,0.89,40.75,32.19,0.05
230600,0.31,0.91,40.76,32.2,0.07
230610,0.33,0.92,40.76,32.2,0.07
230700,0.35,0.92,40.77,32.2,0.1
230830,0.38,0.9,40.77,32.2,0.07
230900,0.33,0.9,40.77,32.2,0.09
230910,0.33,0.9,40.77,32.2,0.09
231010,0.45,0.91,40.77,32.2,0.06
231030,0.44,0.91,40.77,32.21,0.06
231190,0.3,0.92,40.77,32.21,0.06
231280,0.34,0.93,40.78,32.21,0.1
231330,0.32,0.93,40.78,32.21,0.08
231430,0.4,0.94,40.78,32.21,0.07
231470,0.35,0.94,40.78,32.21,0.07
231610,0.35,0.96,40.78,32.21,0.05
231690,0.37,0.94,40.78,32.21,0.05
231700,0.34,0.93,40.78,32.21,0.05
231770,0.26,0.91,40.78,32.21,0.05
231810,0.44,0.93,40.78,32.21,0.05
232200,0.24,0.92,40.79,32.22,0.05
232340,0.29,0.93,40.79,32.22,0.08
232370,0.26,0.94,40.79,32.22,0.08
232400,0.29,0.93,40.8,32.22,0.07
232570,0.23,0.93,40.8,32.22,0.04
232610,0.4,0.94,40.8,32.22,0.04
232660,0.43,0.95,40.8,32.23,0.05
232890,0.26,0.92,40.8,32.23,0.05
232930,0.32,0.92,40.81,32.23,0.13
232950,0.36,0.93,40.81,32.23,0.13
233050,0.38,0.94,40.81,32.23,0.12
233360,0.3,0.92,40.82,32.24,0.09
233410,0.4,0.95,40.82,32.24,0.06
233430,0.42,0.96,40.82,32.24,0.06
233570,0.36,0.95,40.82,32.24,0.08
233590,0.42,0.96,40.83,32.24,0.08
233720,0.29,0.95,40.83,32.24,0.06
233740,0.31,0.96,40.83,32.24,0.06
233750,0.39,0.97,40.83,32.24,0.06
233820,0.43,0.98,40.83,32.24,0.08
233840,0.34,0.97,40.83,32.24,0.08
233990,0.28,0.96,40.83,32.24,0.08
234000,0.31,0.97,40.83,32.24,0.08
234030,0.47,0.97,40.83,32.24,0.08
234180,0.4,0.95,40.84,32.25,0.08
234330,0.42,0.96,40.84,32.25,0.1
234630,0.36,0.94,40.85,32.25,0.09
234690,0.42,0.93,40.85,32.25,0.16
234720,0.38,0.93,40.85,32.26,0.09
234730,0.43,0.93,40.85,32.26,0.09
234740,0.4,0.93,40.85,32.26,0.09
234770,0.45,0.92,40.85,32.26,0.09
234840,0.37,0.93,40.85,32.26,0.06
234880,0.56,0.95,40.85,32.26,0.06
235060,0.48,0.93,40.86,32.26,0.09
235070,0.44,0.93,40.86,32.26,0.09
235100,0.49,0.93,40.86,32.26,0.08
235270,0.31,0.95,40.86,32.26,0.05
235290,0.37,0.94,40.86,32.26,0.05
235320,0.39,0.95,40.86,32.26,0.09
235560,0.31,0.94,40.87,32.27,0.05
235660,0.28,0.93,40.87,32.27,0.05
235750,0.25,0.93,40.87,32.27,0.05
235820,0.32,0.92,40.88,32.27,0.05
235850,0.32,0.93,40.88,32.27,0.05
235910,0.31,0.93,40.88,32.27,0.06
235960,0.24,0.92,40.88,32.27,0.06
235990,0.27,0.91,40.88,32.27,0.07
236070,0.23,0.92,40.88,32.27,0.06
236140,0.24,0.92,40.88,32.27,0.05
236160,0.19,0.92,40.88,32.27,0.05
236240,0.26,0.93,40.88,32.27,0.06
236310,0.21,0.92,40.88,32.27,0.06
236340,0.39,0.94,40.89,32.28,0.05
236490,0.26,0.92,40.89,32.28,0.11
236530,0.26,0.92,40.89,32.28,0.09
236590,0.32,0.92,40.89,32.28,0.06
236620,0.56,0.95,40.89,32.28,0.06
236650,0.27,0.93,40.9,32.28,0.07
236660,0.22,0.93,40.9,32.28,0.07
236780,0.31,0.94,40.9,32.28,0.05
236820,0.28,0.94,40.9,32.28,0.07
236920,0.45,0.96,40.9,32.28,0.09
237150,0.3,0.95,40.91,32.29,0.05
237180,0.48,0.96,40.91,32.29,0.06
237190,0.48,0.96,40.91,32.29,0.06
237250,0.39,0.95,40.91,32.29,0.08
237360,0.44,0.96,40.92,32.29,0.09
237610,0.35,0.97,40.92,32.29,0.06
237640,0.3,0.96,40.92,32.29,0.06
237790,0.33,0.96,40.92,32.29,0.15
237890,0.37,0.95,40.92,32.3,0.14
238010,0.32,0.96,40.93,32.3,0.1
238110,0.38,0.96,40.93,32.3,0.2
238460,0.27,0.94,40.93,32.3,0.13
238490,0.23,0.93,40.93,32.3,0.13
238500,0.25,0.93,40.93,32.3,0.09
238520,0.24,0.93,40.94,32.3,0.09
238530,0.28,0.94,40.94,32.3,0.09
238640,0.4,0.95,40.94,32.31,0.12
238660,0.31,0.94,40.94,32.31,0.12
238790,0.3,0.93,40.94,32.31,0.1
238900,0.3,0.93,40.94,32.31,0.11
238980,0.31,0.95,40.94,32.31,0.05
239070,0.26,0.94,40.94,32.31,0.08
239130,0.22,0.94,40.94,32.31,0.05
239270,0.24,0.95,40.95,32.31,0.04
239310,0.21,0.94,40.95,32.31,0.05
239320,0.18,0.94,40.95,32.31,0.05
239370,0.22,0.96,40.95,32.31,0.04
239520,0.28,0.97,40.95,32.32,0.05
239660,0.24,0.95,40.95,32.32,0.05
239880,0.24,0.94,40.95,32.32,0.05
239890,0.27,0.94,40.95,32.32,0.05
240260,0.19,0.94,40.96,32.33,0.08
240280,0.19,0.94,40.96,32.33,0.08
240300,0.19,0.94,40.96,32.33,0.05
240550,0.3,0.95,40.97,32.33,0.05
240610,0.29,0.94,40.97,32.33,0.05
240640,0.32,0.94,40.97,32.33,0.05
240830,0.22,0.95,40.97,32.33,0.06
240930,0.2,0.94,40.97,32.33,0.06
240980,0.24,0.95,40.97,32.33,0.05
241070,0.22,0.96,40.97,32.34,0.04
241090,0.21,0.94,40.97,32.34,0.05
241130,0.2,0.95,40.97,32.34,0.05
241150,0.24,0.95,40.97,32.34,0.05
241390,0.33,0.94,40.98,32.34,0.07
241460,0.56,0.95,40.98,32.34,0.07
241510,0.42,0.94,40.98,32.34,0.07
241550,0.46,0.93,40.98,32.34,0.07
241560,0.44,0.93,40.98,32.34,0.05
241710,0.34,0.89,40.98,32.34,0.04
241960,0.3,0.88,40.98,32.35,0.04
242060,0.45,0.89,40.99,32.35,0.05
242080,0.37,0.89,40.99,32.35,0.05
242150,0.3,0.88,40.99,32.35,0.07
242320,0.27,0.88,40.99,32.35,0.05
242520,0.3,0.87,40.99,32.35,0.05
242540,0.26,0.87,40.99,32.35,0.05
242570,0.34,0.86,40.99,32.35,0.05
242700,0.29,0.87,41.0,32.35,0.05
242840,0.23,0.87,41.0,32.36,0.04
242890,0.22,0.86,41.0,32.36,0.04
242970,0.23,0.87,41.0,32.36,0.05
243120,0.3,0.88,41.0,32.36,0.08
243340,0.25,0.87,41.0,32.36,0.04
243400,0.38,0.9,41.01,32.36,0.04
243470,0.32,0.89,41.01,32.36,0.05
243850,0.24,0.88,41.01,32.37,0.05
243920,0.25,0.88,41.01,32.37,0.05
243950,0.33,0.89,41.01,32.37,0.05
244070,0.35,0.89,41.02,32.37,0.05
244210,0.31,0.89,41.02,32.37,0.07
244300,0.32,0.91,41.02,32.37,0.06
244320,0.32,0.92,41.02,32.37,0.04
244350,0.32,0.93,41.02,32.37,0.04
244430,0.36,0.94,41.02,32.37,0.07
244470,0.36,0.93,41.02,32.37,0.06
244560,0.4,0.94,41.03,32.37,0.06
244670,0.29,0.9,41.03,32.38,0.06
244760,0.33,0.92,41.03,32.38,0.07
244800,0.4,0.93,41.03,32.38,0.06
244880,0.48,0.94,41.03,32.38,0.07
244940,0.36,0.95,41.03,32.38,0.13
245070,0.36,0.93,41.03,32.38,0.07
245170,0.35,0.95,41.04,32.38,0.07
245220,0.43,0.93,41.04,32.38,0.05
245350,0.31,0.91,41.04,32.38,0.05
245400,0.36,0.92,41.04,32.38,0.07
245440,0.26,0.91,41.04,32.39,0.07
245620,0.39,0.92,41.04,32.39,0.05
245870,0.45,0.93,41.05,32.39,0.07
245880,0.38,0.93,41.05,32.39,0.07
245920,0.36,0.92,41.05,32.39,0.07
246040,0.45,0.96,41.05,32.39,0.07
246050,0.48,0.96,41.05,32.39,0.07
246080,0.41,0.95,41.05,32.39,0.05
246090,0.38,0.96,41.05,32.39,0.05
246100,0.34,0.96,41.05,32.39,0.05
246170,0.27,0.96,41.05,32.4,0.05
246250,0.4,0.95,41.05,32.4,0.07
246260,0.35,0.95,41.05,32.4,0.07
246550,0.28,0.92,41.06,32.4,0.06
246630,0.3,0.92,41.06,32.4,0.05
246640,0.37,0.93,41.06,32.4,0.05
246710,0.37,0.93,41.06,32.4,0.06
246800,0.26,0.92,41.06,32.4,0.04
246830,0.22,0.91,41.06,32.4,0.04
246870,0.22,0.91,41.06,32.4,0.06
246930,0.24,0.91,41.06,32.4,0.05
246970,0.2,0.91,41.06,32.4,0.06
246980,0.22,0.91,41.06,32.4,0.06
247050,0.25,0.91,41.07,32.41,0.09
247200,0.3,0.93,41.07,32.41,0.05
247410,0.3,0.94,41.07,32.41,0.06
247480,0.44,0.96,41.07,32.41,0.06
247730,0.29,0.92,41.08,32.41,0.05
247770,0.25,0.92,41.08,32.41,0.04
247780,0.26,0.92,41.08,32.41,0.04
247970,0.28,0.93,41.08,32.42,0.1
248050,0.27,0.93,41.08,32.42,0.1
248090,0.34,0.93,41.09,32.42,0.1
248140,0.27,0.94,41.09,32.42,0.09
248170,0.29,0.95,41.09,32.42,0.06
248200,0.28,0.96,41.09,32.42,0.06
248260,0.22,0.94,41.09,32.42,0.07
248390,0.25,0.95,41.09,32.42,0.06
248420,0.26,0.95,41.09,32.42,0.06
248440,0.28,0.95,41.09,32.42,0.06
248560,0.3,0.95,41.09,32.42,0.06
248750,0.45,0.97,41.1,32.42,0.05
248810,0.33,0.97,41.1,32.43,0.06
248940,0.44,0.96,41.1,32.43,0.05
249210,0.28,0.93,41.1,32.43,0.06
249250,0.27,0.94,41.1,32.43,0.05
249310,0.46,0.96,41.1,32.43,0.07
249330,0.41,0.97,41.1,32.43,0.07
249380,0.35,0.96,41.11,32.43,0.05
249400,0.34,0.96,41.11,32.43,0.05
249530,0.35,0.95,41.11,32.43,0.05
249630,0.39,0.97,41.11,32.44,0.06
249970,0.24,0.92,41.11,32.44,0.07
250070,0.2,0.92,41.11,32.44,0.09
250230,0.26,0.93,41.12,32.44,0.06
250320,0.41,0.95,41.12,32.45,0.06
250360,0.45,0.95,41.12,32.45,0.06
250430,0.32,0.94,41.12,32.45,0.06
250490,0.3,0.94,41.12,32.45,0.05
250600,0.32,0.95,41.12,32.45,0.05
250640,0.32,0.95,41.13,32.45,0.07
251040,0.24,0.95,41.14,32.45,0.05
251080,0.33,0.95,41.14,32.45,0.05
251100,0.34,0.95,41.14,32.45,0.06
251160,0.27,0.94,41.14,32.45,0.06
251470,0.3,0.95,41.15,32.46,0.05
251620,0.23,0.96,41.15,32.46,0.06
251820,0.26,0.94,41.15,32.46,0.05
251860,0.29,0.95,41.15,32.46,0.05
252170,0.37,0.97,41.16,32.46,0.41
252320,0.36,0.94,41.16,32.47,0.06
252480,0.31,0.93,41.17,32.47,0.05
252970,0.3,0.91,41.17,32.47,0.04
253050,0.27,0.92,41.17,32.47,0.05
253090,0.26,0.92,41.17,32.47,0.05
253120,0.26,0.92,41.17,32.47,0.05
253210,0.29,0.91,41.18,32.48,0.06
253230,0.26,0.91,41.18,32.48,0.06
253360,0.28,0.91,41.18,32.48,0.06
253520,0.24,0.9,41.18,32.48,0.05
253680,0.25,0.92,41.18,32.48,0.06
253720,0.23,0.91,41.18,32.48,0.06
253810,0.25,0.92,41.18,32.48,0.06
253840,0.29,0.92,41.18,32.48,0.06
254040,0.24,0.93,41.19,32.48,0.05
254100,0.3,0.91,41.19,32.49,0.05
254120,0.32,0.92,41.19,32.49,0.05
254130,0.28,0.92,41.19,32.49,0.05
254310,0.31,0.93,41.19,32.49,0.07
254320,0.27,0.93,41.19,32.49,0.07
254460,0.28,0.93,41.19,32.49,0.08
254500,0.2,0.92,41.19,32.49,0.08
254550,0.21,0.93,41.2,32.49,0.06
254610,0.31,0.92,41.2,32.49,0.06
254730,0.26,0.93,41.2,32.49,0.04
254810,0.22,0.93,41.2,32.49,0.06
254830,0.21,0.92,41.2,32.49,0.05
254920,0.2,0.93,41.2,32.49,0.05
255060,0.27,0.93,41.2,32.49,0.07
255130,0.19,0.92,41.2,32.5,0.06
255210,0.24,0.93,41.2,32.5,0.04
255220,0.33,0.92,41.2,32.5,0.04
255410,0.2,0.92,41.21,32.5,0.04
255450,0.18,0.92,41.21,32.5,0.05
255480,0.19,0.92,41.21,32.5,0.04
255560,0.24,0.93,41.21,32.5,0.05
255610,0.35,0.93,41.21,32.5,0.05
255650,0.34,0.93,41.21,32.5,0.05
255670,0.32,0.94,41.21,32.5,0.09
255680,0.22,0.94,41.21,32.5,0.09
255780,0.29,0.95,41.21,32.5,0.07
255880,0.37,0.96,41.22,32.5,0.05
255990,0.42,0.97,41.22,32.5,0.06
256010,0.34,0.97,41.22,32.5,0.06
256170,0.28,0.97,41.22,32.51,0.05
256210,0.33,0.97,41.22,32.51,0.08
256400,0.22,0.91,41.23,32.51,0.08
256610,0.31,0.91,41.23,32.51,0.05
256630,0.31,0.92,41.23,32.51,0.04
256680,0.3,0.92,41.23,32.51,0.07
256760,0.39,0.93,41.23,32.51,0.06
256780,0.33,0.92,41.23,32.51,0.06
256800,0.28,0.94,41.23,32.51,0.07
256850,0.26,0.91,41.23,32.51,0.07
256930,0.27,0.91,41.24,32.52,0.05
257230,0.18,0.9,41.24,32.52,0.07
257430,0.24,0.91,41.24,32.52,0.06
257460,0.25,0.91,41.24,32.52,0.05
257510,0.27,0.93,41.24,32.52,0.05
257520,0.24,0.92,41.24,32.52,0.06
257590,0.36,0.91,41.24,32.52,0.11
257790,0.21,0.92,41.25,32.52,0.07
257860,0.3,0.92,41.25,32.52,0.08
258040,0.24,0.93,41.25,32.53,0.05
258120,0.2,0.92,41.25,32.53,0.05
258260,0.15,0.92,41.25,32.53,0.05
258430,0.22,0.93,41.25,32.53,0.05
258460,0.21,0.93,41.25,32.53,0.05
258510,0.17,0.92,41.26,32.53,0.07
258650,0.3,0.93,41.26,32.53,0.05
258740,0.24,0.93,41.26,32.53,0.04
258830,0.19,0.93,41.26,32.53,0.04
258900,0.19,0.93,41.26,32.53,0.05
258950,0.2,0.93,41.26,32.53,0.05
258970,0.2,0.94,41.26,32.53,0.05
259110,0.24,0.95,41.26,32.53,0.04
259180,0.25,0.96,41.26,32.53,0.03
259190,0.26,0.96,41.26,32.53,0.03
259220,0.26,0.95,41.26,32.53,0.05
259280,0.26,0.96,41.26,32.54,0.05
259310,0.25,0.97,41.26,32.54,0.05
259330,0.25,0.96,41.26,32.54,0.06
259350,0.26,0.95,41.26,32.54,0.06
259360,0.24,0.95,41.27,32.54,0.06
259450,0.26,0.94,41.27,32.54,0.06
259550,0.26,0.97,41.27,32.54,0.04
259750,0.35,0.96,41.27,32.54,0.06
259820,0.37,0.95,41.27,32.54,0.1
259860,0.33,0.94,41.27,32.54,0.09
259880,0.31,0.94,41.27,32.54,0.09
259960,0.39,0.95,41.28,32.54,0.05
259970,0.39,0.95,41.28,32.54,0.05
260050,0.37,0.92,41.28,32.55,0.07
260080,0.3,0.92,41.28,32.55,0.07
260130,0.33,0.92,41.28,32.55,0.05
260250,0.39,0.93,41.28,32.55,0.07
260360,0.47,0.95,41.28,32.55,0.07
260370,0.48,0.96,41.28,32.55,0.07
260410,0.47,0.94,41.28,32.55,0.08
260430,0.43,0.95,41.29,32.55,0.08
260540,0.43,0.94,41.29,32.55,0.08
260610,0.4,0.96,41.29,32.55,0.08
260720,0.59,0.96,41.29,32.56,0.05
260730,0.59,0.96,41.29,32.56,0.05
260770,0.58,0.97,41.29,32.56,0.07
260830,0.54,0.97,41.3,32.56,0.05
260890,0.55,0.97,41.3,32.56,0.05
260910,0.56,0.98,41.3,32.56,0.05
260980,0.52,0.97,41.3,32.56,0.05
261090,0.51,0.95,41.3,32.56,0.05
261130,0.54,0.93,41.3,32.56,0.06
261230,0.5,0.89,41.3,32.56,0.1
261430,0.24,0.88,41.3,32.56,0.04
261590,0.39,0.87,41.31,32.56,0.05
261600,0.39,0.88,41.31,32.56,0.04
261650,0.31,0.89,41.31,32.56,0.04
261670,0.31,0.89,41.31,32.56,0.05
261770,0.37,0.92,41.31,32.57,0.1
262060,0.28,0.91,41.31,32.57,0.05
262150,0.25,0.89,41.31,32.57,0.04
262200,0.29,0.9,41.32,32.57,0.04
262510,0.24,0.9,41.32,32.57,0.04
262560,0.24,0.87,41.32,32.57,0.04
263040,0.41,0.96,41.33,32.58,0.06
263150,0.36,0.93,41.33,32.58,0.05
263210,0.35,0.92,41.33,32.58,0.06
263240,0.32,0.92,41.33,32.58,0.06
263360,0.26,0.9,41.33,32.58,0.2
263420,0.27,0.9,41.33,32.58,0.07
263560,0.24,0.9,41.33,32.58,0.05
263740,0.26,0.9,41.34,32.59,0.04
263770,0.32,0.91,41.34,32.59,0.04
263800,0.26,0.91,41.34,32.59,0.04
263990,0.3,0.89,41.34,32.59,0.06
264020,0.29,0.9,41.34,32.59,0.05
264060,0.4,0.93,41.34,32.59,0.04
264220,0.39,0.94,41.35,32.59,0.06
264270,0.38,0.94,41.35,32.59,0.05
264410,0.24,0.89,41.35,32.59,0.07
264550,0.49,0.91,41.35,32.6,0.07
264590,0.28,0.91,41.35,32.6,0.07
264720,0.36,0.93,41.36,32.6,0.05
264820,0.47,0.97,41.36,32.6,0.05
264840,0.48,0.97,41.36,32.6,0.04
264920,0.45,0.97,41.36,32.6,0.05
265060,0.27,0.88,41.36,32.6,0.05
265070,0.25,0.88,41.36,32.6,0.05
265300,0.38,0.9,41.37,32.6,0.05
265410,0.37,0.91,41.37,32.6,0.05
265430,0.34,0.89,41.37,32.61,0.05
265580,0.28,0.87,41.37,32.61,0.04
265680,0.3,0.87,41.37,32.61,0.04
265730,0.3,0.87,41.37,32.61,0.04
265740,0.31,0.87,41.37,32.61,0.05
265870,0.36,0.87,41.38,32.61,0.05
265940,0.4,0.88,41.38,32.61,0.06
266000,0.41,0.88,41.38,32.61,0.05
266020,0.38,0.87,41.38,32.61,0.05
266230,0.42,0.86,41.38,32.61,0.04
266320,0.27,0.84,41.38,32.61,0.08
266400,0.32,0.86,41.38,32.62,0.05
266540,0.43,0.87,41.39,32.62,0.07
266570,0.47,0.89,41.39,32.62,0.07
267150,0.42,0.88,41.4,32.63,0.14
267210,0.38,0.87,41.4,32.63,0.11
267250,0.44,0.87,41.4,32.63,0.14
267260,0.37,0.86,41.4,32.63,0.14
267320,0.43,0.88,41.41,32.63,0.21
267400,0.47,0.87,41.41,32.63,0.27
267510,0.39,0.88,41.41,32.63,0.11
267560,0.35,0.88,41.41,32.63,0.1
267570,0.34,0.88,41.41,32.63,0.1
267580,0.34,0.88,41.41,32.63,0.1
267830,0.34,0.88,41.42,32.64,0.09
267840,0.34,0.87,41.42,32.64,0.05
267970,0.42,0.86,41.42,32.64,0.09
268120,0.45,0.87,41.42,32.64,0.04
268340,0.31,0.87,41.42,32.64,0.04
268410,0.27,0.87,41.43,32.64,0.08
268590,0.39,0.91,41.43,32.64,0.05
268690,0.36,0.92,41.43,32.64,0.04
268820,0.31,0.91,41.43,32.65,0.03
268830,0.32,0.91,41.43,32.65,0.03
268860,0.36,0.9,41.43,32.65,0.03
268950,0.26,0.89,41.44,32.65,0.04
268960,0.26,0.88,41.44,32.65,0.04
268970,0.27,0.88,41.44,32.65,0.04
268990,0.28,0.88,41.44,32.65,0.04
269000,0.27,0.88,41.44,32.65,0.04
269060,0.27,0.88,41.44,32.65,0.05
269110,0.27,0.88,41.44,32.65,0.06
269160,0.52,0.87,41.44,32.65,0.11
269260,0.31,0.88,41.44,32.65,0.08
269370,0.31,0.88,41.44,32.65,0.04
269420,0.29,0.86,41.44,32.65,0.04
269490,0.25,0.86,41.44,32.65,0.07
269620,0.26,0.88,41.44,32.65,0.07
269670,0.26,0.87,41.45,32.65,0.03
269720,0.27,0.87,41.45,32.65,0.04
269780,0.28,0.87,41.45,32.65,0.05
269840,0.25,0.87,41.45,32.65,0.05
269970,0.24,0.87,41.45,32.66,0.07
270110,0.33,0.91,41.45,32.66,0.05
270170,0.3,0.89,41.45,32.66,0.04
270180,0.3,0.89,41.45,32.66,0.06
270250,0.34,0.89,41.46,32.66,0.07
270390,0.36,0.9,41.46,32.66,0.05
270430,0.36,0.9,41.46,32.66,0.06
270580,0.41,0.94,41.47,32.66,0.1
270700,0.36,0.95,41.47,32.66,0.08
270760,0.37,0.96,41.47,32.66,0.07
270960,0.4,0.96,41.47,32.67,0.06
271010,0.4,0.95,41.48,32.67,0.06
271020,0.4,0.95,41.48,32.67,0.09
271030,0.34,0.95,41.48,32.67,0.09
271280,0.4,0.93,41.48,32.67,0.1
271310,0.39,0.94,41.48,32.67,0.1
271370,0.36,0.9,41.48,32.67,0.08
271430,0.38,0.93,41.49,32.67,0.08
271500,0.37,0.9,41.49,32.67,0.13
271530,0.4,0.94,41.49,32.68,0.13
271570,0.42,0.96,41.49,32.68,0.07
271640,0.38,0.95,41.49,32.68,0.04
271700,0.38,0.96,41.49,32.68,0.05
271710,0.38,0.95,41.49,32.68,0.05
271780,0.33,0.93,41.5,32.68,0.05
271910,0.36,0.94,41.5,32.68,0.04
271970,0.39,0.95,41.5,32.68,0.1
272070,0.51,0.94,41.5,32.68,0.06
272480,0.39,0.89,41.51,32.69,0.11
272520,0.36,0.88,41.51,32.69,0.13
272680,0.51,0.88,41.51,32.69,0.07
272780,0.35,0.86,41.52,32.69,0.07
273510,0.42,0.86,41.53,32.7,0.09
273590,0.39,0.86,41.53,32.7,0.13
273600,0.38,0.87,41.53,32.7,0.12
273730,0.55,0.87,41.54,32.7,0.12
273830,0.42,0.89,41.54,32.7,0.07
273930,0.43,0.87,41.54,32.7,0.08
274110,0.42,0.88,41.55,32.71,0.11
274430,0.4,0.88,41.56,32.71,0.1
274520,0.37,0.85,41.56,32.71,0.14
274660,0.38,0.85,41.56,32.71,0.11
274820,0.56,0.87,41.57,32.71,0.1
274900,0.42,0.87,41.57,32.72,0.18
275010,0.46,0.87,41.57,32.72,0.17
275090,0.39,0.87,41.57,32.72,0.11
275120,0.37,0.87,41.57,32.72,0.1
275150,0.39,0.87,41.57,32.72,0.1
275180,0.33,0.87,41.57,32.72,0.09
275190,0.32,0.87,41.57,32.72,0.09
275250,0.33,0.87,41.57,32.72,0.07
275350,0.39,0.89,41.58,32.72,0.16
275440,0.36,0.87,41.58,32.72,0.08
275500,0.4,0.88,41.58,32.72,0.07
275520,0.34,0.88,41.58,32.72,0.06
275580,0.33,0.86,41.58,32.73,0.06
275640,0.37,0.87,41.58,32.73,0.04
275750,0.35,0.87,41.59,32.73,0.04
275880,0.4,0.87,41.59,32.73,0.08
275890,0.37,0.88,41.59,32.73,0.08
275930,0.5,0.89,41.59,32.73,0.08
275970,0.49,0.88,41.59,32.73,0.09
276060,0.37,0.88,41.59,32.73,0.1
276150,0.34,0.89,41.59,32.73,0.06
276160,0.35,0.89,41.59,32.73,0.06
276400,0.3,0.89,41.6,32.74,0.06
276460,0.31,0.89,41.6,32.74,0.06
276620,0.45,0.93,41.6,32.74,0.05
276880,0.53,0.89,41.61,32.75,0.07
276890,0.61,0.9,41.61,32.75,0.07
277090,0.45,0.89,41.62,32.75,0.06
277120,0.4,0.89,41.62,32.75,0.06
277130,0.38,0.88,41.62,32.75,0.06
277230,0.34,0.87,41.62,32.75,0.05
277310,0.4,0.89,41.62,32.75,0.05
277410,0.43,0.88,41.62,32.75,0.08
277500,0.46,0.91,41.62,32.76,0.08
277530,0.51,0.93,41.62,32.76,0.08
277690,0.6,0.93,41.63,32.76,0.09
277710,0.45,0.92,41.63,32.76,0.09
277800,0.43,0.92,41.63,32.76,0.13
277820,0.42,0.92,41.63,32.76,0.13
277830,0.38,0.9,41.63,32.76,0.13
277850,0.39,0.9,41.63,32.76,0.13
277920,0.39,0.91,41.63,32.76,0.11
277930,0.41,0.91,41.63,32.76,0.11
277940,0.36,0.9,41.63,32.77,0.11
278000,0.42,0.93,41.64,32.77,0.21
278020,0.48,0.94,41.64,32.77,0.21
278130,0.51,0.91,41.64,32.77,0.14
278290,0.36,0.91,41.64,32.77,0.1
278480,0.31,0.9,41.65,32.78,0.1
278530,0.33,0.91,41.65,32.78,0.07
278590,0.34,0.92,41.65,32.78,0.07
278600,0.38,0.92,41.65,32.78,0.07
278730,0.33,0.93,41.65,32.78,0.05
279000,0.31,0.92,41.65,32.78,0.05
279010,0.36,0.93,41.65,32.78,0.05
279050,0.38,0.94,41.66,32.78,0.05
279120,0.33,0.93,41.66,32.78,0.13
279220,0.37,0.91,41.66,32.79,0.08
279360,0.47,0.96,41.66,32.79,0.09
279410,0.37,0.96,41.66,32.79,0.09
279450,0.35,0.95,41.66,32.79,0.15
279720,0.36,0.92,41.67,32.79,0.05
279780,0.26,0.89,41.67,32.79,0.06
279810,0.28,0.88,41.67,32.79,0.06
279890,0.26,0.89,41.67,32.79,0.07
279950,0.29,0.9,41.67,32.79,0.04
280020,0.47,0.92,41.67,32.79,0.06
280070,0.49,0.93,41.67,32.8,0.06
280170,0.51,0.95,41.68,32.8,0.06
280290,0.44,0.94,41.68,32.8,0.07
280400,0.42,0.92,41.69,32.8,0.06
280480,0.45,0.97,41.69,32.8,0.09
280660,0.4,0.91,41.69,32.8,0.14
280760,0.64,0.97,41.69,32.81,0.27
280890,0.72,0.97,41.7,32.81,0.22
280930,0.69,0.96,41.7,32.81,0.18
281130,0.62,0.97,41.71,32.81,0.17
281220,0.57,0.97,41.71,32.81,0.1
281330,0.52,0.96,41.71,32.82,0.17
281370,0.42,0.94,41.71,32.82,0.11
281390,0.46,0.92,41.71,32.82,0.11
281510,0.48,0.94,41.72,32.82,0.1
281560,0.46,0.91,41.72,32.82,0.12
281600,0.43,0.91,41.72,32.82,0.09
281750,0.44,0.94,41.72,32.83,0.13
281770,0.5,0.96,41.72,32.83,0.11
281810,0.54,0.91,41.72,32.83,0.11
282180,0.4,0.93,41.73,32.83,0.08
282230,0.35,0.92,41.73,32.84,0.08
282310,0.58,0.91,41.73,32.84,0.07
282330,0.54,0.91,41.73,32.84,0.07
282410,0.56,0.91,41.74,32.84,0.12
282530,0.75,0.96,41.74,32.84,0.11
282680,0.77,0.97,41.75,32.84,0.11
282720,0.78,0.98,41.75,32.84,0.05
282780,0.78,0.98,41.75,32.84,0.1
282990,0.81,0.93,41.76,32.85,0.13
283020,0.78,0.89,41.77,32.85,0.07
283150,0.66,0.88,41.77,32.85,0.06
283200,0.6,0.88,41.77,32.85,0.05
283280,0.46,0.87,41.78,32.85,0.12
283450,0.47,0.86,41.78,32.85,0.07
283480,0.46,0.87,41.78,32.86,0.07
283530,0.52,0.87,41.78,32.86,0.12
283580,0.63,0.89,41.78,32.86,0.08
283650,0.55,0.9,41.79,32.86,0.13
283710,0.86,0.94,41.79,32.86,0.15
283970,0.67,0.94,41.79,32.86,0.14
284150,0.63,0.94,41.8,32.87,0.15
284380,0.53,0.91,41.8,32.87,0.15
284540,0.59,0.91,41.81,32.87,0.12
284570,0.56,0.91,41.81,32.87,0.12
284780,0.46,0.89,41.82,32.88,0.08
284850,0.42,0.89,41.82,32.88,0.06
284930,0.5,0.9,41.82,32.88,0.1
285040,0.51,0.91,41.82,32.88,0.09
285260,0.6,0.96,41.83,32.88,0.18
285290,0.59,0.95,41.83,32.88,0.18
285300,0.58,0.95,41.83,32.88,0.13
285380,0.64,0.94,41.83,32.89,0.08
285670,0.63,0.96,41.84,32.89,0.11
285700,0.57,0.96,41.84,32.89,0.11
285820,0.54,0.92,41.84,32.89,0.16
286070,0.61,0.87,41.85,32.9,0.25
286110,0.53,0.88,41.85,32.9,0.14
286200,0.57,0.88,41.85,32.9,0.19
286240,0.52,0.89,41.85,32.9,0.19
286260,0.51,0.9,41.85,32.9,0.13
286340,0.54,0.89,41.85,32.9,0.11
286350,0.53,0.89,41.85,32.9,0.11
286750,0.57,0.87,41.86,32.91,0.13
286790,0.53,0.87,41.86,32.91,0.13
286820,0.54,0.87,41.86,32.91,0.15
286870,0.48,0.87,41.86,32.91,0.19
287030,0.49,0.86,41.87,32.91,0.14
287090,0.48,0.88,41.87,32.91,0.11
287100,0.41,0.88,41.87,32.91,0.09
287180,0.6,0.89,41.87,32.92,0.18
287250,0.66,0.94,41.88,32.92,0.14
287290,0.67,0.94,41.88,32.92,0.19
287390,0.55,0.89,41.88,32.92,0.14
287480,0.57,0.9,41.88,32.92,0.09
287540,0.53,0.91,41.88,32.92,0.1
287600,0.47,0.92,41.88,32.92,0.1
287630,0.53,0.9,41.89,32.93,0.1
287680,0.46,0.89,41.89,32.93,0.17
287730,0.5,0.88,41.89,32.93,0.12
287750,0.51,0.9,41.89,32.93,0.12
287760,0.49,0.91,41.89,32.93,0.1
287790,0.41,0.91,41.89,32.93,0.1
287800,0.42,0.91,41.89,32.93,0.1
287830,0.41,0.91,41.89,32.93,0.17
287990,0.38,0.9,41.89,32.93,0.14
288050,0.54,0.94,41.89,32.93,0.09
288120,0.66,0.95,41.9,32.94,0.07
288260,0.54,0.93,41.91,32.94,0.13
288440,0.5,0.94,41.91,32.95,0.16
288490,0.5,0.94,41.91,32.95,0.09
288610,0.47,0.94,41.92,32.96,0.13
288620,0.43,0.94,41.92,32.96,0.13
288680,0.47,0.93,41.92,32.96,0.09
288750,0.39,0.93,41.92,32.96,0.1
288910,0.53,0.95,41.93,32.97,0.11
288940,0.53,0.94,41.93,32.97,0.11
289070,0.47,0.94,41.94,32.97,0.06
289090,0.46,0.93,41.94,32.97,0.05
289190,0.52,0.91,41.94,32.98,0.1
289320,0.57,0.9,41.95,32.98,0.17
289330,0.61,0.9,41.95,32.98,0.17
289370,0.52,0.89,41.95,32.99,0.17
289420,0.43,0.89,41.95,32.99,0.09
289520,0.52,0.89,41.95,32.99,0.07
289580,0.4,0.89,41.96,32.99,0.09
289630,0.37,0.88,41.96,33.0,0.09
289640,0.36,0.88,41.96,33.0,0.09
289670,0.3,0.88,41.96,33.0,0.09
289740,0.27,0.87,41.96,33.0,0.06
289940,0.37,0.9,41.97,33.01,0.08
289950,0.37,0.9,41.97,33.01,0.08
290010,0.4,0.91,41.97,33.01,0.24
290190,0.38,0.9,41.97,33.01,0.05
290240,0.37,0.89,41.98,33.02,0.05
290300,0.38,0.9,41.98,33.02,0.06
290380,0.4,0.91,41.98,33.02,0.08
290450,0.52,0.92,41.99,33.02,0.07
290610,0.6,0.97,41.99,33.03,0.11
290830,0.42,0.93,42.0,33.04,0.1
291070,0.46,0.93,42.01,33.05,0.15
291240,0.37,0.91,42.02,33.05,0.09
291280,0.37,0.91,42.02,33.05,0.09
291400,0.49,0.91,42.02,33.06,0.06
291450,0.52,0.91,42.03,33.06,0.06
291480,0.47,0.92,42.03,33.06,0.07
291550,0.44,0.92,42.03,33.06,0.16
291590,0.39,0.91,42.03,33.07,0.16
291650,0.51,0.93,42.03,33.07,0.05
291680,0.58,0.96,42.03,33.07,0.08
291790,0.68,0.97,42.04,33.07,0.34
291900,0.58,0.93,42.05,33.07,0.12
291990,0.57,0.93,42.05,33.08,0.16
292190,0.59,0.91,42.06,33.08,0.12
292260,0.49,0.9,42.06,33.08,0.11
292280,0.5,0.89,42.06,33.08,0.11
292410,0.42,0.86,42.06,33.09,0.09
292420,0.38,0.87,42.06,33.09,0.09
292600,0.44,0.86,42.06,33.09,0.09
292670,0.6,0.86,42.07,33.09,0.08
292700,0.58,0.86,42.07,33.09,0.12
293010,0.33,0.82,42.07,33.1,0.25
293050,0.43,0.84,42.07,33.1,0.08
293060,0.45,0.84,42.07,33.1,0.08
293110,0.45,0.85,42.07,33.1,0.06
293140,0.44,0.85,42.07,33.1,0.06
293150,0.46,0.85,42.08,33.1,0.06
293200,0.49,0.85,42.08,33.1,0.12
293350,0.36,0.85,42.08,33.1,0.07
293360,0.4,0.86,42.08,33.1,0.07
293410,0.44,0.88,42.08,33.1,0.05
293560,0.4,0.89,42.09,33.11,0.06
293700,0.41,0.88,42.09,33.11,0.07
293800,0.39,0.88,42.09,33.11,0.12
293820,0.39,0.88,42.09,33.11,0.07
293840,0.43,0.88,42.09,33.11,0.07
293940,0.48,0.88,42.09,33.11,0.06
294080,0.36,0.85,42.1,33.11,0.07
294180,0.33,0.85,42.1,33.12,0.06
294230,0.45,0.86,42.1,33.12,0.06
294260,0.35,0.86,42.1,33.12,0.05
294280,0.4,0.87,42.1,33.12,0.05
294510,0.4,0.86,42.11,33.13,0.05
294540,0.34,0.86,42.11,33.13,0.05
294640,0.42,0.87,42.12,33.13,0.05
294670,0.43,0.86,42.12,33.13,0.05
294820,0.32,0.82,42.12,33.14,0.06
294890,0.31,0.83,42.12,33.14,0.07
294970,0.5,0.85,42.12,33.14,0.05
295090,0.53,0.85,42.13,33.14,0.06
295220,0.41,0.87,42.13,33.14,0.07
295280,0.52,0.88,42.13,33.14,0.08
295370,0.51,0.92,42.13,33.15,0.07
295380,0.59,0.93,42.13,33.15,0.08
295400,0.49,0.91,42.13,33.15,0.08
295440,0.42,0.91,42.13,33.15,0.08
295480,0.52,0.9,42.13,33.15,0.08
295520,0.45,0.92,42.13,33.15,0.07
295550,0.46,0.92,42.14,33.15,0.07
295740,0.49,0.89,42.14,33.15,0.06
295870,0.54,0.88,42.14,33.16,0.09
295930,0.44,0.86,42.14,33.16,0.07
296280,0.43,0.87,42.15,33.16,0.08
296500,0.4,0.85,42.16,33.17,0.07
296680,0.49,0.86,42.16,33.17,0.09
296700,0.43,0.86,42.16,33.17,0.09
296800,0.45,0.88,42.16,33.17,0.08
296850,0.43,0.89,42.16,33.17,0.05
296930,0.44,0.87,42.16,33.17,0.06
296970,0.44,0.87,42.16,33.17,0.09
297030,0.49,0.87,42.17,33.18,0.06
297120,0.39,0.87,42.17,33.18,0.06
297150,0.41,0.88,42.17,33.18,0.06
297190,0.39,0.87,42.17,33.18,0.1
297360,0.38,0.87,42.17,33.18,0.05
297370,0.43,0.88,42.17,33.18,0.05
297440,0.39,0.87,42.17,33.18,0.06
297510,0.4,0.87,42.18,33.18,0.07
297630,0.44,0.89,42.18,33.19,0.07
297870,0.42,0.89,42.18,33.19,0.05
297900,0.42,0.91,42.18,33.19,0.08
297910,0.57,0.92,42.18,33.19,0.08
297920,0.53,0.91,42.18,33.19,0.08
297960,0.43,0.89,42.18,33.19,0.06
298010,0.41,0.88,42.19,33.19,0.06
298090,0.52,0.9,42.19,33.19,0.08
298100,0.47,0.9,42.19,33.19,0.08
298160,0.43,0.89,42.19,33.2,0.09
298170,0.46,0.9,42.19,33.2,0.09
298200,0.47,0.91,42.19,33.2,0.07
298250,0.55,0.93,42.19,33.2,0.07
298260,0.54,0.93,42.19,33.2,0.1
298350,0.63,0.94,42.19,33.2,0.12
298410,0.5,0.92,42.19,33.2,0.15
298450,0.48,0.92,42.19,33.2,0.09
298580,0.62,0.9,42.2,33.2,0.07
298720,0.4,0.9,42.2,33.2,0.11
298740,0.4,0.9,42.2,33.21,0.1
298890,0.49,0.91,42.2,33.21,0.08
298930,0.51,0.9,42.2,33.21,0.09
299030,0.51,0.92,42.21,33.21,0.1
299060,0.61,0.91,42.21,33.21,0.17
299300,0.61,0.93,42.22,33.22,0.11
299330,0.48,0.89,42.22,33.22,0.11
299420,0.53,0.9,42.22,33.22,0.08
299490,0.57,0.91,42.22,33.22,0.07
299530,0.53,0.92,42.22,33.22,0.11
299650,0.61,0.92,42.23,33.23,0.07
299720,0.64,0.93,42.23,33.23,0.1
299950,0.55,0.93,42.23,33.23,0.15
300100,0.64,0.96,42.24,33.23,0.11
300400,0.41,0.93,42.24,33.24,0.06
301040,0.43,0.94,42.26,33.25,0.06
301050,0.43,0.94,42.26,33.25,0.06
301090,0.46,0.94,42.26,33.25,0.07
301160,0.49,0.96,42.26,33.25,0.07
301310,0.45,0.94,42.26,33.25,0.07
301480,0.46,0.95,42.26,33.26,0.07
301510,0.52,0.94,42.27,33.26,0.09
301660,0.47,0.96,42.27,33.26,0.07
301810,0.48,0.96,42.27,33.27,0.1
301900,0.48,0.98,42.27,33.27,0.08
301910,0.5,0.97,42.27,33.27,0.08
301920,0.49,0.96,42.27,33.27,0.06
302140,0.46,0.94,42.28,33.27,0.07
302320,0.48,0.95,42.28,33.28,0.11
302380,0.4,0.94,42.28,33.28,0.09
302440,0.56,0.95,42.28,33.28,0.08
302480,0.62,0.95,42.29,33.28,0.08
302670,0.51,0.97,42.29,33.29,0.16
302700,0.48,0.97,42.29,33.29,0.15
303190,0.52,0.96,42.3,33.29,0.04
303300,0.51,0.96,42.3,33.3,0.05
303440,0.54,0.95,42.3,33.3,0.06
303470,0.52,0.94,42.3,33.3,0.06
303540,0.46,0.95,42.31,33.3,0.1
303560,0.49,0.94,42.31,33.3,0.1
303690,0.43,0.93,42.31,33.3,0.1
303900,0.34,0.92,42.31,33.31,0.37
304210,0.38,0.93,42.32,33.31,0.09
304220,0.38,0.93,42.32,33.31,0.09
304240,0.45,0.94,42.32,33.31,0.09
304300,0.43,0.95,42.32,33.31,0.09
304440,0.6,0.95,42.32,33.31,0.06
304550,0.73,0.97,42.32,33.32,0.05
304560,0.74,0.97,42.32,33.32,0.18
304610,0.6,0.92,42.32,33.32,0.18
304690,0.53,0.89,42.33,33.32,0.19
304930,0.46,0.9,42.33,33.32,0.13
304990,0.51,0.93,42.33,33.32,0.22
305040,0.37,0.92,42.33,33.32,0.17
305120,0.47,0.91,42.33,33.32,0.15
305130,0.47,0.92,42.33,33.32,0.15
305280,0.46,0.94,42.34,33.33,0.08
305330,0.45,0.94,42.34,33.33,0.08
305390,0.51,0.94,42.34,33.33,0.05
305410,0.58,0.94,42.34,33.33,0.06
305430,0.61,0.95,42.34,33.33,0.06
305510,0.45,0.96,42.34,33.33,0.05
305560,0.46,0.95,42.34,33.33,0.05
305630,0.41,0.95,42.34,33.33,0.05
305650,0.43,0.95,42.34,33.33,0.05
305680,0.42,0.95,42.34,33.33,0.05
305730,0.41,0.94,42.34,33.33,0.05
305750,0.42,0.95,42.34,33.33,0.05
305830,0.38,0.93,42.34,33.33,0.06
305880,0.38,0.94,42.35,33.34,0.06
305900,0.46,0.93,42.35,33.34,0.06
305910,0.48,0.93,42.35,33.34,0.06
305960,0.47,0.93,42.35,33.34,0.08
305980,0.44,0.94,42.35,33.34,0.08
306200,0.31,0.93,42.35,33.34,0.05
306350,0.35,0.93,42.35,33.34,0.05
306370,0.33,0.92,42.35,33.34,0.06
306390,0.32,0.92,42.35,33.34,0.06
306620,0.44,0.95,42.36,33.35,0.09
306660,0.44,0.95,42.36,33.35,0.07
306740,0.45,0.96,42.36,33.35,0.05
306890,0.5,0.96,42.36,33.35,0.1
306920,0.45,0.97,42.36,33.35,0.06
306960,0.43,0.95,42.36,33.35,0.06
306990,0.44,0.96,42.36,33.35,0.06
307060,0.36,0.94,42.37,33.35,0.06
307070,0.4,0.94,42.37,33.35,0.06
307200,0.42,0.93,42.37,33.35,0.06
307440,0.43,0.92,42.37,33.36,0.07
307580,0.52,0.93,42.37,33.36,0.09
307740,0.35,0.91,42.38,33.36,0.06
307860,0.35,0.92,42.38,33.36,0.03
307900,0.36,0.92,42.38,33.36,0.03
308300,0.42,0.93,42.39,33.37,0.08
308440,0.43,0.93,42.39,33.37,0.07
308590,0.43,0.92,42.39,33.37,0.06
308720,0.45,0.93,42.39,33.37,0.05
308780,0.44,0.94,42.39,33.38,0.05
309210,0.58,0.93,42.4,33.38,0.08
309290,0.6,0.93,42.4,33.38,0.07
309310,0.55,0.93,42.4,33.38,0.08
309590,0.45,0.9,42.41,33.39,0.08
309620,0.45,0.9,42.41,33.39,0.17
309730,0.57,0.93,42.41,33.39,0.17
309770,0.62,0.92,42.41,33.39,0.17
309870,0.66,0.93,42.42,33.39,0.27
309930,0.6,0.94,42.42,33.39,0.15
309970,0.58,0.95,42.42,33.39,0.11
310430,0.45,0.93,42.43,33.4,0.32
310640,0.45,0.94,42.43,33.4,0.13
310700,0.45,0.94,42.43,33.4,0.15
310730,0.45,0.95,42.43,33.4,0.15
310860,0.45,0.94,42.44,33.41,0.11
311220,0.43,0.94,42.44,33.41,0.09
311340,0.47,0.93,42.44,33.41,0.22
311420,0.4,0.93,42.45,33.42,0.08
311430,0.45,0.93,42.45,33.42,0.08
311560,0.34,0.94,42.45,33.42,0.07
311610,0.39,0.96,42.45,33.42,0.06
311850,0.39,0.97,42.46,33.42,0.09
312070,0.38,0.93,42.46,33.42,0.07
312380,0.33,0.92,42.47,33.43,0.09
312540,0.27,0.92,42.47,33.43,0.06
312580,0.26,0.91,42.47,33.43,0.06
312730,0.34,0.94,42.47,33.43,0.08
312790,0.31,0.93,42.47,33.43,0.08
313130,0.47,0.94,42.48,33.44,0.06
313240,0.5,0.96,42.48,33.44,0.09
313300,0.53,0.96,42.48,33.44,0.1
313340,0.46,0.96,42.48,33.44,0.09
313390,0.58,0.96,42.48,33.44,0.07
313520,0.36,0.97,42.49,33.44,0.05
313540,0.34,0.96,42.49,33.44,0.05
313610,0.32,0.97,42.49,33.44,0.06
313710,0.31,0.95,42.49,33.45,0.1
313790,0.3,0.95,42.49,33.45,0.08
313820,0.29,0.95,42.49,33.45,0.08
313840,0.29,0.95,42.49,33.45,0.08
313990,0.28,0.91,42.49,33.45,0.11
314180,0.45,0.93,42.5,33.45,0.09
314190,0.42,0.93,42.5,33.45,0.09
314240,0.3,0.92,42.5,33.45,0.07
314350,0.42,0.93,42.5,33.45,0.08
314480,0.35,0.93,42.5,33.46,0.09
314490,0.39,0.93,42.5,33.46,0.09
314520,0.32,0.93,42.5,33.46,0.06
314610,0.3,0.93,42.5,33.46,0.09
314750,0.47,0.94,42.5,33.46,0.08
314820,0.33,0.93,42.51,33.46,0.07
314850,0.34,0.93,42.51,33.46,0.07
314990,0.57,0.94,42.51,33.46,0.05
315080,0.66,0.97,42.51,33.46,0.06
315370,0.37,0.96,42.51,33.47,0.06
315400,0.34,0.97,42.52,33.47,0.06
315460,0.3,0.9,42.52,33.47,0.05
315730,0.3,0.91,42.52,33.47,0.05
315800,0.28,0.91,42.52,33.47,0.06
315990,0.34,0.92,42.52,33.47,0.06
316010,0.32,0.92,42.52,33.47,0.06
316160,0.32,0.92,42.53,33.48,0.1
316170,0.36,0.92,42.53,33.48,0.1
316250,0.31,0.93,42.53,33.48,0.08
316380,0.24,0.92,42.53,33.48,0.04
316500,0.24,0.92,42.53,33.48,0.06
316610,0.22,0.91,42.53,33.48,0.05
316760,0.28,0.92,42.54,33.48,0.07
316860,0.35,0.94,42.54,33.49,0.06
316880,0.36,0.94,42.54,33.49,0.06
317020,0.27,0.92,42.54,33.49,0.41
317110,0.35,0.95,42.54,33.49,0.15
317130,0.3,0.94,42.54,33.49,0.15
317180,0.29,0.93,42.54,33.49,0.13
317190,0.34,0.94,42.54,33.49,0.13
317230,0.33,0.95,42.54,33.49,0.14
317290,0.34,0.95,42.54,33.49,0.13
317410,0.33,0.95,42.54,33.49,0.09
317420,0.3,0.95,42.54,33.49,0.09
317560,0.25,0.94,42.55,33.5,0.07
317640,0.3,0.93,42.55,33.5,0.07
317670,0.31,0.94,42.55,33.5,0.07
317770,0.32,0.94,42.55,33.5,0.08
317790,0.33,0.95,42.55,33.5,0.08
317940,0.25,0.92,42.55,33.5,0.3
317980,0.28,0.92,42.56,33.5,0.3
318210,0.28,0.89,42.56,33.51,0.12
318230,0.27,0.89,42.56,33.51,0.12
318350,0.44,0.93,42.56,33.51,0.08
318400,0.4,0.92,42.56,33.51,0.07
318460,0.31,0.89,42.56,33.51,0.27
318680,0.36,0.9,42.57,33.52,0.12
318770,0.42,0.9,42.57,33.52,0.13
318780,0.41,0.9,42.57,33.52,0.42
318800,0.41,0.9,42.57,33.52,0.42
318870,0.42,0.9,42.57,33.52,0.41
318910,0.38,0.9,42.57,33.52,0.87
319070,0.35,0.9,42.57,33.52,0.18
319110,0.33,0.9,42.58,33.52,0.08
319180,0.43,0.91,42.58,33.53,0.06
319310,0.39,0.91,42.58,33.53,0.07
319470,0.29,0.89,42.58,33.53,0.1
319500,0.32,0.9,42.58,33.53,0.05
319710,0.3,0.91,42.58,33.53,0.04
319730,0.39,0.92,42.59,33.53,0.04
319770,0.36,0.92,42.59,33.53,0.07
319790,0.39,0.92,42.59,33.53,0.07
319860,0.34,0.92,42.59,33.54,0.04
320010,0.34,0.91,42.59,33.54,0.14
320030,0.27,0.9,42.59,33.54,0.14
320040,0.3,0.9,42.59,33.54,0.09
320150,0.27,0.9,42.59,33.54,0.06
320290,0.26,0.88,42.6,33.54,0.19
320440,0.23,0.89,42.6,33.54,0.08
320450,0.21,0.89,42.6,33.54,0.08
320740,0.3,0.93,42.6,33.55,0.07
320860,0.31,0.94,42.61,33.55,0.07
321070,0.27,0.91,42.61,33.55,0.07
321090,0.22,0.9,42.61,33.55,0.07
321120,0.21,0.89,42.61,33.55,0.1
321290,0.3,0.92,42.61,33.56,0.06
321340,0.5,0.95,42.61,33.56,0.05
321360,0.53,0.95,42.61,33.56,0.08
321530,0.41,0.97,42.62,33.56,0.06
321730,0.34,0.95,42.62,33.56,0.05
321960,0.33,0.93,42.62,33.57,0.06
321980,0.35,0.93,42.62,33.57,0.06
322160,0.33,0.94,42.62,33.57,0.06
322170,0.33,0.94,42.62,33.57,0.06
322260,0.41,0.92,42.63,33.57,0.05
322280,0.31,0.91,42.63,33.57,0.05
322390,0.22,0.89,42.63,33.57,0.07
322430,0.21,0.9,42.63,33.57,0.07
322480,0.28,0.91,42.63,33.57,0.04
322600,0.19,0.89,42.63,33.57,0.05
322680,0.19,0.88,42.63,33.57,0.06
322710,0.18,0.88,42.63,33.57,0.06
323090,0.27,0.91,42.64,33.58,0.07
323150,0.22,0.9,42.64,33.58,0.06
323190,0.24,0.91,42.64,33.58,0.08
323240,0.24,0.91,42.64,33.58,0.05
323290,0.22,0.91,42.64,33.58,0.06
323330,0.21,0.9,42.64,33.58,0.06
323390,0.19,0.89,42.64,33.58,0.05
323510,0.15,0.89,42.64,33.58,0.04
323600,0.21,0.9,42.65,33.58,0.04
324110,0.3,0.94,42.65,33.59,0.18
324180,0.29,0.94,42.65,33.59,0.07
324270,0.36,0.93,42.65,33.59,0.06
324490,0.35,0.91,42.66,33.59,0.12
324590,0.23,0.92,42.66,33.59,0.08
324650,0.24,0.93,42.66,33.59,0.06
324880,0.34,0.94,42.66,33.6,0.05
324900,0.31,0.93,42.66,33.6,0.06
324940,0.34,0.93,42.66,33.6,0.06
324980,0.36,0.93,42.66,33.6,0.07
325020,0.27,0.92,42.66,33.6,0.07
325250,0.25,0.93,42.67,33.6,0.06
325260,0.25,0.92,42.67,33.6,0.06
325270,0.22,0.92,42.67,33.6,0.06
325300,0.26,0.93,42.67,33.6,0.06
325320,0.34,0.94,42.67,33.6,0.04
325490,0.39,0.94,42.67,33.6,0.07
325550,0.32,0.95,42.67,33.6,0.06
325560,0.27,0.94,42.67,33.6,0.05
325580,0.27,0.94,42.67,33.6,0.05
325660,0.32,0.94,42.67,33.6,0.08
325670,0.38,0.94,42.67,33.6,0.08
325750,0.32,0.95,42.67,33.61,0.04
325770,0.27,0.94,42.67,33.61,0.04
325900,0.35,0.96,42.67,33.61,0.07
325930,0.33,0.94,42.67,33.61,0.08
326420,0.23,0.94,42.68,33.61,0.05
326430,0.22,0.93,42.68,33.61,0.05
326520,0.2,0.93,42.68,33.61,0.04
326560,0.27,0.94,42.68,33.61,0.04
326570,0.27,0.94,42.68,33.61,0.04
326610,0.22,0.94,42.68,33.61,0.05
326640,0.22,0.93,42.68,33.61,0.04
326680,0.22,0.93,42.68,33.61,0.04
326740,0.22,0.93,42.68,33.62,0.04
326820,0.21,0.94,42.68,33.62,0.04
326890,0.21,0.94,42.68,33.62,0.04
326940,0.19,0.94,42.68,33.62,0.04
326960,0.17,0.93,42.68,33.62,0.04
327000,0.19,0.94,42.68,33.62,0.04
327020,0.18,0.94,42.68,33.62,0.04
327060,0.25,0.94,42.69,33.62,0.05
327070,0.26,0.94,42.69,33.62,0.05
327160,0.16,0.92,42.69,33.62,0.05
327170,0.18,0.92,42.69,33.62,0.05
327180,0.21,0.93,42.69,33.62,0.04
327360,0.24,0.94,42.69,33.62,0.04
327370,0.24,0.94,42.69,33.62,0.04
327540,0.22,0.93,42.69,33.62,0.04
327740,0.27,0.95,42.69,33.62,0.04
327780,0.26,0.96,42.69,33.62,0.04
327790,0.25,0.96,42.69,33.62,0.04
328080,0.16,0.94,42.7,33.63,0.05
328090,0.2,0.93,42.7,33.63,0.05
328160,0.19,0.93,42.7,33.63,0.05
328170,0.18,0.93,42.7,33.63,0.05
328280,0.14,0.94,42.7,33.63,0.05
328460,0.18,0.94,42.7,33.63,0.04
328480,0.18,0.94,42.7,33.63,0.04
328490,0.18,0.95,42.7,33.63,0.04
328520,0.24,0.94,42.7,33.63,0.05
328620,0.21,0.95,42.7,33.63,0.04
328670,0.19,0.95,42.7,33.63,0.04
328730,0.24,0.95,42.7,33.63,0.05
328890,0.24,0.95,42.7,33.63,0.05
328900,0.22,0.96,42.7,33.63,0.05
328920,0.23,0.95,42.7,33.63,0.05
328940,0.22,0.95,42.7,33.63,0.05
329020,0.21,0.95,42.7,33.64,0.05
329030,0.21,0.95,42.7,33.64,0.05
329080,0.23,0.95,42.7,33.64,0.04
329130,0.19,0.96,42.71,33.64,0.06
329230,0.22,0.95,42.71,33.64,0.04
329250,0.18,0.95,42.71,33.64,0.04
329270,0.19,0.95,42.71,33.64,0.04
329340,0.19,0.95,42.71,33.64,0.04
329350,0.19,0.96,42.71,33.64,0.04
329360,0.18,0.96,42.71,33.64,0.04
329370,0.18,0.96,42.71,33.64,0.04
329390,0.2,0.96,42.71,33.64,0.04
329520,0.22,0.96,42.71,33.64,0.07
329540,0.19,0.95,42.71,33.64,0.07
329610,0.19,0.96,42.71,33.64,0.04
329640,0.18,0.96,42.71,33.64,0.05
329840,0.27,0.97,42.72,33.64,0.05
329880,0.24,0.96,42.72,33.64,0.04
329960,0.22,0.96,42.72,33.65,0.05
330060,0.24,0.96,42.72,33.65,0.05
330600,0.26,0.96,42.73,33.65,0.05
330680,0.27,0.97,42.73,33.65,0.05
330690,0.3,0.97,42.73,33.65,0.05
330900,0.28,0.97,42.73,33.66,0.06
330970,0.29,0.97,42.73,33.66,0.06
331020,0.26,0.96,42.73,33.66,0.07
331080,0.25,0.96,42.73,33.66,0.05
331110,0.2,0.96,42.73,33.66,0.05
331140,0.2,0.95,42.73,33.66,0.04
331160,0.21,0.96,42.73,33.66,0.04
331330,0.24,0.93,42.74,33.66,0.05
331450,0.27,0.94,42.74,33.66,0.05
331470,0.37,0.94,42.74,33.66,0.05
331480,0.36,0.95,42.74,33.66,0.05
331580,0.24,0.94,42.74,33.66,0.05
331600,0.28,0.94,42.74,33.66,0.05
331650,0.26,0.94,42.74,33.66,0.05
331670,0.29,0.95,42.74,33.66,0.05
331730,0.23,0.95,42.74,33.66,0.06
331740,0.24,0.95,42.74,33.67,0.06
331780,0.29,0.95,42.74,33.67,0.06
331870,0.27,0.95,42.74,33.67,0.06
331940,0.29,0.95,42.74,33.67,0.05
332010,0.25,0.94,42.75,33.67,0.05
332330,0.29,0.91,42.75,33.67,0.16
332410,0.28,0.92,42.75,33.68,0.05
332470,0.26,0.93,42.75,33.68,0.06
332530,0.24,0.92,42.75,33.68,0.06
332780,0.21,0.93,42.76,33.68,0.04
332800,0.2,0.92,42.76,33.68,0.04
332830,0.22,0.92,42.76,33.68,0.06
333040,0.24,0.93,42.76,33.68,0.04
333050,0.23,0.93,42.76,33.68,0.04
333060,0.24,0.93,42.76,33.68,0.05
333110,0.24,0.94,42.76,33.68,0.05
333150,0.18,0.92,42.76,33.68,0.06
333190,0.2,0.92,42.76,33.68,0.05
333230,0.18,0.92,42.76,33.68,0.05
333450,0.17,0.92,42.76,33.69,0.04
333710,0.18,0.93,42.77,33.69,0.05
333730,0.23,0.94,42.77,33.69,0.05
333820,0.18,0.93,42.77,33.69,0.05
333890,0.35,0.96,42.77,33.69,0.06
333920,0.28,0.97,42.77,33.69,0.05
333940,0.29,0.96,42.77,33.69,0.05
333990,0.28,0.96,42.77,33.69,0.05
334010,0.31,0.96,42.77,33.69,0.05
334090,0.27,0.96,42.77,33.69,0.05
334350,0.18,0.93,42.78,33.69,0.06
334360,0.21,0.93,42.78,33.69,0.06
334430,0.19,0.94,42.78,33.69,0.05
334530,0.23,0.94,42.78,33.7,0.05
334540,0.29,0.95,42.78,33.7,0.05
334680,0.24,0.96,42.78,33.7,0.05
334810,0.25,0.94,42.78,33.7,0.11
334890,0.31,0.96,42.78,33.7,0.06
334920,0.31,0.97,42.78,33.7,0.08
334960,0.35,0.97,42.78,33.7,0.08
334970,0.38,0.97,42.78,33.7,0.08
335110,0.4,0.96,42.79,33.7,0.06
335190,0.27,0.96,42.79,33.7,0.07
335470,0.27,0.94,42.79,33.71,0.06
335530,0.23,0.93,42.79,33.71,0.08
335540,0.33,0.93,42.79,33.71,0.08
335560,0.23,0.93,42.79,33.71,0.08
335830,0.48,0.94,42.8,33.71,0.07
335940,0.33,0.95,42.8,33.71,0.23
336030,0.32,0.96,42.8,33.71,0.1
336190,0.38,0.95,42.81,33.72,0.07
336220,0.3,0.95,42.81,33.72,0.07
336340,0.34,0.95,42.81,33.72,0.06
336460,0.29,0.96,42.81,33.72,0.06
336510,0.25,0.96,42.81,33.72,0.06
336540,0.26,0.97,42.81,33.72,0.06
336560,0.23,0.97,42.81,33.72,0.06
336620,0.23,0.96,42.81,33.72,0.05
336650,0.27,0.97,42.81,33.72,0.05
336690,0.29,0.97,42.81,33.72,0.04
336720,0.25,0.96,42.82,33.72,0.06
336730,0.25,0.96,42.82,33.72,0.06
336780,0.26,0.96,42.82,33.72,0.04
336790,0.28,0.96,42.82,33.72,0.04
336840,0.26,0.96,42.82,33.72,0.1
336960,0.26,0.96,42.82,33.73,0.06
337040,0.38,0.97,42.82,33.73,0.05
337150,0.33,0.96,42.82,33.73,0.06
337160,0.27,0.96,42.82,33.73,0.06
337200,0.28,0.95,42.83,33.73,0.06
337260,0.31,0.95,42.83,33.73,0.07
337300,0.31,0.95,42.83,33.73,0.07
337320,0.3,0.95,42.83,33.73,0.05
337590,0.27,0.96,42.83,33.73,0.05
337640,0.32,0.95,42.83,33.74,0.06
337660,0.21,0.94,42.83,33.74,0.06
337730,0.26,0.95,42.83,33.74,0.1
337740,0.27,0.95,42.83,33.74,0.07
337800,0.28,0.95,42.84,33.74,0.09
337990,0.37,0.96,42.84,33.74,0.06
338230,0.23,0.96,42.85,33.74,0.06
338350,0.3,0.91,42.85,33.74,0.07
338440,0.26,0.92,42.85,33.74,0.09
338460,0.27,0.92,42.85,33.74,0.09
338480,0.29,0.92,42.85,33.74,0.09
338520,0.34,0.95,42.85,33.74,0.07
338590,0.36,0.95,42.85,33.75,0.09
338710,0.49,0.97,42.86,33.75,0.06
338830,0.32,0.94,42.86,33.75,0.07
338840,0.26,0.93,42.86,33.75,0.07
339030,0.24,0.9,42.87,33.75,0.07
339140,0.24,0.89,42.87,33.75,0.07
339200,0.26,0.9,42.87,33.75,0.08
339380,0.21,0.89,42.87,33.76,0.08
339390,0.25,0.89,42.87,33.76,0.08
339400,0.32,0.9,42.87,33.76,0.08
339510,0.2,0.91,42.87,33.76,0.1
339560,0.4,0.94,42.88,33.76,0.12
339650,0.27,0.92,42.88,33.76,0.08
339690,0.31,0.93,42.88,33.76,0.07
339700,0.25,0.92,42.88,33.76,0.07
339710,0.29,0.92,42.88,33.76,0.07
339810,0.31,0.94,42.88,33.76,0.07
339850,0.34,0.94,42.88,33.76,0.07
339970,0.25,0.93,42.88,33.76,0.06
339990,0.23,0.93,42.88,33.76,0.06
340030,0.22,0.93,42.88,33.77,0.05
340070,0.2,0.93,42.88,33.77,0.05
340100,0.25,0.94,42.89,33.77,0.06
340310,0.27,0.95,42.89,33.77,0.11
340450,0.21,0.94,42.89,33.77,0.04
340650,0.18,0.94,42.89,33.77,0.06
340740,0.18,0.93,42.89,33.77,0.04
340770,0.26,0.96,42.89,33.77,0.04
340960,0.19,0.95,42.9,33.78,0.05
340990,0.17,0.95,42.9,33.78,0.05
341000,0.23,0.95,42.9,33.78,0.05
341160,0.29,0.95,42.9,33.78,0.06
341330,0.25,0.94,42.9,33.78,0.09
341390,0.19,0.94,42.9,33.78,0.06
341400,0.17,0.94,42.9,33.78,0.05
341450,0.2,0.94,42.9,33.78,0.05
341570,0.24,0.95,42.9,33.78,0.05
341690,0.26,0.97,42.91,33.78,0.06
341770,0.24,0.95,42.91,33.78,0.1
341840,0.25,0.95,42.91,33.79,0.09
341880,0.2,0.95,42.91,33.79,0.05
341910,0.33,0.96,42.91,33.79,0.05
341970,0.25,0.96,42.91,33.79,0.05
341990,0.29,0.96,42.91,33.79,0.05
342010,0.29,0.96,42.91,33.79,0.05
342020,0.3,0.96,42.91,33.79,0.05
342060,0.35,0.97,42.91,33.79,0.09
342070,0.36,0.97,42.91,33.79,0.09
342330,0.16,0.93,42.91,33.79,0.06
342410,0.25,0.94,42.91,33.79,0.05
342560,0.3,0.95,42.92,33.79,0.1
342620,0.41,0.95,42.92,33.79,0.06
342630,0.31,0.94,42.92,33.79,0.06
342890,0.25,0.96,42.92,33.8,0.05
343200,0.36,0.95,42.93,33.8,0.06
343220,0.4,0.96,42.93,33.8,0.06
343350,0.25,0.95,42.93,33.8,0.07
343380,0.26,0.94,42.93,33.8,0.05
343520,0.46,0.95,42.93,33.81,0.04
343610,0.22,0.94,42.93,33.81,0.06
343620,0.28,0.95,42.93,33.81,0.04
343700,0.24,0.95,42.93,33.81,0.05
343740,0.21,0.95,42.93,33.81,0.05
343750,0.22,0.95,42.93,33.81,0.05
343760,0.18,0.95,42.94,33.81,0.05
343920,0.24,0.95,42.94,33.81,0.05
343950,0.26,0.95,42.94,33.81,0.05
344050,0.29,0.96,42.94,33.81,0.05
344060,0.29,0.95,42.94,33.81,0.05
344110,0.24,0.94,42.94,33.81,0.05
344130,0.21,0.94,42.94,33.81,0.05
344160,0.17,0.94,42.94,33.81,0.09
344340,0.22,0.95,42.94,33.82,0.08
344400,0.26,0.95,42.94,33.82,0.1
344420,0.36,0.95,42.94,33.82,0.1
344530,0.2,0.96,42.95,33.82,0.08
344660,0.21,0.96,42.95,33.82,0.04
344720,0.21,0.96,42.95,33.82,0.04
344920,0.2,0.95,42.95,33.82,0.05
344940,0.19,0.95,42.95,33.82,0.05
345140,0.33,0.96,42.95,33.82,0.03
345210,0.23,0.96,42.95,33.82,0.04
345280,0.25,0.97,42.95,33.82,0.05
345290,0.31,0.98,42.95,33.82,0.05
345350,0.29,0.96,42.96,33.82,0.06
345490,0.19,0.96,42.96,33.83,0.04
345650,0.25,0.96,42.96,33.83,0.04
345740,0.25,0.95,42.96,33.83,0.05
345780,0.3,0.95,42.96,33.83,0.07
345870,0.25,0.96,42.96,33.83,0.08
345910,0.25,0.96,42.96,33.83,0.05
345950,0.23,0.96,42.96,33.83,0.05
346000,0.49,0.96,42.96,33.83,0.04
346010,0.43,0.96,42.96,33.83,0.04
346090,0.47,0.95,42.97,33.83,0.05
346150,0.4,0.96,42.97,33.84,0.05
346270,0.41,0.95,42.97,33.84,0.06
346310,0.35,0.93,42.98,33.84,0.06
346430,0.3,0.86,42.98,33.85,0.04
346690,0.44,0.8,42.98,33.85,0.05
346730,0.35,0.8,42.98,33.85,0.05
346740,0.38,0.8,42.98,33.85,0.07
346800,0.55,0.84,42.99,33.85,0.11
346970,0.31,0.81,42.99,33.86,0.05
347080,0.41,0.84,42.99,33.86,0.08
347430,0.31,0.82,43.0,33.87,0.05
347490,0.33,0.84,43.0,33.87,0.04
347580,0.33,0.86,43.0,33.87,0.06
347830,0.35,0.84,43.0,33.87,0.06
347890,0.3,0.82,43.01,33.87,0.07
348040,0.24,0.84,43.01,33.87,0.06
348170,0.22,0.8,43.01,33.88,0.05
348230,0.26,0.82,43.01,33.88,0.1
348360,0.58,0.83,43.01,33.88,0.1
348410,0.27,0.83,43.01,33.88,0.1
348440,0.26,0.82,43.01,33.88,0.07
348470,0.29,0.82,43.01,33.88,0.07
348590,0.26,0.82,43.02,33.88,0.04
348660,0.31,0.84,43.02,33.88,0.06
348670,0.31,0.84,43.02,33.88,0.06
348770,0.22,0.82,43.02,33.88,0.03
348850,0.25,0.8,43.02,33.88,0.04
349040,0.4,0.82,43.02,33.89,0.04
349110,0.3,0.81,43.03,33.89,0.05
349220,0.22,0.8,43.03,33.89,0.04
349630,0.29,0.89,43.04,33.9,0.05
349890,0.36,0.89,43.04,33.9,0.04
350050,0.27,0.84,43.04,33.9,0.05
350100,0.29,0.84,43.04,33.9,0.12
350120,0.25,0.84,43.04,33.9,0.12
350310,0.27,0.82,43.05,33.91,0.05
350340,0.22,0.82,43.05,33.91,0.05
350350,0.27,0.83,43.05,33.91,0.05
350560,0.33,0.9,43.05,33.91,0.04
350810,0.31,0.86,43.05,33.91,0.04
350860,0.26,0.86,43.05,33.91,0.05
350920,0.44,0.88,43.06,33.91,0.06
350960,0.4,0.86,43.06,33.91,0.05
350970,0.39,0.86,43.06,33.91,0.05
351080,0.29,0.84,43.06,33.92,0.05
351310,0.37,0.83,43.06,33.92,0.11
351420,0.22,0.83,43.06,33.92,0.03
351470,0.22,0.83,43.06,33.92,0.03
351480,0.22,0.83,43.06,33.92,0.03
351640,0.25,0.84,43.06,33.92,0.06
351790,0.31,0.83,43.07,33.92,0.07
351850,0.28,0.83,43.07,33.92,0.09
351900,0.43,0.86,43.07,33.92,0.06
351910,0.65,0.88,43.07,33.92,0.06
352000,0.28,0.84,43.07,33.92,0.07
352080,0.31,0.86,43.07,33.93,0.05
352100,0.36,0.87,43.07,33.93,0.05
352260,0.3,0.86,43.07,33.93,0.05
352300,0.32,0.87,43.07,33.93,0.05
352480,0.28,0.88,43.08,33.93,0.06
352590,0.22,0.87,43.08,33.93,0.05
352640,0.26,0.88,43.08,33.93,0.03
352690,0.28,0.88,43.08,33.93,0.03
352840,0.36,0.88,43.08,33.93,0.03
352890,0.37,0.9,43.08,33.93,0.04
352930,0.47,0.9,43.08,33.93,0.06
353060,0.31,0.88,43.09,33.94,0.07
353290,0.22,0.88,43.09,33.94,0.04
353320,0.21,0.88,43.09,33.94,0.04
353430,0.23,0.88,43.09,33.94,0.05
353510,0.17,0.88,43.09,33.94,0.04
353770,0.26,0.87,43.09,33.94,0.05
353810,0.27,0.87,43.1,33.94,0.05
353970,0.22,0.87,43.1,33.94,0.05
354000,0.19,0.87,43.1,33.94,0.05
354050,0.33,0.88,43.1,33.95,0.05
354410,0.22,0.86,43.1,33.95,0.05
354550,0.22,0.86,43.11,33.95,0.18
354610,0.2,0.86,43.11,33.95,0.04
354940,0.21,0.88,43.11,33.95,0.05
355030,0.24,0.87,43.11,33.95,0.05
355170,0.14,0.85,43.11,33.95,0.05
355270,0.18,0.86,43.11,33.95,0.03
355310,0.12,0.86,43.11,33.95,0.03
355410,0.16,0.86,43.12,33.96,0.06
355680,0.17,0.86,43.12,33.96,0.08
355880,0.19,0.9,43.12,33.96,0.07
355890,0.2,0.9,43.12,33.96,0.07
355950,0.18,0.91,43.12,33.96,0.05
356050,0.22,0.9,43.12,33.96,0.04
356070,0.24,0.91,43.13,33.96,0.04
356120,0.2,0.9,43.13,33.96,0.04
356260,0.24,0.92,43.13,33.96,0.03
356480,0.33,0.89,43.13,33.97,0.1
356540,0.37,0.9,43.13,33.97,0.04
356740,0.29,0.91,43.14,33.97,0.06
356780,0.37,0.9,43.14,33.97,0.07
356960,0.49,0.93,43.14,33.97,0.06
357000,0.43,0.91,43.14,33.97,0.08
357130,0.47,0.94,43.15,33.98,0.07
357190,0.44,0.93,43.15,33.98,0.05
357320,0.46,0.93,43.15,33.98,0.16
357360,0.41,0.93,43.15,33.98,0.07
357470,0.46,0.94,43.16,33.98,0.06
358090,0.43,0.95,43.17,33.99,0.06
358110,0.37,0.94,43.17,33.99,0.06
358200,0.54,0.94,43.17,33.99,0.1
358220,0.45,0.95,43.17,33.99,0.1
358500,0.31,0.93,43.18,34.0,0.07
358770,0.39,0.96,43.19,34.0,0.04
358810,0.52,0.97,43.19,34.0,0.07
358980,0.34,0.93,43.2,34.0,0.14
359030,0.47,0.96,43.2,34.01,0.14
359110,0.45,0.97,43.2,34.01,0.17
359180,0.43,0.96,43.2,34.01,0.18
359350,0.4,0.95,43.21,34.01,0.1
359400,0.5,0.97,43.21,34.01,0.16
359520,0.71,0.97,43.22,34.01,0.13
359550,0.54,0.94,43.22,34.01,0.13
359560,0.56,0.93,43.22,34.01,0.13
359580,0.59,0.94,43.22,34.02,0.15
359700,0.57,0.94,43.22,34.02,0.09
359720,0.42,0.94,43.22,34.02,0.09
359800,0.37,0.93,43.22,34.02,0.09
359890,0.42,0.94,43.22,34.02,0.09
359900,0.41,0.95,43.23,34.02,0.09
360130,0.49,0.93,43.23,34.02,0.04
360290,0.46,0.95,43.24,34.03,0.13
360310,0.45,0.95,43.24,34.03,0.09
360320,0.41,0.96,43.24,34.03,0.09
360460,0.35,0.93,43.24,34.03,0.07
360560,0.35,0.97,43.25,34.03,0.08
360700,0.37,0.86,43.25,34.03,0.07
360740,0.27,0.84,43.25,34.03,0.04
360910,0.45,0.9,43.26,34.04,0.06
360930,0.46,0.91,43.26,34.04,0.06
361040,0.83,0.9,43.26,34.04,0.07
361100,0.48,0.92,43.26,34.04,0.05
361180,0.37,0.91,43.26,34.04,0.06
361200,0.36,0.9,43.26,34.04,0.07
361240,0.34,0.91,43.26,34.04,0.07
361330,0.36,0.9,43.27,34.05,0.07
361350,0.33,0.9,43.27,34.05,0.07
361380,0.5,0.91,43.27,34.05,0.08
361410,0.61,0.9,43.27,34.05,0.08
361550,0.52,0.94,43.27,34.05,0.08
361630,0.58,0.94,43.28,34.05,0.08
361680,0.59,0.96,43.28,34.05,0.05
361720,0.57,0.93,43.28,34.05,0.05
362060,0.47,0.91,43.29,34.06,0.1
362170,0.54,0.92,43.29,34.06,0.27
362180,0.53,0.92,43.29,34.06,0.27
362190,0.58,0.92,43.29,34.06,0.27
362210,0.46,0.92,43.29,34.06,0.27
362250,0.45,0.92,43.29,34.06,0.09
362270,0.5,0.93,43.3,34.06,0.09
362290,0.53,0.94,43.3,34.06,0.12
362440,0.54,0.94,43.3,34.07,0.14
362480,0.54,0.94,43.3,34.07,0.08
362570,0.44,0.94,43.3,34.07,0.32
362670,0.36,0.92,43.3,34.07,0.18
362880,0.43,0.93,43.31,34.07,0.24
362930,0.5,0.94,43.31,34.07,0.24
362960,0.56,0.94,43.31,34.08,0.12
363010,0.59,0.97,43.31,34.08,0.12
363050,0.61,0.96,43.31,34.08,0.12
363070,0.57,0.95,43.32,34.08,0.12
363150,0.49,0.94,43.32,34.08,0.26
363200,0.43,0.94,43.32,34.08,0.25
363240,0.42,0.93,43.32,34.08,0.32
363390,0.44,0.94,43.32,34.08,0.07
363470,0.47,0.95,43.32,34.08,0.11
363550,0.46,0.94,43.33,34.09,0.28
363570,0.4,0.92,43.33,34.09,0.28
363680,0.42,0.93,43.33,34.09,0.14
363740,0.42,0.92,43.33,34.09,0.09
364030,0.61,0.93,43.34,34.09,0.12
364310,0.46,0.91,43.34,34.1,0.18
364400,0.44,0.93,43.35,34.1,0.12
364420,0.45,0.93,43.35,34.1,0.12
364430,0.42,0.94,43.35,34.1,0.12
364510,0.38,0.92,43.35,34.1,0.2
364780,0.39,0.94,43.36,34.11,0.07
364930,0.43,0.95,43.36,34.11,0.08
365000,0.43,0.93,43.36,34.11,0.07
365040,0.46,0.93,43.36,34.11,0.05
365190,0.51,0.96,43.37,34.12,0.07
365240,0.51,0.94,43.37,34.12,0.07
365400,0.46,0.94,43.37,34.12,0.08
365420,0.52,0.94,43.37,34.12,0.08
365580,0.54,0.95,43.38,34.12,0.17
365900,0.8,0.97,43.39,34.13,0.12
366130,0.82,0.97,43.41,34.13,0.19
366200,0.79,0.96,43.41,34.13,0.15
366270,0.77,0.95,43.41,34.13,0.14
366290,0.76,0.94,43.41,34.13,0.14
366300,0.79,0.94,43.41,34.13,0.15
366410,0.79,0.95,43.42,34.14,0.16
366450,0.67,0.94,43.42,34.14,0.13
366680,0.46,0.9,43.43,34.14,0.19
366740,0.52,0.93,43.43,34.14,0.19
366750,0.5,0.94,43.43,34.14,0.19
366760,0.5,0.94,43.43,34.14,0.19
366850,0.7,0.94,43.43,34.14,0.16
366910,0.73,0.97,43.43,34.14,0.17
367110,0.59,0.94,43.44,34.15,0.19
367120,0.62,0.94,43.44,34.15,0.19
367150,0.6,0.92,43.44,34.15,0.17
367360,0.6,0.94,43.45,34.15,0.12
367410,0.63,0.95,43.45,34.15,0.1
367450,0.63,0.92,43.45,34.15,0.18
367540,0.64,0.95,43.45,34.16,0.17
367560,0.73,0.95,43.45,34.16,0.2
367580,0.68,0.94,43.45,34.16,0.2
367660,0.71,0.96,43.46,34.16,0.26
367670,0.72,0.96,43.46,34.16,0.26
367700,0.7,0.96,43.46,34.16,0.2
367810,0.53,0.93,43.46,34.16,0.22
367840,0.51,0.94,43.46,34.16,0.22
367900,0.5,0.94,43.47,34.16,0.2
367970,0.51,0.93,43.47,34.16,0.15
368080,0.51,0.94,43.47,34.16,0.21
368150,0.47,0.96,43.47,34.17,0.2
368160,0.45,0.96,43.47,34.17,0.22
368200,0.47,0.96,43.47,34.17,0.22
368220,0.52,0.96,43.48,34.17,0.19
368320,0.46,0.97,43.48,34.17,0.21
368360,0.54,0.97,43.48,34.17,0.22
368380,0.56,0.96,43.48,34.17,0.22
368470,0.83,0.91,43.48,34.17,0.19
368480,0.83,0.92,43.48,34.17,0.19
368650,0.52,0.91,43.49,34.17,0.17
368780,0.55,0.92,43.49,34.18,0.11
368910,0.53,0.93,43.49,34.18,0.15
368940,0.48,0.91,43.5,34.18,0.18
368960,0.43,0.9,43.5,34.18,0.18
369110,0.55,0.93,43.5,34.18,0.18
369130,0.55,0.94,43.5,34.18,0.14
369180,0.48,0.94,43.5,34.18,0.14
369260,0.53,0.95,43.5,34.19,0.14
369300,0.49,0.94,43.5,34.19,0.15
369310,0.52,0.95,43.5,34.19,0.15
369350,0.53,0.93,43.51,34.19,0.15
369500,0.48,0.93,43.51,34.19,0.2
369510,0.52,0.93,43.51,34.19,0.2
369590,0.67,0.94,43.51,34.19,0.12
369600,0.64,0.95,43.51,34.19,0.11
369660,0.63,0.95,43.51,34.19,0.1
369790,0.53,0.93,43.52,34.19,0.17
369800,0.51,0.93,43.52,34.19,0.17
369920,0.56,0.95,43.52,34.2,0.08
370090,0.54,0.96,43.52,34.2,0.11
370120,0.5,0.95,43.52,34.2,0.11
370140,0.53,0.96,43.52,34.2,0.19
370220,0.56,0.95,43.52,34.2,0.17
370230,0.55,0.95,43.52,34.2,0.17
370590,0.55,0.92,43.53,34.21,0.14
370840,0.48,0.92,43.54,34.21,0.19
370970,0.58,0.92,43.55,34.22,0.13
371010,0.54,0.93,43.55,34.22,0.11
371100,0.51,0.92,43.55,34.22,0.19
371170,0.67,0.92,43.55,34.22,0.24
371280,0.53,0.93,43.55,34.22,0.14
371360,0.48,0.94,43.56,34.22,0.24
371430,0.41,0.94,43.56,34.22,0.16
371440,0.4,0.94,43.56,34.22,0.16
371460,0.45,0.94,43.56,34.22,0.1
371540,0.47,0.94,43.56,34.22,0.13
371580,0.5,0.94,43.56,34.23,0.17
371680,0.6,0.93,43.57,34.23,0.17
371860,0.49,0.94,43.57,34.23,0.12
371940,0.5,0.93,43.57,34.23,0.11
371950,0.53,0.94,43.57,34.23,0.11
372000,0.51,0.94,43.57,34.24,0.1
372010,0.5,0.94,43.57,34.24,0.1
372040,0.51,0.93,43.58,34.24,0.1
372060,0.5,0.94,43.58,34.24,0.14
372070,0.55,0.95,43.58,34.24,0.14
372290,0.59,0.95,43.58,34.24,0.22
372300,0.5,0.96,43.58,34.24,0.32
372380,0.52,0.96,43.58,34.24,0.25
372470,0.51,0.92,43.58,34.25,0.12
372590,0.57,0.94,43.59,34.25,0.26
372610,0.65,0.95,43.59,34.25,0.27
372660,0.6,0.92,43.59,34.25,0.35
372840,0.51,0.93,43.6,34.26,0.23
372850,0.56,0.93,43.6,34.26,0.23
372910,0.59,0.94,43.6,34.26,0.15
372930,0.52,0.95,43.6,34.26,0.15
372950,0.59,0.94,43.6,34.26,0.15
373020,0.6,0.96,43.6,34.26,0.19
373270,0.61,0.97,43.61,34.26,0.16
373310,0.62,0.95,43.61,34.27,0.16
373500,0.59,0.93,43.62,34.27,0.21
373590,0.6,0.94,43.62,34.27,0.27
373800,0.45,0.92,43.62,34.28,0.35
373860,0.56,0.91,43.62,34.28,0.19
374070,0.52,0.89,43.63,34.28,0.25
374270,0.48,0.89,43.64,34.29,0.31
374400,0.48,0.89,43.64,34.29,0.19
374500,0.6,0.91,43.64,34.29,0.15
374530,0.61,0.92,43.64,34.29,0.23
374620,0.52,0.91,43.65,34.29,0.12
374670,0.49,0.92,43.65,34.3,0.14
374740,0.51,0.89,43.65,34.3,0.18
374970,0.58,0.91,43.66,34.3,0.29
375030,0.69,0.91,43.66,34.3,0.2
375040,0.59,0.9,43.66,34.3,0.2
375120,0.54,0.9,43.66,34.3,0.24
375210,0.62,0.93,43.66,34.31,0.23
375270,0.63,0.96,43.67,34.31,0.39
375420,0.43,0.96,43.67,34.31,0.06
375690,0.48,0.94,43.67,34.32,0.06
375710,0.47,0.95,43.67,34.32,0.06
375780,0.48,0.95,43.68,34.32,0.35
375860,0.47,0.94,43.68,34.32,0.22
375940,0.5,0.97,43.68,34.32,0.21
376010,0.52,0.96,43.68,34.32,0.18
376170,0.42,0.93,43.68,34.32,0.18
376460,0.46,0.94,43.69,34.33,0.22
376480,0.54,0.95,43.69,34.33,0.22
376490,0.48,0.95,43.69,34.33,0.22
376570,0.45,0.94,43.69,34.33,0.19
376610,0.41,0.95,43.69,34.33,0.19
376660,0.43,0.94,43.7,34.33,0.22
376720,0.49,0.93,43.7,34.33,0.23
376840,0.55,0.97,43.7,34.34,0.24
376970,0.59,0.96,43.7,34.34,0.11
376990,0.64,0.96,43.7,34.34,0.19
377470,0.65,0.97,43.71,34.35,0.23
377530,0.51,0.96,43.71,34.35,0.3
377580,0.5,0.95,43.71,34.35,0.16
377610,0.5,0.96,43.71,34.35,0.16
377620,0.6,0.95,43.71,34.35,0.16
377640,0.54,0.94,43.72,34.35,0.15
377700,0.57,0.94,43.72,34.35,0.12
377820,0.39,0.89,43.72,34.35,0.08
377940,0.34,0.89,43.72,34.36,0.07
378000,0.37,0.89,43.72,34.36,0.08
378120,0.58,0.95,43.73,34.36,0.08
378190,0.57,0.96,43.73,34.36,0.08
378220,0.55,0.96,43.73,34.36,0.08
378590,0.47,0.89,43.75,34.37,0.13
378640,0.36,0.9,43.75,34.37,0.18
378650,0.35,0.9,43.75,34.37,0.18
378690,0.34,0.91,43.75,34.37,0.09
378710,0.34,0.91,43.75,34.37,0.09
378750,0.6,0.92,43.75,34.37,0.15
378770,0.52,0.92,43.75,34.37,0.15
378790,0.42,0.91,43.75,34.37,0.11
378860,0.48,0.92,43.75,34.37,0.11
378930,0.53,0.95,43.75,34.37,0.08
379270,0.4,0.91,43.76,34.38,0.17
379420,0.5,0.94,43.77,34.38,0.11
379430,0.5,0.93,43.77,34.38,0.11
379520,0.46,0.93,43.77,34.38,0.11
379540,0.42,0.93,43.77,34.38,0.11
379660,0.46,0.96,43.77,34.39,0.1
379770,0.48,0.94,43.78,34.39,0.12
380050,0.47,0.97,43.78,34.4,0.13
380350,0.37,0.93,43.79,34.4,0.06
380410,0.46,0.94,43.79,34.4,0.09
380480,0.45,0.94,43.79,34.4,0.06
380490,0.44,0.94,43.79,34.4,0.06
380680,0.41,0.94,43.8,34.41,0.08
380690,0.42,0.93,43.8,34.41,0.08
380850,0.64,0.97,43.8,34.41,0.05
380950,0.57,0.96,43.8,34.41,0.06
380980,0.66,0.97,43.8,34.41,0.06
381010,0.66,0.98,43.8,34.41,0.06
381100,0.55,0.95,43.8,34.42,0.07
381290,0.5,0.95,43.81,34.42,0.12
381320,0.51,0.95,43.81,34.42,0.08
381340,0.47,0.94,43.81,34.42,0.08
381520,0.59,0.95,43.81,34.42,0.07
381580,0.68,0.97,43.81,34.43,0.1
381700,0.5,0.96,43.82,34.43,0.05
381800,0.54,0.95,43.82,34.43,0.09
382010,0.51,0.96,43.82,34.43,0.06
382090,0.49,0.95,43.82,34.44,0.11
382280,0.5,0.95,43.83,34.44,0.06
382570,0.6,0.94,43.83,34.45,0.1
382620,0.5,0.95,43.83,34.45,0.07
382640,0.47,0.95,43.83,34.45,0.07
382760,0.49,0.96,43.84,34.45,0.06
382780,0.44,0.96,43.84,34.45,0.06
382860,0.48,0.96,43.84,34.45,0.05
382870,0.44,0.96,43.84,34.45,0.05
383020,0.58,0.95,43.84,34.45,0.12
383040,0.56,0.95,43.84,34.45,0.12
383190,0.53,0.96,43.84,34.46,0.08
383270,0.5,0.96,43.85,34.46,0.1
383320,0.47,0.93,43.85,34.46,0.09
383430,0.55,0.95,43.85,34.46,0.09
383440,0.53,0.95,43.85,34.46,0.09
383530,0.44,0.94,43.85,34.47,0.05
383580,0.36,0.93,43.85,34.47,0.05
383640,0.37,0.94,43.85,34.47,0.05
383660,0.45,0.95,43.85,34.47,0.05
383750,0.48,0.94,43.85,34.47,0.12
384000,0.41,0.94,43.86,34.48,0.04
384240,0.33,0.94,43.86,34.48,0.05
384250,0.38,0.93,43.86,34.48,0.05
384360,0.37,0.94,43.87,34.48,0.08
384390,0.39,0.93,43.87,34.48,0.08
384520,0.34,0.94,43.87,34.48,0.04
384570,0.34,0.92,43.87,34.48,0.05
384650,0.38,0.91,43.87,34.49,0.05
384870,0.34,0.92,43.87,34.49,0.04
384880,0.35,0.92,43.87,34.49,0.04
385210,0.39,0.92,43.88,34.5,0.04
385230,0.38,0.93,43.88,34.5,0.04
385270,0.4,0.93,43.88,34.5,0.04
385330,0.41,0.94,43.88,34.5,0.04
385480,0.42,0.95,43.88,34.5,0.04
385580,0.46,0.95,43.88,34.5,0.04
385670,0.41,0.93,43.88,34.5,0.05
385790,0.38,0.94,43.89,34.51,0.05
385940,0.38,0.95,43.89,34.51,0.04
386030,0.35,0.96,43.89,34.51,0.06
386060,0.45,0.96,43.89,34.51,0.05
386170,0.36,0.97,43.89,34.51,0.05
386180,0.37,0.97,43.89,34.51,0.05
386540,0.4,0.92,43.9,34.52,0.08
386630,0.37,0.91,43.9,34.52,0.09
386790,0.47,0.91,43.9,34.52,0.04
386920,0.5,0.94,43.9,34.52,0.04
387010,0.43,0.93,43.9,34.52,0.06
387030,0.45,0.94,43.9,34.52,0.06
387090,0.45,0.94,43.9,34.53,0.05
387130,0.4,0.92,43.9,34.53,0.06
387180,0.5,0.93,43.91,34.53,0.05
387400,0.42,0.93,43.91,34.53,0.06
387410,0.41,0.93,43.91,34.53,0.06
387450,0.39,0.92,43.91,34.53,0.04
387480,0.34,0.92,43.91,34.53,0.04
387510,0.4,0.92,43.91,34.53,0.04
387530,0.44,0.93,43.91,34.53,0.04
387890,0.6,0.95,43.91,34.54,0.04
387920,0.6,0.96,43.91,34.54,0.07
387930,0.6,0.97,43.91,34.54,0.07
388030,0.43,0.94,43.92,34.54,0.05
388050,0.39,0.94,43.92,34.54,0.05
388210,0.44,0.92,43.92,34.55,0.05
388360,0.36,0.92,43.92,34.55,0.04
388400,0.4,0.94,43.92,34.55,0.05
388490,0.35,0.92,43.92,34.55,0.06
388510,0.37,0.93,43.92,34.55,0.04
388580,0.4,0.92,43.92,34.55,0.04
388620,0.33,0.92,43.92,34.55,0.04
388630,0.37,0.92,43.92,34.55,0.04
388670,0.37,0.92,43.93,34.55,0.04
388680,0.34,0.92,43.93,34.55,0.03
388920,0.34,0.91,43.93,34.56,0.04
388930,0.37,0.91,43.93,34.56,0.04
389000,0.37,0.93,43.93,34.56,0.06
389060,0.47,0.95,43.93,34.56,0.11
389070,0.44,0.95,43.93,34.56,0.11
389250,0.35,0.94,43.94,34.56,0.08
389300,0.35,0.94,43.94,34.56,0.05
389430,0.38,0.96,43.94,34.56,0.05
389490,0.3,0.96,43.94,34.57,0.06
389530,0.42,0.96,43.95,34.57,0.06
389690,0.55,0.94,43.96,34.57,0.05
389720,0.44,0.94,43.96,34.57,0.05
389790,0.33,0.92,43.96,34.57,0.05
389830,0.27,0.94,43.96,34.57,0.06
389970,0.31,0.95,43.97,34.57,0.05
390290,0.28,0.9,43.99,34.58,0.22
390300,0.32,0.89,43.99,34.58,0.58
390370,0.71,0.95,43.99,34.58,0.54
390390,0.67,0.93,43.99,34.58,0.54
390520,0.31,0.85,43.99,34.58,0.21
390780,0.39,0.85,44.0,34.59,0.12
390880,0.31,0.84,44.0,34.59,0.17
390890,0.29,0.84,44.0,34.59,0.17
390900,0.29,0.84,44.0,34.59,0.1
391080,0.27,0.84,44.0,34.59,0.05
391180,0.32,0.82,44.0,34.6,0.07
391190,0.33,0.82,44.0,34.6,0.07
391240,0.29,0.83,44.01,34.6,0.07
391300,0.32,0.84,44.01,34.6,0.12
391450,0.53,0.87,44.01,34.6,0.09
391470,0.47,0.89,44.01,34.6,0.09
391500,0.37,0.88,44.01,34.6,0.09
391550,0.45,0.88,44.01,34.6,0.09
391570,0.41,0.88,44.01,34.6,0.04
391700,0.56,0.92,44.02,34.6,0.04
391850,0.3,0.86,44.03,34.61,0.05
391900,0.81,0.87,44.03,34.61,0.05
391920,0.58,0.9,44.03,34.61,0.06
391980,0.24,0.85,44.03,34.61,0.06
392250,0.26,0.83,44.03,34.61,0.05
392290,0.27,0.84,44.04,34.61,0.04
392340,0.23,0.84,44.04,34.61,0.06
392450,0.29,0.85,44.04,34.61,0.07
392510,0.27,0.86,44.04,34.62,0.09
392570,0.28,0.86,44.04,34.62,0.1
392660,0.39,0.87,44.04,34.62,0.09
392710,0.43,0.87,44.04,34.62,0.08
392840,0.33,0.89,44.04,34.62,0.08
392870,0.39,0.9,44.04,34.62,0.08
392990,0.36,0.89,44.05,34.62,0.08
393130,0.54,0.92,44.05,34.62,0.06
393140,0.53,0.91,44.05,34.62,0.06
393160,0.54,0.92,44.05,34.63,0.06
393270,0.41,0.91,44.05,34.63,0.18
393540,0.4,0.89,44.06,34.63,0.08
393610,0.57,0.9,44.06,34.63,0.1
393700,0.54,0.93,44.06,34.63,0.17
393840,0.49,0.91,44.07,34.64,0.09
394040,0.51,0.92,44.08,34.64,0.13
394120,0.52,0.9,44.08,34.64,0.1
394210,0.35,0.89,44.08,34.64,0.09
394410,0.52,0.91,44.09,34.64,0.1
394480,0.42,0.91,44.09,34.64,0.08
394570,0.59,0.91,44.1,34.65,0.07
394580,0.38,0.88,44.1,34.65,0.07
394660,0.28,0.88,44.1,34.65,0.15
394690,0.32,0.88,44.1,34.65,0.19
394760,0.35,0.9,44.1,34.65,0.18
394780,0.32,0.9,44.1,34.65,0.18
394970,0.43,0.92,44.11,34.65,0.14
394980,0.4,0.92,44.11,34.65,0.12
395000,0.53,0.92,44.11,34.65,0.12
395040,0.7,0.92,44.11,34.65,0.2
395080,0.7,0.93,44.11,34.65,0.2
395180,0.8,0.95,44.11,34.65,0.12
395210,0.82,0.96,44.11,34.66,0.12
395270,0.82,0.94,44.12,34.66,0.1
395280,0.82,0.94,44.12,34.66,0.14
395410,0.69,0.97,44.12,34.66,0.05
395420,0.56,0.96,44.12,34.66,0.05
395430,0.43,0.97,44.12,34.66,0.05
395480,0.48,0.96,44.12,34.66,0.05
395620,0.52,0.96,44.12,34.66,0.13
395710,0.47,0.95,44.13,34.67,0.06
395780,0.47,0.96,44.13,34.67,0.06
395820,0.49,0.96,44.13,34.67,0.05
395850,0.41,0.95,44.13,34.67,0.05
395950,0.44,0.95,44.13,34.67,0.1
396000,0.45,0.95,44.13,34.67,0.06
396030,0.52,0.97,44.13,34.67,0.06
396110,0.65,0.97,44.13,34.67,0.1
396190,0.59,0.95,44.14,34.67,0.08
396290,0.55,0.97,44.14,34.67,0.08
396370,0.52,0.97,44.14,34.67,0.12
396430,0.52,0.97,44.14,34.67,0.05
396830,0.5,0.96,44.15,34.68,0.13
396870,0.47,0.97,44.15,34.68,0.04
396880,0.49,0.98,44.15,34.68,0.04
397070,0.41,0.88,44.15,34.68,0.06
397080,0.49,0.88,44.15,34.68,0.1
397170,0.41,0.87,44.16,34.69,0.2
397180,0.44,0.86,44.16,34.69,0.2
397200,0.49,0.86,44.16,34.69,0.08
397260,0.37,0.86,44.17,34.69,0.07
397280,0.27,0.83,44.17,34.69,0.07
397300,0.49,0.85,44.17,34.69,0.07
397430,0.36,0.86,44.18,34.69,0.08
397450,0.3,0.85,44.18,34.69,0.06
397470,0.33,0.83,44.18,34.69,0.06
397630,0.47,0.86,44.18,34.69,0.07
397660,0.48,0.86,44.19,34.69,0.07
397680,0.46,0.86,44.19,34.69,0.09
397730,0.45,0.85,44.19,34.69,0.09
398080,0.46,0.88,44.2,34.7,0.07
398240,0.37,0.86,44.2,34.7,0.1
398500,0.3,0.86,44.21,34.7,0.05
398570,0.27,0.86,44.21,34.71,0.04
398580,0.3,0.86,44.21,34.71,0.04
398590,0.32,0.86,44.21,34.71,0.04
398650,0.29,0.86,44.21,34.71,0.04
398690,0.43,0.9,44.21,34.71,0.04
398800,0.45,0.88,44.21,34.71,0.15
398820,0.38,0.88,44.21,34.71,0.09
398950,0.39,0.9,44.22,34.71,0.13
398980,0.38,0.9,44.22,34.71,0.13
399070,0.46,0.93,44.22,34.71,0.06
399100,0.44,0.92,44.22,34.71,0.06
399240,0.37,0.94,44.23,34.71,0.09
399270,0.48,0.97,44.23,34.71,0.09
399410,0.39,0.92,44.25,34.72,0.07
399470,0.46,0.92,44.25,34.72,0.06
399490,0.36,0.9,44.25,34.72,0.06
399550,0.29,0.92,44.26,34.72,0.05
399570,0.29,0.93,44.26,34.72,0.05
399640,0.41,0.94,44.27,34.72,0.06
399720,0.33,0.93,44.27,34.72,0.07
399740,0.33,0.94,44.27,34.72,0.07
399840,0.38,0.93,44.28,34.72,0.06
399850,0.65,0.95,44.28,34.72,0.06
399870,0.63,0.94,44.28,34.72,0.06
400000,0.44,0.92,44.28,34.72,0.07
400120,0.45,0.92,44.29,34.73,0.29
400160,0.56,0.96,44.29,34.73,0.11
400300,0.38,0.92,44.29,34.73,0.08
400350,0.43,0.92,44.29,34.73,0.07
400370,0.36,0.92,44.29,34.73,0.07
400450,0.25,0.92,44.29,34.73,0.06
400590,0.41,0.95,44.3,34.73,0.11
400620,0.39,0.96,44.3,34.73,0.1
400630,0.36,0.96,44.3,34.73,0.1
400680,0.39,0.96,44.3,34.73,0.08
400880,0.37,0.97,44.3,34.73,0.16
401030,0.26,0.96,44.31,34.74,0.07
401100,0.42,0.95,44.32,34.74,0.24
401290,0.37,0.94,44.32,34.74,0.06
401370,0.37,0.94,44.32,34.74,0.06
401500,0.36,0.94,44.33,34.74,0.06
401770,0.43,0.94,44.33,34.75,0.05
401850,0.29,0.94,44.34,34.75,0.05
401920,0.38,0.95,44.34,34.75,0.04
401940,0.37,0.96,44.34,34.75,0.05
402110,0.31,0.95,44.34,34.75,0.06
402120,0.32,0.95,44.34,34.75,0.06
402160,0.31,0.95,44.34,34.75,0.06
402210,0.26,0.95,44.34,34.75,0.08
402250,0.36,0.96,44.34,34.75,0.04
402460,0.34,0.98,44.35,34.76,0.12
402520,0.41,0.97,44.35,34.76,0.06
402600,0.39,0.95,44.35,34.76,0.05
402730,0.41,0.95,44.35,34.76,0.05
402740,0.39,0.94,44.35,34.76,0.05
402810,0.3,0.94,44.36,34.76,0.06
402890,0.22,0.93,44.36,34.76,0.06
402990,0.26,0.94,44.36,34.76,0.06
403090,0.28,0.95,44.36,34.76,0.06
403120,0.25,0.95,44.36,34.76,0.06
403140,0.25,0.95,44.36,34.76,0.04
403190,0.23,0.94,44.36,34.76,0.04
403260,0.22,0.94,44.36,34.76,0.05
403350,0.42,0.96,44.36,34.77,0.04
403390,0.38,0.94,44.36,34.77,0.06
403440,0.31,0.95,44.36,34.77,0.06
403480,0.25,0.95,44.37,34.77,0.06
403630,0.26,0.95,44.37,34.77,0.06
403710,0.24,0.94,44.37,34.77,0.04
403870,0.3,0.95,44.37,34.77,0.05
403990,0.35,0.96,44.37,34.77,0.06
404050,0.31,0.96,44.37,34.77,0.04
404130,0.44,0.97,44.38,34.77,0.05
404270,0.35,0.95,44.38,34.78,0.06
404340,0.28,0.97,44.38,34.78,0.04
404500,0.3,0.97,44.38,34.78,0.04
404590,0.22,0.91,44.38,34.78,0.05
404730,0.21,0.9,44.39,34.78,0.06
404790,0.22,0.9,44.39,34.78,0.04
405000,0.29,0.94,44.39,34.78,0.08
405110,0.29,0.94,44.39,34.79,0.04
405120,0.31,0.94,44.39,34.79,0.07
405190,0.28,0.95,44.39,34.79,0.04
405330,0.19,0.93,44.39,34.79,0.07
405420,0.17,0.91,44.39,34.79,0.06
405440,0.22,0.91,44.39,34.79,0.06
405580,0.21,0.93,44.4,34.79,0.03
405590,0.25,0.92,44.4,34.79,0.03
405620,0.21,0.92,44.4,34.79,0.04
405700,0.24,0.92,44.4,34.79,0.03
405790,0.22,0.93,44.4,34.79,0.04
405820,0.19,0.93,44.4,34.79,0.04
405830,0.23,0.93,44.4,34.79,0.04
405870,0.23,0.93,44.4,34.79,0.06
405970,0.23,0.92,44.4,34.8,0.03
406030,0.23,0.92,44.4,34.8,0.03
406090,0.23,0.93,44.4,34.8,0.04
406290,0.25,0.96,44.41,34.8,0.05
406570,0.23,0.95,44.41,34.8,0.07
406710,0.27,0.96,44.41,34.81,0.06
406780,0.29,0.97,44.41,34.81,0.06
406850,0.27,0.96,44.41,34.81,0.09
406960,0.23,0.93,44.42,34.81,0.05
406990,0.26,0.93,44.42,34.81,0.04
407030,0.27,0.94,44.42,34.81,0.04
407200,0.22,0.91,44.42,34.81,0.07
407330,0.18,0.91,44.42,34.82,0.04
407380,0.19,0.91,44.42,34.82,0.09
407410,0.22,0.92,44.42,34.82,0.04
407480,0.18,0.91,44.42,34.82,0.04
407600,0.49,0.93,44.42,34.82,0.04
407620,0.42,0.93,44.42,34.82,0.04
407730,0.25,0.94,44.43,34.82,0.04
407820,0.21,0.92,44.43,34.82,0.03
407900,0.13,0.9,44.43,34.82,0.03
407920,0.15,0.91,44.43,34.82,0.03
408010,0.16,0.9,44.43,34.82,0.04
408030,0.15,0.9,44.43,34.82,0.04
408080,0.19,0.91,44.43,34.83,0.03
408100,0.18,0.91,44.43,34.83,0.03
408160,0.19,0.91,44.43,34.83,0.04
408390,0.16,0.91,44.43,34.83,0.03
408400,0.17,0.92,44.43,34.83,0.03
408450,0.13,0.91,44.43,34.83,0.03
408550,0.19,0.92,44.43,34.83,0.03
408770,0.21,0.93,44.44,34.83,0.04
409080,0.18,0.92,44.44,34.83,0.06
409090,0.22,0.92,44.44,34.83,0.06
409150,0.2,0.92,44.44,34.83,0.05
409340,0.24,0.93,44.44,34.84,0.07
409360,0.25,0.93,44.44,34.84,0.07
409480,0.22,0.92,44.44,34.84,0.04
409590,0.23,0.92,44.45,34.84,0.08
409770,0.24,0.92,44.45,34.84,0.04
409780,0.23,0.92,44.45,34.84,0.04
410060,0.47,0.96,44.45,34.85,0.05
410280,0.43,0.93,44.45,34.85,0.04
410350,0.42,0.93,44.45,34.85,0.03
410470,0.44,0.94,44.45,34.85,0.04
410510,0.44,0.94,44.45,34.85,0.04
410760,0.21,0.93,44.46,34.85,0.03
410770,0.22,0.93,44.46,34.85,0.03
410850,0.22,0.94,44.46,34.85,0.04
410940,0.26,0.94,44.46,34.85,0.06
410990,0.21,0.93,44.46,34.85,0.06
411010,0.23,0.93,44.46,34.85,0.04
411050,0.21,0.93,44.46,34.85,0.04
411130,0.22,0.93,44.46,34.85,0.05
411140,0.22,0.93,44.46,34.85,0.05
411160,0.22,0.93,44.46,34.85,0.05
411210,0.2,0.93,44.46,34.85,0.05
411260,0.23,0.94,44.46,34.86,0.04
411320,0.33,0.95,44.46,34.86,0.04
411340,0.32,0.96,44.46,34.86,0.04
411360,0.28,0.95,44.46,34.86,0.04
411410,0.26,0.95,44.46,34.86,0.04
411640,0.27,0.94,44.46,34.86,0.06
411710,0.25,0.94,44.47,34.86,0.05
411720,0.24,0.94,44.47,34.86,0.04
411750,0.21,0.94,44.47,34.86,0.04
411930,0.26,0.94,44.47,34.86,0.04
412130,0.23,0.95,44.47,34.86,0.04
412140,0.22,0.95,44.47,34.86,0.04
412400,0.2,0.94,44.47,34.87,0.03
412590,0.3,0.95,44.47,34.87,0.03
412610,0.32,0.94,44.47,34.87,0.03
412640,0.32,0.94,44.48,34.87,0.04
412690,0.21,0.95,44.48,34.87,0.03
412700,0.24,0.95,44.48,34.87,0.03
412910,0.17,0.94,44.48,34.87,0.05
413000,0.19,0.95,44.48,34.87,0.03
413100,0.16,0.95,44.48,34.87,0.03
413150,0.17,0.95,44.48,34.87,0.03
413180,0.21,0.95,44.48,34.87,0.03
413270,0.21,0.95,44.48,34.88,0.03
413430,0.38,0.95,44.48,34.88,0.07
413570,0.24,0.97,44.48,34.88,0.05
413660,0.24,0.97,44.48,34.88,0.04
413890,0.25,0.95,44.49,34.88,0.03
413910,0.21,0.95,44.49,34.88,0.03
414150,0.21,0.96,44.49,34.89,0.03
414180,0.22,0.95,44.49,34.89,0.03
414260,0.26,0.95,44.49,34.89,0.04
414270,0.26,0.95,44.49,34.89,0.04
414310,0.42,0.96,44.49,34.89,0.04
414410,0.25,0.96,44.49,34.89,0.03
414450,0.26,0.96,44.49,34.89,0.03
414480,0.22,0.95,44.49,34.89,0.04
414610,0.28,0.94,44.49,34.89,0.04
414690,0.25,0.95,44.49,34.89,0.04
414760,0.23,0.96,44.49,34.89,0.04
414960,0.19,0.96,44.5,34.9,0.04
415150,0.46,0.98,44.5,34.9,0.04
415180,0.23,0.97,44.5,34.9,0.04
415240,0.29,0.97,44.5,34.9,0.05
415250,0.29,0.97,44.5,34.9,0.05
415510,0.26,0.95,44.5,34.9,0.04
415640,0.18,0.94,44.51,34.9,0.06
415750,0.27,0.95,44.51,34.9,0.06
416060,0.21,0.94,44.51,34.91,0.06
416090,0.26,0.95,44.51,34.91,0.06
416120,0.28,0.95,44.51,34.91,0.07
416160,0.23,0.95,44.51,34.91,0.07
416220,0.23,0.96,44.51,34.91,0.07
416270,0.24,0.95,44.51,34.91,0.07
416350,0.21,0.94,44.51,34.91,0.05
416360,0.19,0.94,44.51,34.91,0.05
416660,0.16,0.94,44.52,34.91,0.04
416810,0.4,0.96,44.52,34.92,0.04
417170,0.16,0.95,44.52,34.92,0.06
417220,0.14,0.95,44.52,34.92,0.06
417480,0.12,0.94,44.52,34.92,0.08
417720,0.17,0.95,44.52,34.92,0.04
417740,0.17,0.95,44.53,34.92,0.04
417790,0.19,0.95,44.53,34.92,0.04
417800,0.19,0.95,44.53,34.92,0.04
417900,0.17,0.96,44.53,34.92,0.04
417960,0.25,0.96,44.53,34.93,0.03
418030,0.33,0.96,44.53,34.93,0.05
418100,0.2,0.97,44.53,34.93,0.03
418200,0.21,0.97,44.53,34.93,0.05
418350,0.21,0.94,44.53,34.93,0.04
418590,0.21,0.94,44.54,34.93,0.03
418690,0.27,0.95,44.54,34.93,0.05
418700,0.23,0.94,44.54,34.93,0.05
418760,0.21,0.95,44.54,34.93,0.04
418780,0.22,0.95,44.54,34.93,0.04
418810,0.21,0.95,44.54,34.94,0.04
418860,0.21,0.95,44.54,34.94,0.04
418880,0.21,0.95,44.54,34.94,0.04
418900,0.2,0.94,44.54,34.94,0.04
418950,0.18,0.93,44.54,34.94,0.05
419060,0.13,0.92,44.54,34.94,0.03
419090,0.14,0.92,44.54,34.94,0.03
419190,0.15,0.93,44.54,34.94,0.04
419340,0.21,0.95,44.54,34.94,0.04
419380,0.23,0.95,44.54,34.94,0.04
419450,0.28,0.96,44.54,34.94,0.04
419460,0.29,0.95,44.54,34.94,0.04
419610,0.22,0.95,44.54,34.94,0.04
419640,0.22,0.95,44.55,34.94,0.05
419820,0.2,0.95,44.55,34.95,0.03
420160,0.25,0.97,44.55,34.95,0.03
420220,0.45,0.96,44.55,34.95,0.04
420240,0.44,0.96,44.55,34.95,0.04
420280,0.43,0.96,44.55,34.95,0.04
420330,0.44,0.95,44.55,34.95,0.04
420770,0.21,0.95,44.56,34.96,0.03
420800,0.23,0.95,44.56,34.96,0.03
420810,0.24,0.95,44.56,34.96,0.03
420990,0.27,0.96,44.56,34.96,0.06
421120,0.2,0.94,44.56,34.96,0.04
421160,0.2,0.94,44.56,34.96,0.05
421300,0.24,0.95,44.56,34.96,0.08
421310,0.22,0.95,44.56,34.96,0.08
421400,0.22,0.95,44.56,34.96,0.04
421480,0.31,0.97,44.57,34.96,0.08
421730,0.35,0.95,44.57,34.97,0.06
421880,0.24,0.95,44.57,34.97,0.03
421890,0.25,0.95,44.57,34.97,0.03
421920,0.26,0.94,44.57,34.97,0.05
422010,0.24,0.95,44.57,34.97,0.04
422280,0.27,0.97,44.58,34.97,0.04
422340,0.28,0.97,44.58,34.97,0.03
422690,0.24,0.92,44.58,34.98,0.06
422770,0.23,0.91,44.58,34.98,0.03
422990,0.27,0.92,44.58,34.98,0.04
423140,0.21,0.92,44.59,34.98,0.07
423170,0.23,0.92,44.59,34.98,0.07
423200,0.22,0.92,44.59,34.98,0.04
423210,0.23,0.92,44.59,34.98,0.04
423260,0.23,0.93,44.59,34.98,0.03
423320,0.22,0.93,44.59,34.98,0.05
423350,0.21,0.92,44.59,34.98,0.05
423490,0.2,0.93,44.59,34.98,0.03
423650,0.22,0.92,44.59,34.99,0.03
423680,0.18,0.92,44.59,34.99,0.03
423820,0.19,0.92,44.59,34.99,0.04
423850,0.19,0.93,44.59,34.99,0.03
423890,0.18,0.92,44.59,34.99,0.03
423910,0.2,0.92,44.59,34.99,0.03
423920,0.18,0.93,44.59,34.99,0.03
423960,0.21,0.93,44.59,34.99,0.03
424120,0.19,0.93,44.59,34.99,0.04
424170,0.19,0.92,44.59,34.99,0.06
424300,0.17,0.92,44.6,34.99,0.03
424330,0.17,0.92,44.6,34.99,0.04
424350,0.13,0.92,44.6,34.99,0.04
424460,0.13,0.91,44.6,34.99,0.07
424510,0.14,0.91,44.6,34.99,0.03
424590,0.12,0.91,44.6,34.99,0.03
424660,0.12,0.91,44.6,34.99,0.04
424770,0.1,0.89,44.6,34.99,0.11
424810,0.15,0.89,44.6,34.99,0.08
424880,0.14,0.9,44.6,34.99,0.05
424890,0.17,0.9,44.6,35.0,0.05
424910,0.21,0.91,44.6,35.0,0.05
424970,0.2,0.91,44.6,35.0,0.05
424980,0.21,0.91,44.6,35.0,0.04
425160,0.14,0.9,44.61,35.0,0.06
425300,0.15,0.91,44.61,35.0,0.06
425310,0.14,0.91,44.61,35.0,0.06
425440,0.15,0.91,44.61,35.0,0.04
425490,0.16,0.91,44.61,35.0,0.04
425590,0.19,0.91,44.61,35.0,0.04
425720,0.15,0.91,44.61,35.0,0.05
425810,0.15,0.91,44.61,35.0,0.06
425820,0.13,0.91,44.61,35.0,0.05
426020,0.13,0.91,44.61,35.0,0.05
426180,0.14,0.91,44.62,35.01,0.03
426280,0.24,0.92,44.62,35.01,0.03
426300,0.27,0.92,44.62,35.01,0.05
426420,0.18,0.92,44.62,35.01,0.06
426460,0.2,0.93,44.62,35.01,0.06
426470,0.23,0.93,44.62,35.01,0.06
426480,0.19,0.92,44.62,35.01,0.05
426490,0.19,0.92,44.62,35.01,0.05
426520,0.16,0.92,44.62,35.01,0.05
426560,0.15,0.92,44.62,35.01,0.05
426650,0.17,0.93,44.62,35.01,0.04
426690,0.17,0.93,44.62,35.01,0.04
426790,0.15,0.92,44.62,35.01,0.06
426850,0.17,0.92,44.62,35.01,0.04
427180,0.15,0.91,44.63,35.01,0.04
427240,0.23,0.93,44.63,35.01,0.04
427270,0.17,0.91,44.63,35.01,0.08
427310,0.14,0.91,44.63,35.02,0.08
427470,0.2,0.92,44.63,35.02,0.03
427500,0.14,0.92,44.63,35.02,0.03
427570,0.28,0.93,44.63,35.02,0.03
427650,0.21,0.93,44.63,35.02,0.03
427990,0.14,0.94,44.64,35.02,0.04
428060,0.13,0.94,44.64,35.02,0.03
428190,0.13,0.94,44.64,35.02,0.05
428200,0.15,0.94,44.64,35.02,0.05
428210,0.12,0.94,44.64,35.02,0.05
428410,0.16,0.93,44.64,35.02,0.03
428750,0.2,0.95,44.64,35.03,0.05
428780,0.14,0.94,44.64,35.03,0.04
429000,0.24,0.96,44.65,35.03,0.06
429010,0.28,0.96,44.65,35.03,0.06
429150,0.25,0.96,44.65,35.03,0.04
429300,0.21,0.96,44.65,35.03,0.04
429320,0.21,0.96,44.65,35.03,0.04
429590,0.25,0.97,44.66,35.04,0.05
429660,0.39,0.97,44.66,35.04,0.04
429670,0.43,0.97,44.66,35.04,0.04
429830,0.19,0.96,44.66,35.04,0.05
429870,0.19,0.96,44.66,35.04,0.06
430090,0.34,0.96,44.66,35.04,0.04
430130,0.27,0.96,44.66,35.04,0.04
430220,0.21,0.96,44.66,35.04,0.04
430240,0.28,0.97,44.66,35.04,0.04
430270,0.32,0.96,44.66,35.04,0.06
430310,0.32,0.97,44.67,35.04,0.06
430450,0.29,0.93,44.67,35.05,0.04
430760,0.21,0.91,44.67,35.05,0.04
430780,0.14,0.91,44.67,35.05,0.04
430800,0.18,0.91,44.67,35.05,0.03
431180,0.22,0.94,44.68,35.05,0.04
431320,0.21,0.95,44.68,35.05,0.09
431400,0.21,0.95,44.68,35.05,0.09
431490,0.2,0.94,44.68,35.05,0.06
431500,0.18,0.95,44.68,35.05,0.06
431810,0.22,0.95,44.68,35.06,0.04
431970,0.22,0.96,44.68,35.06,0.05
432100,0.28,0.94,44.68,35.06,0.05
432250,0.27,0.95,44.69,35.06,0.05
432310,0.27,0.95,44.69,35.06,0.05
432360,0.37,0.97,44.69,35.06,0.04
432370,0.36,0.96,44.69,35.06,0.04
432390,0.32,0.97,44.69,35.06,0.04
432480,0.34,0.96,44.69,35.06,0.06
432820,0.24,0.92,44.7,35.07,0.05
433080,0.29,0.92,44.7,35.07,0.04
433100,0.29,0.93,44.7,35.07,0.04
433320,0.31,0.93,44.7,35.07,0.05
433370,0.24,0.92,44.71,35.08,0.05
433580,0.31,0.94,44.71,35.08,0.04
433670,0.26,0.94,44.71,35.08,0.06
433730,0.35,0.95,44.71,35.08,0.03
433760,0.32,0.95,44.71,35.08,0.03
433880,0.23,0.91,44.71,35.08,0.05
433920,0.26,0.92,44.71,35.08,0.04
434100,0.33,0.93,44.72,35.08,0.07
434150,0.32,0.93,44.72,35.09,0.07
434380,0.29,0.93,44.72,35.09,0.05
434390,0.26,0.94,44.72,35.09,0.05
434480,0.38,0.95,44.72,35.09,0.22
434500,0.44,0.96,44.72,35.09,0.22
434560,0.35,0.96,44.72,35.09,0.2
434650,0.31,0.96,44.73,35.09,0.07
434780,0.38,0.91,44.73,35.09,0.05
434830,0.39,0.92,44.73,35.09,0.1
434890,0.42,0.9,44.73,35.1,0.1
434930,0.34,0.9,44.73,35.1,0.1
435110,0.19,0.9,44.73,35.1,0.06
435150,0.18,0.9,44.73,35.1,0.04
435240,0.25,0.92,44.73,35.1,0.03
435600,0.24,0.93,44.74,35.1,0.04
435730,0.3,0.93,44.74,35.1,0.05
435810,0.34,0.92,44.74,35.1,0.1
435830,0.32,0.93,44.74,35.1,0.1
435840,0.28,0.93,44.74,35.1,0.04
435960,0.27,0.93,44.74,35.11,0.03
435980,0.28,0.94,44.74,35.11,0.03
436020,0.26,0.93,44.74,35.11,0.03
436050,0.24,0.92,44.74,35.11,0.03
436070,0.23,0.91,44.74,35.11,0.03
436140,0.18,0.9,44.75,35.11,0.03
436160,0.17,0.9,44.75,35.11,0.03
436210,0.32,0.92,44.75,35.11,0.04
436230,0.3,0.92,44.75,35.11,0.04
436360,0.37,0.96,44.75,35.11,0.04
436770,0.38,0.91,44.75,35.11,0.06
436790,0.27,0.91,44.76,35.11,0.06
436940,0.28,0.92,44.76,35.12,0.04
436950,0.35,0.93,44.76,35.12,0.04
437140,0.46,0.91,44.76,35.12,0.05
437220,0.3,0.9,44.76,35.12,0.05
437390,0.39,0.92,44.77,35.12,0.03
437560,0.32,0.92,44.77,35.13,0.05
437630,0.23,0.91,44.77,35.13,0.04
437760,0.29,0.92,44.77,35.13,0.06
437840,0.26,0.91,44.78,35.13,0.05
437870,0.2,0.92,44.78,35.13,0.05
437960,0.46,0.94,44.78,35.13,0.06
438020,0.34,0.92,44.78,35.13,0.07
438080,0.32,0.92,44.78,35.14,0.07
438190,0.37,0.93,44.78,35.14,0.06
438300,0.29,0.91,44.78,35.14,0.04
438340,0.3,0.92,44.78,35.14,0.04
438380,0.27,0.9,44.79,35.14,0.06
438420,0.24,0.89,44.79,35.14,0.14
438440,0.27,0.9,44.79,35.14,0.14
438590,0.35,0.9,44.79,35.14,0.1
438640,0.39,0.9,44.79,35.14,0.08
438850,0.29,0.91,44.79,35.14,0.04
438950,0.23,0.92,44.79,35.14,0.03
438960,0.22,0.92,44.79,35.14,0.03
438980,0.28,0.93,44.79,35.15,0.03
439060,0.31,0.94,44.79,35.15,0.04
439090,0.25,0.93,44.8,35.15,0.04
439170,0.25,0.93,44.8,35.15,0.03
439270,0.49,0.96,44.8,35.15,0.04
439370,0.55,0.97,44.8,35.15,0.05
439530,0.38,0.95,44.8,35.15,0.04
439600,0.4,0.97,44.8,35.15,0.06
439690,0.49,0.96,44.81,35.15,0.05
439780,0.31,0.92,44.81,35.16,0.06
439910,0.41,0.93,44.81,35.16,0.05
440140,0.34,0.95,44.81,35.16,0.05
440180,0.33,0.95,44.82,35.16,0.05
440430,0.31,0.95,44.82,35.16,0.04
440450,0.33,0.95,44.82,35.16,0.04
440470,0.36,0.95,44.82,35.17,0.04
440490,0.36,0.95,44.82,35.17,0.04
440670,0.36,0.94,44.82,35.17,0.06
440770,0.35,0.94,44.83,35.17,0.09
440860,0.33,0.93,44.83,35.17,0.14
440990,0.27,0.93,44.83,35.17,0.17
441090,0.16,0.91,44.83,35.17,0.04
441120,0.16,0.91,44.83,35.17,0.03
441130,0.18,0.91,44.83,35.17,0.03
441240,0.17,0.9,44.83,35.18,0.03
441290,0.19,0.89,44.84,35.18,0.03
441350,0.18,0.9,44.84,35.18,0.08
441370,0.2,0.9,44.84,35.18,0.04
441500,0.17,0.87,44.84,35.18,0.05
441570,0.14,0.9,44.84,35.18,0.04
441650,0.14,0.89,44.84,35.18,0.04
441900,0.43,0.92,44.85,35.18,0.04
442010,0.48,0.93,44.85,35.19,0.08
442080,0.39,0.9,44.85,35.19,0.06
442090,0.42,0.91,44.85,35.19,0.06
442310,0.26,0.9,44.86,35.19,0.07
442420,0.33,0.9,44.86,35.19,0.04
442500,0.39,0.92,44.86,35.19,0.06
442600,0.44,0.94,44.86,35.19,0.24
442630,0.43,0.93,44.86,35.2,0.08
442650,0.41,0.93,44.87,35.2,0.08
442760,0.34,0.92,44.87,35.2,0.08
442820,0.34,0.92,44.87,35.2,0.05
442840,0.38,0.93,44.87,35.2,0.05
442960,0.42,0.95,44.87,35.2,0.07
442990,0.33,0.94,44.87,35.2,0.1
443140,0.26,0.91,44.88,35.2,0.08
443150,0.23,0.92,44.88,35.2,0.08
443170,0.26,0.92,44.88,35.2,0.04
443270,0.33,0.95,44.88,35.2,0.03
443290,0.41,0.95,44.88,35.2,0.04
443340,0.41,0.95,44.88,35.21,0.04
443350,0.4,0.94,44.88,35.21,0.04
443490,0.39,0.93,44.89,35.21,0.03
443760,0.35,0.94,44.9,35.21,0.18
443830,0.37,0.94,44.9,35.21,0.05
444010,0.44,0.97,44.9,35.22,0.04
444050,0.35,0.93,44.91,35.22,0.04
444130,0.33,0.9,44.91,35.22,0.07
444140,0.29,0.9,44.91,35.22,0.07
444220,0.35,0.91,44.91,35.22,0.06
444490,0.41,0.91,44.91,35.22,0.05
444530,0.37,0.92,44.92,35.22,0.05
444560,0.36,0.93,44.92,35.22,0.06
444750,0.42,0.93,44.92,35.23,0.06
444880,0.34,0.9,44.93,35.23,0.08
444890,0.48,0.9,44.93,35.23,0.08
444910,0.58,0.9,44.93,35.23,0.06
445000,0.49,0.89,44.93,35.23,0.12
445160,0.26,0.89,44.93,35.23,0.1
445210,0.34,0.89,44.93,35.23,0.08
445230,0.33,0.89,44.93,35.23,0.08
445250,0.3,0.89,44.93,35.23,0.08
445280,0.31,0.9,44.94,35.23,0.07
445340,0.32,0.92,44.94,35.23,0.05
445440,0.34,0.91,44.94,35.23,0.17
445460,0.52,0.92,44.94,35.24,0.17
445530,0.38,0.92,44.94,35.24,0.22
445660,0.27,0.91,44.94,35.24,0.07
445770,0.29,0.91,44.95,35.24,0.05
445840,0.36,0.89,44.95,35.24,0.04
445960,0.32,0.9,44.95,35.24,0.04
446000,0.29,0.89,44.95,35.24,0.07
446090,0.41,0.92,44.95,35.24,0.09
446130,0.44,0.93,44.95,35.24,0.1
446330,0.32,0.92,44.96,35.25,0.06
446510,0.46,0.95,44.97,35.25,0.08
446630,0.38,0.94,44.97,35.25,0.17
446650,0.42,0.94,44.97,35.25,0.06
446750,0.53,0.96,44.97,35.25,0.11
446770,0.44,0.96,44.97,35.25,0.19
447140,0.44,0.94,44.98,35.26,0.08
447220,0.43,0.95,44.99,35.26,0.17
447300,0.45,0.95,44.99,35.26,0.07
447610,0.52,0.96,44.99,35.26,0.09
447760,0.46,0.94,45.0,35.27,0.15
447810,0.47,0.96,45.0,35.27,0.16
447860,0.49,0.96,45.0,35.27,0.08
447910,0.53,0.93,45.0,35.27,0.15
447920,0.44,0.93,45.0,35.27,0.15
447940,0.41,0.92,45.0,35.27,0.15
448180,0.34,0.88,45.01,35.28,0.18
448190,0.41,0.88,45.01,35.28,0.18
448210,0.49,0.87,45.01,35.28,0.12
448220,0.43,0.88,45.01,35.28,0.12
448270,0.42,0.88,45.01,35.28,0.1
448330,0.42,0.88,45.02,35.28,0.07
448470,0.35,0.86,45.02,35.28,0.13
448520,0.36,0.87,45.02,35.28,0.06
448610,0.29,0.87,45.02,35.28,0.08
448660,0.33,0.88,45.02,35.28,0.04
448930,0.36,0.89,45.03,35.29,0.06
449050,0.4,0.91,45.03,35.29,0.05
449160,0.3,0.88,45.03,35.29,0.11
449510,0.33,0.9,45.04,35.3,0.08
449520,0.3,0.89,45.04,35.3,0.05
449570,0.42,0.89,45.04,35.3,0.05
449650,0.41,0.89,45.04,35.3,0.07
449750,0.31,0.91,45.04,35.3,0.06
449760,0.31,0.91,45.04,35.3,0.03
449880,0.4,0.92,45.04,35.3,0.05
449970,0.36,0.93,45.05,35.31,0.04
450010,0.43,0.91,45.05,35.31,0.04
450030,0.47,0.92,45.05,35.31,0.04
450050,0.43,0.9,45.05,35.31,0.04
450080,0.45,0.92,45.05,35.31,0.07
450090,0.49,0.92,45.05,35.31,0.07
450110,0.71,0.92,45.05,35.31,0.07
450120,0.46,0.92,45.05,35.31,0.04
450280,0.58,0.92,45.06,35.31,0.05
450290,0.66,0.92,45.06,35.31,0.05
450310,0.7,0.93,45.06,35.31,0.08
450340,0.69,0.93,45.06,35.31,0.08
450430,0.61,0.92,45.06,35.31,0.11
450580,0.42,0.92,45.06,35.32,0.11
450610,0.44,0.92,45.07,35.32,0.12
450640,0.38,0.93,45.07,35.32,0.12
450690,0.38,0.93,45.07,35.32,0.2
450730,0.45,0.94,45.07,35.32,0.19
450840,0.36,0.92,45.07,35.32,0.13
450970,0.43,0.92,45.07,35.32,0.1
451030,0.38,0.92,45.07,35.32,0.09
451110,0.33,0.94,45.08,35.32,0.12
451350,0.37,0.94,45.08,35.33,0.16
451370,0.37,0.93,45.08,35.33,0.16
451400,0.33,0.94,45.08,35.33,0.07
451410,0.37,0.95,45.08,35.33,0.07
451540,0.35,0.93,45.08,35.33,0.03
451590,0.31,0.93,45.08,35.33,0.06
451660,0.31,0.92,45.08,35.33,0.06
451670,0.31,0.92,45.08,35.33,0.06
451720,0.35,0.91,45.08,35.33,0.09
451930,0.32,0.9,45.09,35.33,0.08
451950,0.32,0.89,45.09,35.33,0.08
451960,0.29,0.89,45.09,35.33,0.08
452080,0.33,0.91,45.09,35.34,0.17
452100,0.31,0.91,45.09,35.34,0.09
452150,0.24,0.88,45.09,35.34,0.09
452200,0.49,0.91,45.09,35.34,0.05
452280,0.41,0.91,45.1,35.34,0.17
452390,0.35,0.92,45.1,35.34,0.16
452410,0.41,0.93,45.1,35.34,0.13
452420,0.37,0.93,45.1,35.34,0.13
452440,0.39,0.94,45.1,35.34,0.13
452540,0.39,0.92,45.1,35.34,0.06
452570,0.56,0.96,45.1,35.34,0.06
452580,0.52,0.96,45.1,35.34,0.1
452690,0.45,0.93,45.11,35.35,0.23
452710,0.47,0.94,45.11,35.35,0.25
452790,0.45,0.92,45.11,35.35,0.18
452890,0.51,0.96,45.11,35.35,0.13
453010,0.52,0.97,45.12,35.35,0.16
453050,0.5,0.96,45.12,35.35,0.16
453460,0.47,0.94,45.12,35.36,0.06
453660,0.53,0.93,45.13,35.36,0.11
453730,0.57,0.94,45.13,35.36,0.1
453970,0.82,0.94,45.14,35.37,0.16
454170,0.84,0.94,45.15,35.37,0.1
454460,0.79,0.96,45.17,35.37,0.09
454700,0.51,0.92,45.18,35.38,0.11
454750,0.58,0.91,45.18,35.38,0.13
454800,0.67,0.94,45.18,35.38,0.14
454840,0.52,0.93,45.19,35.38,0.14
454900,0.43,0.91,45.19,35.38,0.11
454930,0.4,0.91,45.19,35.38,0.12
455030,0.57,0.92,45.19,35.38,0.16
455230,0.52,0.93,45.2,35.39,0.17
455310,0.64,0.93,45.2,35.39,0.13
455480,0.5,0.93,45.2,35.39,0.13
455490,0.48,0.93,45.2,35.39,0.13
455510,0.5,0.93,45.21,35.39,0.13
455530,0.51,0.94,45.21,35.39,0.07
455540,0.54,0.94,45.21,35.39,0.07
455560,0.68,0.93,45.21,35.39,0.07
455690,0.58,0.94,45.21,35.4,0.16
455720,0.68,0.97,45.21,35.4,0.1
455740,0.7,0.98,45.21,35.4,0.1
455850,0.67,0.94,45.21,35.4,0.19
455910,0.71,0.94,45.22,35.4,0.41
455920,0.68,0.95,45.22,35.4,0.41
455980,0.69,0.96,45.22,35.4,0.23
456050,0.58,0.92,45.22,35.4,0.33
456080,0.6,0.92,45.22,35.4,0.29
456100,0.7,0.91,45.22,35.4,0.29
456180,0.52,0.9,45.22,35.4,0.14
456220,0.54,0.88,45.22,35.4,0.14
456400,0.65,0.92,45.23,35.41,0.22
456450,0.5,0.9,45.23,35.41,0.22
456500,0.5,0.88,45.23,35.41,0.24
456510,0.51,0.88,45.23,35.41,0.24
456590,0.67,0.9,45.23,35.41,0.26
456700,0.54,0.9,45.23,35.41,0.15
456770,0.5,0.9,45.24,35.41,0.14
456800,0.57,0.91,45.24,35.41,0.17
456810,0.55,0.89,45.24,35.41,0.17
456920,0.5,0.89,45.24,35.42,0.22
456940,0.51,0.9,45.24,35.42,0.22
457050,0.57,0.91,45.24,35.42,0.16
457120,0.58,0.92,45.24,35.42,0.11
457160,0.55,0.92,45.25,35.42,0.17
457330,0.58,0.91,45.25,35.42,0.15
457370,0.59,0.9,45.25,35.43,0.15
457460,0.59,0.92,45.25,35.43,0.14
457530,0.47,0.91,45.26,35.43,0.14
457550,0.5,0.91,45.26,35.43,0.14
457630,0.45,0.88,45.26,35.43,0.12
457640,0.43,0.88,45.26,35.43,0.12
457730,0.42,0.87,45.26,35.43,0.11
457760,0.43,0.88,45.26,35.43,0.12
457960,0.43,0.91,45.27,35.44,0.13
458200,0.7,0.92,45.28,35.44,0.2
458210,0.7,0.91,45.28,35.44,0.2
458300,0.69,0.93,45.28,35.44,0.2
458340,0.7,0.96,45.28,35.44,0.11
458620,0.59,0.96,45.29,35.45,0.12
458660,0.57,0.96,45.29,35.45,0.16
458800,0.67,0.96,45.3,35.45,0.11
459150,0.37,0.88,45.31,35.46,0.12
459230,0.54,0.91,45.31,35.46,0.12
459260,0.58,0.92,45.31,35.46,0.09
459330,0.61,0.93,45.31,35.46,0.12
459400,0.67,0.94,45.31,35.46,0.14
459410,0.63,0.92,45.31,35.46,0.14
459440,0.58,0.92,45.31,35.46,0.17
459520,0.53,0.95,45.31,35.46,0.19
459550,0.47,0.94,45.32,35.46,0.13
459610,0.59,0.93,45.32,35.47,0.17
459710,0.52,0.93,45.32,35.47,0.14
459760,0.45,0.91,45.32,35.47,0.09
459900,0.37,0.88,45.32,35.47,0.12
460050,0.52,0.91,45.33,35.47,0.1
460130,0.4,0.89,45.33,35.47,0.04
460230,0.47,0.91,45.33,35.48,0.09
460250,0.52,0.92,45.33,35.48,0.09
460370,0.46,0.92,45.33,35.48,0.09
460540,0.46,0.92,45.33,35.48,0.12
460550,0.46,0.92,45.33,35.48,0.12
460600,0.51,0.92,45.33,35.48,0.08
460730,0.39,0.91,45.34,35.48,0.07
460770,0.42,0.92,45.34,35.48,0.11
460850,0.59,0.96,45.34,35.48,0.11
460920,0.61,0.95,45.34,35.49,0.09
460950,0.56,0.93,45.34,35.49,0.09
461250,0.33,0.9,45.35,35.49,0.05
461530,0.4,0.88,45.35,35.49,0.05
461750,0.36,0.9,45.36,35.5,0.07
461770,0.4,0.9,45.36,35.5,0.05
461790,0.41,0.9,45.36,35.5,0.05
461810,0.4,0.91,45.36,35.5,0.05
461850,0.38,0.9,45.36,35.5,0.06
461860,0.39,0.91,45.36,35.5,0.06
461990,0.47,0.93,45.36,35.5,0.11
462050,0.41,0.93,45.36,35.5,0.15
462070,0.41,0.92,45.36,35.5,0.09
462210,0.55,0.91,45.37,35.51,0.11
462220,0.54,0.89,45.37,35.51,0.11
462360,0.33,0.91,45.37,35.51,0.18
462420,0.31,0.9,45.37,35.51,0.37
462530,0.66,0.89,45.37,35.51,0.2
462770,0.43,0.91,45.38,35.52,0.11
462810,0.42,0.91,45.38,35.52,0.22
462920,0.42,0.89,45.38,35.52,0.22
463180,0.38,0.87,45.38,35.52,0.12
463200,0.4,0.86,45.38,35.52,0.11
463270,0.35,0.85,45.38,35.52,0.11
463730,0.45,0.89,45.39,35.53,0.04
463760,0.59,0.89,45.39,35.53,0.04
463810,0.59,0.89,45.39,35.53,0.06
463880,0.48,0.88,45.4,35.53,0.06
464000,0.4,0.88,45.4,35.53,0.04
464020,0.4,0.88,45.4,35.53,0.04
464280,0.38,0.87,45.4,35.54,0.11
464390,0.41,0.88,45.4,35.54,0.05
464400,0.4,0.88,45.4,35.54,0.06
464480,0.61,0.89,45.41,35.54,0.05
464580,0.63,0.95,45.41,35.54,0.1
464670,0.62,0.95,45.42,35.54,0.1
464960,0.43,0.92,45.43,35.55,0.1
465060,0.58,0.88,45.43,35.55,0.17
465090,0.49,0.86,45.43,35.55,0.17
465140,0.42,0.87,45.43,35.55,0.15
465190,0.41,0.87,45.43,35.55,0.08
465270,0.49,0.87,45.43,35.56,0.1
465410,0.56,0.88,45.44,35.56,0.13
465520,0.89,0.89,45.44,35.56,0.08
465590,0.89,0.87,45.44,35.56,0.1
465610,0.88,0.88,45.44,35.56,0.06
466110,0.45,0.91,45.45,35.57,0.06
466140,0.53,0.94,45.45,35.57,0.06
466310,0.44,0.92,45.45,35.57,0.07
466480,0.43,0.92,45.45,35.58,0.04
466690,0.41,0.92,45.46,35.58,0.04
466770,0.39,0.92,45.46,35.58,0.05
466840,0.38,0.91,45.46,35.58,0.07
466910,0.42,0.91,45.46,35.58,0.06
467030,0.39,0.9,45.46,35.58,0.05
467190,0.34,0.91,45.46,35.59,0.05
467370,0.29,0.84,45.46,35.59,0.04
467430,0.44,0.85,45.46,35.59,0.06
467490,0.36,0.86,45.47,35.59,0.05
467530,0.31,0.85,45.47,35.59,0.04
467640,0.29,0.84,45.47,35.59,0.05
467690,0.29,0.85,45.47,35.59,0.05
467700,0.28,0.84,45.47,35.59,0.04
467770,0.36,0.85,45.47,35.59,0.05
467810,0.36,0.85,45.47,35.59,0.05
467900,0.3,0.86,45.47,35.6,0.04
467930,0.3,0.87,45.47,35.6,0.04
468010,0.33,0.87,45.47,35.6,0.05
468100,0.39,0.88,45.47,35.6,0.05
468150,0.6,0.88,45.48,35.6,0.06
468440,0.37,0.89,45.48,35.6,0.04
468470,0.33,0.88,45.48,35.6,0.04
468520,0.45,0.89,45.48,35.6,0.05
468700,0.39,0.87,45.48,35.61,0.06
468760,0.38,0.89,45.49,35.61,0.08
468830,0.54,0.9,45.49,35.61,0.06
469040,0.42,0.89,45.49,35.61,0.07
469170,0.32,0.87,45.5,35.62,0.1
469240,0.42,0.88,45.5,35.62,0.05
469380,0.4,0.91,45.5,35.62,0.07
469410,0.4,0.9,45.5,35.62,0.07
469530,0.36,0.86,45.5,35.62,0.1
469550,0.34,0.87,45.5,35.62,0.1
469580,0.33,0.87,45.5,35.62,0.12
469670,0.36,0.89,45.51,35.62,0.13
469690,0.43,0.91,45.51,35.62,0.07
469740,0.54,0.94,45.51,35.63,0.09
469790,0.51,0.94,45.51,35.63,0.09
469840,0.47,0.92,45.51,35.63,0.17
469890,0.44,0.93,45.51,35.63,0.09
469990,0.38,0.9,45.51,35.63,0.07
470000,0.36,0.9,45.51,35.63,0.07
470080,0.46,0.93,45.51,35.63,0.06
470340,0.37,0.88,45.52,35.64,0.11
470360,0.36,0.89,45.52,35.64,0.11
470370,0.36,0.88,45.52,35.64,0.11
470380,0.34,0.89,45.52,35.64,0.11
470520,0.37,0.9,45.52,35.64,0.07
470610,0.36,0.91,45.52,35.64,0.09
470680,0.34,0.88,45.53,35.64,0.08
470710,0.38,0.87,45.53,35.64,0.05
470720,0.42,0.88,45.53,35.64,0.05
470730,0.45,0.88,45.53,35.64,0.05
470850,0.3,0.87,45.53,35.65,0.05
470890,0.36,0.88,45.53,35.65,0.05
470920,0.44,0.88,45.53,35.65,0.05
470990,0.31,0.88,45.53,35.65,0.04
471090,0.29,0.87,45.53,35.65,0.04
471100,0.31,0.87,45.53,35.65,0.04
471200,0.32,0.89,45.54,35.65,0.04
471230,0.33,0.88,45.54,35.65,0.04
471510,0.39,0.91,45.54,35.66,0.04
471590,0.41,0.92,45.54,35.66,0.04
471600,0.44,0.92,45.54,35.66,0.03
471640,0.43,0.94,45.54,35.66,0.03
471760,0.48,0.91,45.55,35.66,0.05
472080,0.62,0.9,45.55,35.67,0.08
472310,0.35,0.89,45.56,35.67,0.04
472620,0.51,0.91,45.56,35.68,0.05
472700,0.47,0.9,45.56,35.68,0.05
472730,0.36,0.9,45.56,35.68,0.05
472770,0.4,0.9,45.57,35.68,0.04
472790,0.47,0.9,45.57,35.68,0.04
472830,0.47,0.92,45.57,35.68,0.05
472890,0.41,0.91,45.57,35.69,0.05
472910,0.53,0.91,45.57,35.69,0.05
473290,0.3,0.88,45.57,35.69,0.04
473340,0.3,0.88,45.58,35.69,0.04
473430,0.33,0.88,45.58,35.7,0.06
473480,0.31,0.88,45.58,35.7,0.04
473530,0.39,0.89,45.58,35.7,0.04
473570,0.38,0.9,45.58,35.7,0.04
473690,0.36,0.9,45.58,35.7,0.09
473730,0.4,0.9,45.58,35.7,0.12
474070,0.38,0.92,45.59,35.71,0.04
474190,0.37,0.91,45.59,35.71,0.06
474200,0.35,0.91,45.59,35.71,0.06
474270,0.41,0.91,45.59,35.71,0.06
474380,0.47,0.91,45.6,35.71,0.07
474460,0.39,0.9,45.6,35.72,0.07
474480,0.42,0.9,45.6,35.72,0.05
474570,0.42,0.91,45.6,35.72,0.04
474620,0.38,0.9,45.6,35.72,0.07
474670,0.39,0.9,45.6,35.72,0.06
474700,0.35,0.89,45.6,35.72,0.06
474870,0.32,0.9,45.6,35.72,0.03
474890,0.36,0.91,45.6,35.72,0.03
474920,0.36,0.92,45.6,35.72,0.04
474980,0.4,0.93,45.61,35.72,0.03
475080,0.4,0.95,45.61,35.73,0.03
475090,0.4,0.94,45.61,35.73,0.03
475120,0.38,0.94,45.61,35.73,0.03
475160,0.38,0.94,45.61,35.73,0.04
475230,0.42,0.94,45.61,35.73,0.04
475330,0.44,0.93,45.61,35.73,0.06
475430,0.45,0.91,45.61,35.73,0.05
475550,0.53,0.92,45.61,35.74,0.09
475580,0.5,0.9,45.61,35.74,0.05
475710,0.5,0.9,45.62,35.74,0.08
475720,0.5,0.9,45.62,35.74,0.08
475870,0.49,0.9,45.62,35.74,0.04
476070,0.53,0.9,45.62,35.74,0.04
476240,0.52,0.89,45.62,35.75,0.08
476400,0.32,0.89,45.63,35.75,0.04
476840,0.29,0.89,45.63,35.75,0.07
476880,0.29,0.89,45.63,35.75,0.03
477010,0.28,0.89,45.63,35.75,0.04
477370,0.26,0.89,45.64,35.76,0.05
477480,0.26,0.89,45.64,35.76,0.05
477490,0.27,0.89,45.64,35.76,0.05
477530,0.26,0.89,45.64,35.76,0.05
477650,0.32,0.9,45.64,35.76,0.07
477680,0.26,0.9,45.64,35.76,0.05
477740,0.25,0.9,45.64,35.76,0.06
477760,0.25,0.91,45.64,35.76,0.06
477810,0.26,0.91,45.64,35.77,0.1
477920,0.27,0.9,45.64,35.77,0.14
477930,0.27,0.91,45.64,35.77,0.14
477950,0.27,0.91,45.64,35.77,0.14
478020,0.29,0.91,45.65,35.77,0.12
478050,0.28,0.92,45.65,35.77,0.12
478180,0.2,0.9,45.65,35.77,0.03
478360,0.24,0.9,45.65,35.77,0.05
478460,0.21,0.89,45.65,35.77,0.06
478480,0.22,0.89,45.65,35.77,0.06
478520,0.19,0.89,45.65,35.77,0.03
478560,0.23,0.9,45.65,35.77,0.03
478640,0.27,0.92,45.65,35.77,0.05
478970,0.33,0.92,45.66,35.78,0.04
478990,0.35,0.9,45.66,35.78,0.06
479020,0.3,0.91,45.66,35.78,0.06
479080,0.36,0.91,45.66,35.78,0.06
479170,0.36,0.94,45.66,35.78,0.05
479200,0.33,0.94,45.66,35.78,0.05
479210,0.35,0.95,45.66,35.78,0.05
479290,0.38,0.92,45.66,35.78,0.04
479370,0.33,0.92,45.66,35.78,0.05
479500,0.29,0.92,45.66,35.78,0.07
479530,0.29,0.91,45.66,35.78,0.04
479560,0.27,0.9,45.66,35.78,0.04
479590,0.3,0.9,45.66,35.78,0.04
479680,0.38,0.9,45.66,35.79,0.06
479760,0.4,0.9,45.67,35.79,0.05
479800,0.29,0.9,45.67,35.79,0.05
479880,0.36,0.91,45.67,35.79,0.04
479960,0.28,0.91,45.67,35.79,0.04
480040,0.3,0.91,45.67,35.79,0.05
480060,0.28,0.91,45.67,35.79,0.04
480120,0.25,0.91,45.67,35.79,0.03
480270,0.24,0.92,45.67,35.79,0.04
480330,0.26,0.93,45.67,35.79,0.04
480380,0.25,0.93,45.67,35.79,0.04
480460,0.22,0.93,45.67,35.8,0.03
480570,0.2,0.9,45.68,35.8,0.04
480580,0.18,0.89,45.68,35.8,0.04
480590,0.26,0.9,45.68,35.8,0.04
480780,0.19,0.9,45.68,35.8,0.04
480840,0.24,0.91,45.68,35.8,0.03
480880,0.21,0.9,45.68,35.8,0.03
480890,0.22,0.91,45.68,35.8,0.03
481020,0.21,0.9,45.68,35.8,0.04
481120,0.34,0.91,45.68,35.8,0.08
481200,0.25,0.91,45.68,35.8,0.03
481220,0.25,0.91,45.68,35.8,0.03
481280,0.31,0.93,45.68,35.81,0.04
481290,0.31,0.93,45.68,35.81,0.04
481340,0.29,0.93,45.68,35.81,0.05
481440,0.23,0.9,45.68,35.81,0.04
481710,0.28,0.92,45.69,35.81,0.04
481730,0.31,0.92,45.69,35.81,0.04
481770,0.29,0.91,45.69,35.81,0.04
481800,0.29,0.92,45.69,35.81,0.05
481900,0.25,0.91,45.69,35.81,0.05
481930,0.29,0.91,45.69,35.81,0.06
482020,0.28,0.91,45.69,35.81,0.05
482130,0.3,0.92,45.69,35.82,0.05
482210,0.34,0.94,45.69,35.82,0.04
482280,0.28,0.94,45.7,35.82,0.07
482340,0.25,0.92,45.7,35.82,0.04
482370,0.25,0.93,45.7,35.82,0.04
482510,0.28,0.93,45.7,35.82,0.06
482730,0.43,0.93,45.7,35.82,0.28
482740,0.25,0.93,45.7,35.82,0.28
482760,0.23,0.92,45.7,35.82,0.11
482920,0.34,0.92,45.7,35.83,0.04
482960,0.31,0.93,45.7,35.83,0.08
483020,0.29,0.92,45.7,35.83,0.04
483300,0.34,0.93,45.71,35.83,0.07
483340,0.3,0.93,45.71,35.83,0.07
483630,0.27,0.92,45.71,35.84,0.05
483640,0.34,0.92,45.71,35.84,0.05
483770,0.28,0.93,45.72,35.84,0.05
483780,0.28,0.93,45.72,35.84,0.04
483790,0.28,0.92,45.72,35.84,0.04
483920,0.24,0.93,45.72,35.84,0.04
483940,0.25,0.93,45.72,35.84,0.04
484030,0.27,0.93,45.72,35.84,0.03
484060,0.24,0.93,45.72,35.84,0.03
484110,0.25,0.94,45.72,35.84,0.04
484180,0.35,0.97,45.72,35.84,0.04
484320,0.47,0.93,45.72,35.84,0.1
484370,0.26,0.93,45.72,35.84,0.1
484390,0.28,0.93,45.72,35.84,0.06
485090,0.2,0.91,45.73,35.85,0.09
485100,0.19,0.91,45.73,35.85,0.04
485130,0.23,0.92,45.73,35.85,0.04
485210,0.22,0.92,45.73,35.86,0.04
485340,0.25,0.93,45.74,35.86,0.04
485520,0.23,0.94,45.74,35.86,0.04
485720,0.25,0.95,45.74,35.86,0.04
485770,0.3,0.96,45.74,35.86,0.04
486130,0.37,0.96,45.74,35.87,0.04
486260,0.31,0.96,45.75,35.87,0.04
486340,0.29,0.94,45.75,35.87,0.04
486360,0.27,0.94,45.75,35.87,0.04
486380,0.26,0.92,45.75,35.87,0.04
486410,0.27,0.93,45.75,35.87,0.04
486480,0.26,0.93,45.75,35.87,0.04
486490,0.27,0.94,45.75,35.87,0.04
486550,0.29,0.93,45.75,35.87,0.06
486670,0.25,0.93,45.75,35.88,0.07
486680,0.25,0.94,45.75,35.88,0.07
486800,0.3,0.95,45.75,35.88,0.03
486830,0.36,0.95,45.75,35.88,0.03
487080,0.25,0.93,45.76,35.88,0.05
487290,0.45,0.96,45.76,35.88,0.05
487350,0.2,0.92,45.76,35.88,0.08
487590,0.32,0.94,45.76,35.89,0.06
487630,0.38,0.96,45.76,35.89,0.08
487660,0.31,0.96,45.76,35.89,0.08
487770,0.19,0.93,45.77,35.89,0.08
487780,0.18,0.93,45.77,35.89,0.08
487840,0.27,0.93,45.77,35.89,0.04
488020,0.24,0.93,45.77,35.89,0.04
488110,0.32,0.95,45.77,35.89,0.04
488140,0.26,0.94,45.77,35.89,0.04
488430,0.37,0.94,45.77,35.89,0.06
488480,0.36,0.94,45.78,35.89,0.1
488880,0.4,0.97,45.78,35.9,0.05
489040,0.28,0.96,45.78,35.9,0.04
489250,0.31,0.95,45.79,35.9,0.03
489270,0.26,0.95,45.79,35.9,0.03
489300,0.22,0.95,45.79,35.9,0.04
489420,0.31,0.96,45.79,35.9,0.08
489560,0.26,0.93,45.79,35.9,0.05
489620,0.23,0.93,45.79,35.91,0.04
489840,0.27,0.93,45.79,35.91,0.04
489940,0.24,0.93,45.79,35.91,0.04
489950,0.22,0.93,45.79,35.91,0.04
490180,0.27,0.95,45.8,35.91,0.04
490300,0.26,0.95,45.8,35.91,0.04
490320,0.27,0.95,45.8,35.91,0.03
490360,0.22,0.95,45.8,35.91,0.03
490660,0.3,0.95,45.8,35.92,0.04
490670,0.3,0.95,45.8,35.92,0.04
490870,0.31,0.91,45.8,35.92,0.08
490990,0.27,0.91,45.81,35.92,0.05
491160,0.2,0.9,45.81,35.92,0.03
491180,0.2,0.91,45.81,35.92,0.03
491190,0.21,0.91,45.81,35.92,0.03
491270,0.23,0.91,45.81,35.92,0.05
491320,0.42,0.92,45.81,35.92,0.05
491380,0.3,0.93,45.81,35.92,0.03
491420,0.27,0.91,45.81,35.92,0.04
491430,0.29,0.92,45.81,35.92,0.04
491790,0.23,0.93,45.81,35.93,0.03
491830,0.25,0.93,45.82,35.93,0.03
491890,0.25,0.94,45.82,35.93,0.04
492000,0.24,0.94,45.82,35.93,0.04
492180,0.24,0.93,45.82,35.93,0.04
492210,0.24,0.94,45.82,35.93,0.04
492330,0.29,0.94,45.82,35.93,0.04
492400,0.24,0.93,45.82,35.93,0.04
492470,0.22,0.94,45.82,35.93,0.04
492770,0.22,0.96,45.82,35.94,0.04
492870,0.22,0.94,45.83,35.94,0.03
492990,0.2,0.93,45.83,35.94,0.06
493000,0.19,0.93,45.83,35.94,0.06
493020,0.21,0.93,45.83,35.94,0.04
493080,0.18,0.93,45.83,35.94,0.04
493120,0.19,0.93,45.83,35.94,0.04
493190,0.2,0.93,45.83,35.94,0.04
493550,0.25,0.92,45.83,35.94,0.04
493600,0.28,0.93,45.83,35.94,0.04
493670,0.26,0.93,45.83,35.94,0.03
493690,0.27,0.93,45.83,35.95,0.04
493700,0.24,0.93,45.83,35.95,0.04
493730,0.23,0.93,45.83,35.95,0.04
493750,0.25,0.93,45.83,35.95,0.03
494020,0.21,0.93,45.84,35.95,0.04
494050,0.25,0.93,45.84,35.95,0.03
494160,0.25,0.92,45.84,35.95,0.04
494220,0.26,0.93,45.84,35.95,0.06
494260,0.26,0.93,45.84,35.95,0.06
494540,0.23,0.93,45.84,35.95,0.06
494620,0.2,0.91,45.84,35.95,0.08
494730,0.26,0.93,45.84,35.95,0.06
494820,0.18,0.92,45.85,35.96,0.06
494850,0.26,0.93,45.85,35.96,0.06
494900,0.28,0.93,45.85,35.96,0.06
494920,0.26,0.93,45.85,35.96,0.06
494980,0.24,0.93,45.85,35.96,0.09
495000,0.21,0.93,45.85,35.96,0.05
495160,0.2,0.93,45.85,35.96,0.05
495180,0.19,0.92,45.85,35.96,0.05
495320,0.21,0.93,45.85,35.96,0.05
495560,0.23,0.93,45.85,35.96,0.06
495570,0.25,0.94,45.85,35.96,0.06
495670,0.32,0.94,45.85,35.96,0.06
495690,0.21,0.94,45.86,35.96,0.06
495850,0.26,0.96,45.86,35.97,0.05
495950,0.24,0.96,45.86,35.97,0.05
496080,0.45,0.97,45.86,35.97,0.04
496210,0.49,0.96,45.86,35.97,0.06
496380,0.48,0.95,45.86,35.97,0.04
496390,0.48,0.95,45.86,35.97,0.04
496400,0.47,0.95,45.86,35.97,0.04
496480,0.46,0.93,45.86,35.97,0.04
496520,0.45,0.93,45.86,35.97,0.04
496540,0.45,0.93,45.86,35.97,0.04
496690,0.46,0.94,45.87,35.97,0.06
496930,0.42,0.91,45.87,35.98,0.04
497010,0.4,0.9,45.87,35.98,0.04
497030,0.18,0.9,45.87,35.98,0.04
497100,0.18,0.91,45.87,35.98,0.04
497150,0.2,0.91,45.87,35.98,0.04
497200,0.2,0.9,45.87,35.98,0.05
497240,0.24,0.9,45.87,35.98,0.1
497250,0.2,0.9,45.87,35.98,0.1
497330,0.16,0.91,45.87,35.98,0.09
497440,0.29,0.91,45.87,35.98,0.05
497460,0.31,0.91,45.87,35.98,0.07
497520,0.32,0.91,45.87,35.98,0.07
497560,0.19,0.91,45.87,35.98,0.07
497630,0.25,0.92,45.88,35.98,0.04
497790,0.24,0.92,45.88,35.98,0.03
497800,0.24,0.91,45.88,35.98,0.03
497970,0.21,0.91,45.88,35.99,0.04
498120,0.2,0.91,45.88,35.99,0.05
498260,0.16,0.91,45.88,35.99,0.03
498420,0.16,0.92,45.88,35.99,0.03
498470,0.17,0.92,45.88,35.99,0.03
498480,0.17,0.92,45.88,35.99,0.03
498510,0.17,0.92,45.88,35.99,0.03
498740,0.15,0.91,45.89,35.99,0.04
498850,0.2,0.92,45.89,35.99,0.03
499000,0.17,0.92,45.89,35.99,0.03
499050,0.2,0.92,45.89,36.0,0.03
499160,0.19,0.93,45.89,36.0,0.04
499300,0.22,0.93,45.89,36.0,0.06
499410,0.19,0.94,45.89,36.0,0.05
499510,0.23,0.95,45.89,36.0,0.03
499560,0.2,0.95,45.9,36.0,0.05
499690,0.29,0.92,45.9,36.0,0.03
499770,0.18,0.93,45.9,36.0,0.04
499860,0.25,0.94,45.9,36.0,0.08
499890,0.23,0.94,45.9,36.0,0.08
499920,0.21,0.93,45.9,36.0,0.05
499950,0.23,0.93,45.9,36.01,0.05
499970,0.18,0.93,45.9,36.01,0.05
500030,0.2,0.93,45.9,36.01,0.04
500080,0.22,0.94,45.9,36.01,0.05
500220,0.19,0.94,45.9,36.01,0.06
500230,0.2,0.94,45.9,36.01,0.06
500250,0.17,0.94,45.9,36.01,0.06
500280,0.18,0.95,45.9,36.01,0.07
500350,0.17,0.95,45.9,36.01,0.04
500410,0.19,0.95,45.9,36.01,0.05
500450,0.17,0.96,45.9,36.01,0.05
500660,0.21,0.95,45.91,36.01,0.04
500730,0.31,0.96,45.91,36.01,0.06
500750,0.32,0.96,45.91,36.01,0.06
500790,0.22,0.96,45.91,36.01,0.09
500860,0.2,0.95,45.91,36.01,0.04
500910,0.28,0.95,45.91,36.01,0.04
500950,0.18,0.93,45.91,36.02,0.03
500970,0.2,0.93,45.91,36.02,0.03
501020,0.27,0.93,45.91,36.02,0.04
501100,0.18,0.93,45.91,36.02,0.04
501110,0.18,0.94,45.91,36.02,0.04
501240,0.27,0.94,45.91,36.02,0.04
501260,0.27,0.94,45.91,36.02,0.04
501330,0.21,0.93,45.91,36.02,0.03
501360,0.22,0.93,45.91,36.02,0.04
501590,0.21,0.96,45.92,36.02,0.07
501720,0.2,0.94,45.92,36.02,0.03
501800,0.22,0.95,45.92,36.02,0.03
502000,0.2,0.95,45.92,36.02,0.03
502020,0.21,0.95,45.92,36.03,0.03
502050,0.17,0.95,45.92,36.03,0.03
502110,0.15,0.93,45.92,36.03,0.04
502440,0.19,0.93,45.93,36.03,0.04
502510,0.3,0.94,45.93,36.03,0.05
502740,0.18,0.94,45.93,36.03,0.04
502780,0.18,0.94,45.93,36.03,0.04
502830,0.24,0.94,45.93,36.03,0.04
502860,0.22,0.94,45.93,36.03,0.03
502940,0.19,0.94,45.93,36.03,0.04
502960,0.22,0.94,45.93,36.03,0.04
502990,0.23,0.94,45.93,36.03,0.05
503020,0.31,0.94,45.93,36.04,0.05
503050,0.29,0.94,45.93,36.04,0.04
503110,0.22,0.94,45.93,36.04,0.04
503160,0.28,0.96,45.93,36.04,0.06
503330,0.22,0.94,45.94,36.04,0.04
503540,0.26,0.98,45.94,36.04,0.04
503590,0.25,0.97,45.94,36.04,0.03
503610,0.24,0.97,45.94,36.04,0.03
503700,0.26,0.97,45.94,36.04,0.04
503730,0.24,0.97,45.94,36.04,0.04
503890,0.2,0.93,45.94,36.04,0.05
503960,0.22,0.93,45.94,36.04,0.03
504100,0.21,0.94,45.94,36.05,0.07
504160,0.26,0.95,45.94,36.05,0.05
504350,0.24,0.97,45.95,36.05,0.04
504390,0.24,0.97,45.95,36.05,0.03
504430,0.3,0.97,45.95,36.05,0.06
504460,0.23,0.93,45.95,36.05,0.06
504630,0.2,0.94,45.95,36.05,0.05
504750,0.23,0.95,45.95,36.05,0.04
504870,0.24,0.93,45.95,36.05,0.04
504880,0.23,0.93,45.95,36.05,0.04
504980,0.21,0.91,45.95,36.06,0.04
505050,0.22,0.92,45.95,36.06,0.03
505110,0.18,0.91,45.96,36.06,0.04
505250,0.24,0.92,45.96,36.06,0.06
505350,0.22,0.93,45.96,36.06,0.04
505380,0.19,0.92,45.96,36.06,0.04
505440,0.2,0.92,45.96,36.06,0.04
505450,0.2,0.92,45.96,36.06,0.04
505520,0.22,0.9,45.96,36.06,0.04
505620,0.19,0.91,45.96,36.06,0.04
506040,0.24,0.93,45.97,36.07,0.03
506220,0.28,0.94,45.97,36.07,0.05
506270,0.24,0.93,45.97,36.07,0.05
506320,0.24,0.93,45.97,36.07,0.05
506450,0.26,0.92,45.97,36.07,0.04
506460,0.23,0.92,45.97,36.07,0.04
506530,0.26,0.93,45.97,36.07,0.04
506580,0.21,0.93,45.97,36.07,0.04
506800,0.25,0.95,45.97,36.07,0.04
507030,0.28,0.95,45.97,36.08,0.04
507100,0.2,0.94,45.98,36.08,0.04
507110,0.19,0.94,45.98,36.08,0.04
507140,0.18,0.94,45.98,36.08,0.03
507270,0.17,0.92,45.98,36.08,0.05
507410,0.15,0.91,45.98,36.08,0.1
507420,0.16,0.92,45.98,36.08,0.05
507480,0.2,0.92,45.98,36.08,0.04
507570,0.2,0.93,45.98,36.08,0.05
507630,0.22,0.93,45.98,36.08,0.04
507730,0.24,0.94,45.98,36.08,0.05
507810,0.27,0.94,45.98,36.08,0.04
507850,0.28,0.94,45.98,36.08,0.07
508340,0.19,0.93,45.99,36.09,0.03
508360,0.34,0.93,45.99,36.09,0.03
508470,0.19,0.93,45.99,36.09,0.07
508540,0.36,0.94,45.99,36.09,0.04
508770,0.25,0.94,45.99,36.09,0.03
508800,0.26,0.94,46.0,36.1,0.05
508840,0.24,0.94,46.0,36.1,0.05
509180,0.21,0.94,46.0,36.1,0.08
509330,0.21,0.94,46.0,36.1,0.06
509370,0.2,0.94,46.0,36.1,0.05
509430,0.28,0.95,46.0,36.1,0.05
509530,0.25,0.96,46.01,36.1,0.08
509780,0.26,0.96,46.01,36.11,0.04
510040,0.26,0.94,46.01,36.11,0.05
510150,0.22,0.94,46.02,36.11,0.11
510230,0.2,0.94,46.02,36.11,0.07
510360,0.32,0.97,46.02,36.11,0.04
510590,0.21,0.95,46.02,36.11,0.04
510670,0.29,0.96,46.02,36.11,0.04
510830,0.22,0.96,46.02,36.12,0.03
510840,0.24,0.96,46.02,36.12,0.04
510920,0.23,0.97,46.02,36.12,0.03
511100,0.2,0.95,46.03,36.12,0.04
511180,0.19,0.94,46.03,36.12,0.04
511200,0.18,0.94,46.03,36.12,0.03
511250,0.19,0.94,46.03,36.12,0.03
511400,0.47,0.97,46.03,36.12,0.05
511430,0.47,0.97,46.03,36.12,0.05
511480,0.35,0.96,46.04,36.12,0.09
511610,0.25,0.95,46.04,36.12,0.06
511630,0.23,0.94,46.04,36.12,0.05
511740,0.26,0.95,46.04,36.12,0.04
511810,0.32,0.94,46.04,36.13,0.04
511910,0.25,0.94,46.04,36.13,0.04
511980,0.22,0.94,46.04,36.13,0.04
512040,0.21,0.94,46.04,36.13,0.05
512190,0.25,0.94,46.04,36.13,0.04
512330,0.22,0.94,46.05,36.13,0.04
512500,0.19,0.94,46.05,36.13,0.03
512520,0.2,0.94,46.05,36.13,0.03
512690,0.26,0.94,46.05,36.13,0.03
512700,0.28,0.94,46.05,36.13,0.04
512720,0.27,0.94,46.05,36.13,0.04
512850,0.19,0.92,46.05,36.14,0.03
512880,0.3,0.93,46.05,36.14,0.03
513000,0.23,0.93,46.05,36.14,0.03
513030,0.27,0.94,46.05,36.14,0.03
513040,0.3,0.94,46.05,36.14,0.03
513230,0.21,0.94,46.06,36.14,0.04
513260,0.19,0.93,46.06,36.14,0.04
513370,0.23,0.93,46.06,36.14,0.03
513730,0.21,0.93,46.06,36.14,0.04
513740,0.19,0.93,46.06,36.14,0.04
513830,0.19,0.93,46.06,36.14,0.04
513880,0.19,0.94,46.06,36.15,0.03
513960,0.23,0.94,46.06,36.15,0.03
513970,0.21,0.94,46.06,36.15,0.03
514090,0.2,0.94,46.06,36.15,0.03
514160,0.32,0.93,46.06,36.15,0.04
514180,0.32,0.93,46.06,36.15,0.04
514190,0.29,0.93,46.06,36.15,0.04
514360,0.2,0.93,46.07,36.15,0.05
514400,0.19,0.93,46.07,36.15,0.04
514450,0.2,0.94,46.07,36.15,0.04
514620,0.22,0.95,46.07,36.15,0.04
514670,0.36,0.95,46.07,36.15,0.04
514720,0.25,0.95,46.07,36.15,0.05
514750,0.26,0.96,46.07,36.15,0.05
514790,0.24,0.95,46.07,36.15,0.05
514940,0.26,0.96,46.07,36.15,0.1
514960,0.27,0.96,46.07,36.15,0.1
514990,0.26,0.96,46.07,36.15,0.08
515000,0.3,0.96,46.07,36.15,0.08
515020,0.27,0.96,46.07,36.15,0.08
515040,0.24,0.97,46.07,36.15,0.05
515100,0.26,0.96,46.08,36.16,0.05
515170,0.23,0.94,46.08,36.16,0.05
515300,0.2,0.95,46.08,36.16,0.06
515330,0.2,0.94,46.08,36.16,0.06
515360,0.29,0.94,46.08,36.16,0.05
515580,0.23,0.95,46.08,36.16,0.04
515810,0.17,0.94,46.08,36.16,0.05
515850,0.17,0.94,46.08,36.16,0.05
515870,0.17,0.94,46.08,36.16,0.05
515950,0.2,0.95,46.08,36.16,0.04
516110,0.16,0.94,46.09,36.17,0.03
516140,0.3,0.95,46.09,36.17,0.03
516190,0.27,0.94,46.09,36.17,0.05
516280,0.21,0.94,46.09,36.17,0.04
516340,0.18,0.93,46.09,36.17,0.03
516370,0.19,0.94,46.09,36.17,0.04
516380,0.19,0.93,46.09,36.17,0.04
516710,0.26,0.97,46.09,36.17,0.05
516800,0.23,0.96,46.09,36.17,0.07
516860,0.19,0.96,46.1,36.17,0.05
517190,0.16,0.95,46.1,36.17,0.05
517370,0.2,0.96,46.1,36.18,0.04
517550,0.22,0.96,46.1,36.18,0.05
517730,0.21,0.97,46.1,36.18,0.05
518010,0.24,0.96,46.11,36.18,0.06
518030,0.23,0.96,46.11,36.18,0.06
518050,0.24,0.96,46.11,36.18,0.07
518070,0.23,0.95,46.11,36.18,0.07
518210,0.18,0.95,46.11,36.18,0.06
518300,0.2,0.96,46.11,36.18,0.05
518430,0.33,0.96,46.11,36.19,0.07
518440,0.33,0.97,46.11,36.19,0.07
518500,0.19,0.97,46.11,36.19,0.05
518640,0.18,0.96,46.11,36.19,0.03
518780,0.29,0.97,46.11,36.19,0.04
518840,0.32,0.98,46.11,36.19,0.03
518850,0.31,0.97,46.11,36.19,0.03
518940,0.29,0.95,46.12,36.19,0.08
519080,0.3,0.93,46.12,36.19,0.08
519150,0.31,0.94,46.12,36.19,0.08
519360,0.26,0.94,46.12,36.2,0.08
519500,0.36,0.95,46.13,36.2,0.08
519700,0.39,0.95,46.13,36.2,0.12
519730,0.41,0.95,46.13,36.2,0.1
519810,0.33,0.93,46.13,36.2,0.09
519860,0.33,0.93,46.13,36.2,0.06
519940,0.33,0.93,46.13,36.2,0.06
519960,0.32,0.94,46.13,36.21,0.06
519970,0.35,0.94,46.13,36.21,0.06
520210,0.28,0.96,46.14,36.21,0.04
520230,0.27,0.96,46.14,36.21,0.04
520300,0.28,0.96,46.14,36.21,0.04
520330,0.35,0.96,46.14,36.21,0.1
520390,0.27,0.93,46.14,36.21,0.06
520430,0.22,0.9,46.14,36.21,0.06
520480,0.33,0.91,46.14,36.21,0.06
520800,0.3,0.93,46.14,36.21,0.07
520840,0.29,0.94,46.15,36.21,0.07
520970,0.26,0.94,46.15,36.22,0.07
521060,0.33,0.95,46.15,36.22,0.06
521220,0.37,0.92,46.15,36.22,0.08
521250,0.37,0.93,46.15,36.22,0.08
521400,0.39,0.93,46.15,36.22,0.07
521810,0.41,0.95,46.16,36.23,0.06
521850,0.41,0.95,46.16,36.23,0.06
521880,0.42,0.94,46.16,36.23,0.05
521990,0.29,0.92,46.16,36.23,0.05
522000,0.35,0.92,46.16,36.23,0.04
522100,0.34,0.93,46.17,36.23,0.05
522150,0.35,0.93,46.17,36.23,0.07
522310,0.3,0.94,46.17,36.23,0.07
522350,0.31,0.94,46.17,36.23,0.07
522410,0.41,0.98,46.17,36.23,0.08
522470,0.38,0.98,46.17,36.23,0.09
522520,0.44,0.95,46.17,36.23,0.07
522550,0.41,0.97,46.17,36.23,0.07
522610,0.42,0.93,46.18,36.24,0.05
522640,0.38,0.91,46.18,36.24,0.05
522650,0.36,0.91,46.18,36.24,0.05
522680,0.34,0.89,46.18,36.24,0.06
522780,0.31,0.89,46.18,36.24,0.07
522850,0.33,0.9,46.18,36.24,0.08
522930,0.34,0.88,46.18,36.24,0.04
522990,0.4,0.88,46.18,36.24,0.05
523000,0.38,0.88,46.18,36.24,0.05
523150,0.27,0.8,46.18,36.24,0.09
523210,0.28,0.79,46.18,36.24,0.1
523220,0.24,0.79,46.18,36.24,0.1
523280,0.23,0.79,46.18,36.24,0.06
523320,0.21,0.78,46.18,36.24,0.05
523390,0.24,0.79,46.19,36.24,0.04
523460,0.24,0.79,46.19,36.24,0.05
523530,0.46,0.83,46.19,36.25,0.06
523540,0.44,0.83,46.19,36.25,0.06
523560,0.38,0.84,46.19,36.25,0.07
523570,0.41,0.84,46.19,36.25,0.07
524050,0.32,0.81,46.2,36.25,0.07
524070,0.45,0.82,46.2,36.25,0.07
524110,0.3,0.82,46.2,36.25,0.16
524210,0.28,0.83,46.2,36.25,0.06
524300,0.37,0.86,46.2,36.26,0.06
524460,0.43,0.87,46.21,36.26,0.06
524540,0.42,0.88,46.21,36.26,0.07
524640,0.35,0.85,46.21,36.26,0.08
524780,0.5,0.87,46.21,36.26,0.08
524800,0.5,0.87,46.21,36.26,0.08
524810,0.47,0.86,46.21,36.26,0.08
524850,0.46,0.85,46.21,36.26,0.06
525090,0.38,0.85,46.22,36.27,0.1
525120,0.35,0.85,46.22,36.27,0.07
525340,0.33,0.84,46.22,36.27,0.05
525380,0.3,0.84,46.23,36.27,0.05
525390,0.29,0.84,46.23,36.27,0.05
525510,0.3,0.85,46.23,36.27,0.03
525530,0.3,0.85,46.23,36.27,0.03
525730,0.44,0.87,46.23,36.28,0.06
525760,0.43,0.87,46.23,36.28,0.06
525840,0.4,0.89,46.24,36.28,0.07
525870,0.43,0.88,46.24,36.28,0.07
526100,0.47,0.91,46.24,36.28,0.06
526230,0.48,0.88,46.25,36.29,0.1
526250,0.53,0.88,46.25,36.29,0.1
526560,0.34,0.85,46.26,36.29,0.13
526590,0.32,0.85,46.26,36.29,0.13
526670,0.29,0.85,46.26,36.29,0.11
526800,0.32,0.85,46.26,36.3,0.07
526830,0.41,0.84,46.26,36.3,0.07
527060,0.51,0.85,46.27,36.3,0.05
527160,0.31,0.84,46.27,36.3,0.08
527290,0.38,0.86,46.27,36.3,0.05
527300,0.44,0.86,46.27,36.3,0.05
527560,0.29,0.85,46.28,36.31,0.06
527650,0.3,0.84,46.28,36.31,0.05
527680,0.3,0.84,46.28,36.31,0.05
527700,0.3,0.84,46.28,36.31,0.05
527790,0.23,0.85,46.29,36.31,0.06
527870,0.24,0.84,46.29,36.31,0.07
527970,0.26,0.84,46.29,36.31,0.05
528050,0.37,0.87,46.29,36.31,0.12
528080,0.38,0.87,46.29,36.31,0.13
528150,0.32,0.88,46.29,36.32,0.06
528180,0.37,0.88,46.29,36.32,0.06
528210,0.39,0.87,46.29,36.32,0.06
528260,0.27,0.87,46.29,36.32,0.05
528270,0.25,0.87,46.29,36.32,0.05
528310,0.27,0.86,46.29,36.32,0.03
528370,0.37,0.87,46.3,36.32,0.04
528390,0.36,0.88,46.3,36.32,0.04
528420,0.41,0.87,46.3,36.32,0.04
528530,0.29,0.86,46.3,36.32,0.05
528580,0.29,0.87,46.3,36.32,0.03
528670,0.32,0.86,46.3,36.32,0.07
528730,0.29,0.87,46.3,36.32,0.07
528840,0.4,0.87,46.3,36.32,0.06
529110,0.38,0.89,46.31,36.33,0.04
529200,0.38,0.91,46.31,36.33,0.08
529260,0.36,0.94,46.31,36.33,0.05
529300,0.41,0.95,46.32,36.33,0.05
529310,0.41,0.92,46.32,36.33,0.05
529340,0.35,0.93,46.32,36.33,0.06
529360,0.36,0.92,46.32,36.33,0.06
529390,0.45,0.91,46.32,36.33,0.05
529670,0.45,0.9,46.33,36.34,0.06
529790,0.4,0.9,46.33,36.34,0.04
529920,0.33,0.87,46.34,36.34,0.09
530020,0.39,0.88,46.34,36.34,0.08
530070,0.39,0.89,46.34,36.34,0.04
530090,0.36,0.89,46.34,36.34,0.04
530200,0.37,0.9,46.35,36.35,0.04
530260,0.35,0.91,46.35,36.35,0.04
530270,0.38,0.92,46.35,36.35,0.04
530280,0.4,0.93,46.35,36.35,0.05
530430,0.33,0.94,46.35,36.35,0.09
530500,0.33,0.91,46.35,36.35,0.06
530510,0.32,0.91,46.35,36.35,0.06
530540,0.27,0.91,46.36,36.35,0.09
530620,0.28,0.89,46.36,36.35,0.06
530740,0.36,0.93,46.36,36.35,0.09
530870,0.32,0.9,46.36,36.36,0.04
530900,0.33,0.91,46.37,36.36,0.06
530920,0.37,0.9,46.37,36.36,0.06
531130,0.36,0.9,46.37,36.36,0.09
531480,0.53,0.95,46.38,36.37,0.07
531630,0.43,0.92,46.38,36.37,0.06
531870,0.56,0.95,46.39,36.37,0.05
531920,0.43,0.95,46.39,36.37,0.07
532020,0.49,0.97,46.39,36.37,0.18
532180,0.42,0.96,46.4,36.38,0.09
532320,0.43,0.93,46.4,36.38,0.04
532610,0.43,0.93,46.41,36.38,0.08
532620,0.4,0.92,46.41,36.38,0.05
532640,0.46,0.9,46.41,36.38,0.05
532700,0.39,0.91,46.41,36.39,0.07
532870,0.47,0.91,46.42,36.39,0.14
532910,0.4,0.89,46.42,36.39,0.14
533000,0.46,0.92,46.42,36.39,0.07
533130,0.43,0.93,46.43,36.39,0.12
533260,0.43,0.9,46.43,36.39,0.1
533280,0.45,0.9,46.43,36.4,0.1
533330,0.55,0.92,46.43,36.4,0.1
533400,0.52,0.9,46.43,36.4,0.13
533530,0.44,0.92,46.44,36.4,0.21
533540,0.48,0.95,46.44,36.4,0.21
533550,0.5,0.95,46.44,36.4,0.21
533560,0.49,0.95,46.44,36.4,0.21
533640,0.39,0.91,46.44,36.4,0.18
533750,0.61,0.93,46.44,36.4,0.25
533980,0.44,0.92,46.45,36.41,0.14
534030,0.44,0.91,46.45,36.41,0.13
534080,0.42,0.94,46.45,36.41,0.06
534280,0.57,0.94,46.45,36.42,0.08
534330,0.46,0.94,46.45,36.42,0.08
534340,0.45,0.94,46.46,36.42,0.08
534520,0.42,0.95,46.46,36.42,0.11
534530,0.43,0.96,46.46,36.42,0.11
534590,0.44,0.93,46.46,36.42,0.09
534640,0.37,0.93,46.46,36.42,0.14
534670,0.31,0.91,46.46,36.42,0.13
534710,0.37,0.92,46.46,36.42,0.13
534860,0.36,0.9,46.47,36.43,0.08
534870,0.38,0.9,46.47,36.43,0.08
534920,0.37,0.91,46.47,36.43,0.09
534970,0.35,0.91,46.47,36.43,0.06
535180,0.31,0.9,46.47,36.43,0.05
535290,0.3,0.9,46.47,36.43,0.06
535490,0.46,0.9,46.48,36.43,0.04
535630,0.5,0.9,46.48,36.44,0.07
535650,0.46,0.9,46.48,36.44,0.07
535690,0.4,0.9,46.48,36.44,0.07
535990,0.25,0.86,46.49,36.44,0.04
536190,0.31,0.89,46.49,36.44,0.05
536330,0.33,0.88,46.5,36.44,0.06
536340,0.33,0.89,46.5,36.44,0.1
536350,0.34,0.89,46.5,36.44,0.1
536430,0.47,0.92,46.5,36.45,0.05
536530,0.42,0.92,46.5,36.45,0.1
536840,0.47,0.95,46.51,36.45,0.15
536870,0.55,0.96,46.51,36.45,0.15
537210,0.45,0.95,46.52,36.46,0.18
537230,0.44,0.95,46.52,36.46,0.18
537290,0.47,0.94,46.52,36.47,0.15
537350,0.39,0.94,46.52,36.47,0.25
537370,0.52,0.95,46.52,36.47,0.18
537400,0.48,0.96,46.52,36.47,0.18
537450,0.52,0.98,46.52,36.47,0.16
537620,0.37,0.92,46.53,36.47,0.07
537730,0.41,0.9,46.53,36.48,0.21
537740,0.41,0.9,46.53,36.48,0.21
537980,0.4,0.91,46.54,36.48,0.08
538130,0.51,0.93,46.54,36.49,0.09
538320,0.66,0.95,46.55,36.49,0.27
538370,0.69,0.97,46.55,36.49,0.27
538530,0.5,0.94,46.55,36.5,0.19
538540,0.51,0.93,46.55,36.5,0.19
538550,0.49,0.92,46.55,36.5,0.19
538580,0.61,0.91,46.56,36.5,0.25
538590,0.61,0.91,46.56,36.5,0.25
538840,0.48,0.92,46.56,36.51,0.12
538850,0.46,0.92,46.56,36.51,0.12
538980,0.75,0.95,46.56,36.51,0.26
539110,0.6,0.95,46.57,36.51,0.27
539130,0.61,0.95,46.57,36.51,0.27
539150,0.65,0.95,46.57,36.51,0.27
539190,0.69,0.95,46.57,36.51,0.2
539230,0.67,0.94,46.57,36.51,0.24
539270,0.59,0.93,46.57,36.51,0.24
539410,0.65,0.95,46.58,36.52,0.18
539430,0.54,0.94,46.58,36.52,0.18
539450,0.49,0.94,46.58,36.52,0.18
539540,0.57,0.93,46.58,36.52,0.2
539570,0.45,0.91,46.58,36.52,0.2
539690,0.36,0.91,46.58,36.52,0.18
539800,0.38,0.9,46.58,36.52,0.13
539810,0.39,0.91,46.58,36.52,0.13
539850,0.39,0.91,46.59,36.53,0.1
539910,0.34,0.92,46.59,36.53,0.07
540020,0.42,0.92,46.59,36.53,0.07
540050,0.49,0.95,46.59,36.53,0.07
540270,0.48,0.96,46.6,36.53,0.09
540320,0.45,0.94,46.6,36.53,0.07
540470,0.78,0.97,46.61,36.54,0.17
540500,0.76,0.97,46.61,36.54,0.08
540680,0.8,0.98,46.62,36.54,0.08
541040,0.83,0.94,46.64,36.55,0.08
541060,0.85,0.95,46.64,36.55,0.08
541290,0.57,0.94,46.65,36.55,0.14
541490,0.66,0.97,46.65,36.56,0.13
541610,0.63,0.98,46.66,36.56,0.15
542260,0.61,0.91,46.67,36.57,0.05
542360,0.5,0.89,46.68,36.57,0.11
542430,0.52,0.9,46.68,36.58,0.07
542460,0.51,0.88,46.68,36.58,0.1
542470,0.58,0.89,46.68,36.58,0.1
542530,0.54,0.88,46.68,36.58,0.13
542610,0.49,0.86,46.68,36.58,0.24
542810,0.54,0.89,46.69,36.58,0.09
542850,0.47,0.87,46.69,36.58,0.1
542880,0.48,0.88,46.69,36.58,0.08
542900,0.56,0.88,46.69,36.58,0.08
542930,0.48,0.89,46.69,36.58,0.08
542970,0.45,0.87,46.7,36.58,0.09
542990,0.47,0.88,46.7,36.58,0.09
543010,0.56,0.88,46.7,36.59,0.19
543030,0.56,0.88,46.7,36.59,0.19
543070,0.58,0.9,46.7,36.59,0.14
543100,0.58,0.94,46.7,36.59,0.14
543130,0.62,0.95,46.7,36.59,0.11
543140,0.59,0.95,46.7,36.59,0.11
543390,0.66,0.94,46.71,36.59,0.2
543570,0.45,0.87,46.71,36.6,0.23
543630,0.5,0.89,46.71,36.6,0.21
543820,0.68,0.92,46.72,36.6,0.22
543890,0.66,0.94,46.72,36.61,0.14
544050,0.49,0.9,46.73,36.61,0.17
544100,0.6,0.92,46.73,36.61,0.16
544130,0.52,0.94,46.73,36.61,0.16
544330,0.49,0.89,46.73,36.62,0.14
544410,0.61,0.89,46.74,36.62,0.09
544420,0.61,0.88,46.74,36.62,0.09
544460,0.52,0.88,46.74,36.62,0.14
544610,0.55,0.91,46.74,36.62,0.16
544760,0.54,0.87,46.74,36.63,0.13
544980,0.46,0.88,46.75,36.63,0.07
545040,0.4,0.86,46.75,36.63,0.06
545250,0.54,0.91,46.75,36.64,0.05
545290,0.45,0.89,46.76,36.64,0.05
545360,0.56,0.9,46.76,36.64,0.08
545390,0.67,0.89,46.76,36.64,0.08
545450,0.62,0.92,46.76,36.64,0.08
545530,0.64,0.92,46.76,36.64,0.15
545550,0.68,0.92,46.76,36.65,0.15
545640,0.58,0.94,46.76,36.65,0.08
545730,0.52,0.91,46.77,36.65,0.08
545740,0.57,0.92,46.77,36.65,0.08
545790,0.52,0.89,46.77,36.65,0.1
545860,0.49,0.89,46.77,36.65,0.06
545900,0.44,0.9,46.77,36.65,0.04
546070,0.4,0.83,46.77,36.66,0.04
546090,0.39,0.81,46.77,36.66,0.04
546140,0.37,0.79,46.77,36.66,0.09
546150,0.36,0.78,46.77,36.66,0.09
546340,0.46,0.8,46.78,36.66,0.05
546410,0.48,0.83,46.78,36.66,0.05
546430,0.5,0.82,46.78,36.66,0.07
546520,0.45,0.84,46.78,36.67,0.23
546540,0.49,0.84,46.78,36.67,0.31
546670,0.49,0.87,46.79,36.67,0.1
546710,0.47,0.87,46.79,36.67,0.1
546870,0.54,0.91,46.79,36.68,0.09
546980,0.44,0.89,46.8,36.68,0.08
547190,0.55,0.9,46.8,36.68,0.15
547230,0.59,0.94,46.8,36.68,0.13
547260,0.66,0.95,46.81,36.68,0.09
547450,0.78,0.95,46.81,36.69,0.13
547460,0.76,0.96,46.81,36.69,0.13
547510,0.63,0.94,46.81,36.69,0.2
547580,0.49,0.92,46.82,36.69,0.09
547630,0.52,0.91,46.82,36.69,0.09
547890,0.45,0.91,46.82,36.7,0.05
547940,0.46,0.91,46.82,36.7,0.1
547950,0.46,0.9,46.82,36.7,0.1
547990,0.49,0.9,46.82,36.7,0.1
548130,0.54,0.94,46.83,36.7,0.15
548290,0.48,0.94,46.83,36.71,0.06
548390,0.61,0.94,46.83,36.71,0.14
548460,0.51,0.93,46.84,36.71,0.12
548480,0.63,0.93,46.84,36.71,0.12
548500,0.69,0.94,46.84,36.71,0.12
548530,0.68,0.93,46.84,36.71,0.13
548550,0.59,0.94,46.84,36.71,0.13
548640,0.46,0.93,46.84,36.71,0.11
548950,0.45,0.91,46.85,36.72,0.06
549030,0.45,0.92,46.85,36.72,0.14
549170,0.47,0.91,46.85,36.72,0.12
549210,0.47,0.91,46.85,36.72,0.11
549460,0.51,0.93,46.86,36.73,0.17
549600,0.41,0.94,46.86,36.73,0.06
549620,0.42,0.94,46.86,36.73,0.06
549810,0.41,0.92,46.87,36.74,0.07
549920,0.46,0.92,46.87,36.74,0.06
550060,0.42,0.94,46.87,36.74,0.08
550180,0.46,0.94,46.87,36.74,0.06
550190,0.4,0.94,46.87,36.74,0.06
550210,0.41,0.94,46.87,36.74,0.05
550220,0.41,0.94,46.87,36.74,0.05
550330,0.36,0.93,46.88,36.75,0.07
550470,0.34,0.92,46.88,36.75,0.05
550510,0.37,0.93,46.88,36.75,0.05
550520,0.35,0.93,46.88,36.75,0.05
550550,0.36,0.93,46.88,36.75,0.05
550590,0.35,0.93,46.88,36.75,0.04
550730,0.36,0.94,46.88,36.75,0.12
550840,0.49,0.93,46.89,36.76,0.05
550940,0.53,0.97,46.89,36.76,0.06
551100,0.44,0.9,46.9,36.76,0.07
551450,0.46,0.84,46.91,36.77,0.22
551470,0.49,0.84,46.91,36.77,0.19
551550,0.52,0.85,46.91,36.77,0.14
551570,0.52,0.85,46.91,36.77,0.14
551590,0.49,0.86,46.91,36.77,0.08
551610,0.47,0.86,46.92,36.77,0.08
551850,0.44,0.85,46.92,36.78,0.12
551870,0.49,0.86,46.92,36.78,0.12
552000,0.7,0.85,46.92,36.78,0.16
552130,0.57,0.81,46.93,36.79,0.25
552230,0.46,0.82,46.93,36.79,0.13
552290,0.35,0.8,46.93,36.79,0.1
552310,0.41,0.81,46.93,36.79,0.09
552420,0.4,0.78,46.93,36.79,0.1
552510,0.5,0.82,46.94,36.79,0.1
552530,0.42,0.82,46.94,36.79,0.1
552600,0.71,0.81,46.94,36.8,0.21
552640,0.6,0.83,46.94,36.8,0.21
552780,0.51,0.86,46.94,36.8,0.09
552810,0.57,0.85,46.94,36.8,0.09
552820,0.54,0.85,46.94,36.8,0.09
552870,0.43,0.84,46.95,36.8,0.07
552960,0.49,0.84,46.95,36.8,0.12
553220,0.54,0.84,46.95,36.81,0.09
553280,0.41,0.84,46.95,36.81,0.06
553360,0.64,0.86,46.96,36.81,0.11
553490,0.56,0.87,46.96,36.82,0.05
553510,0.61,0.88,46.96,36.82,0.06
553730,0.53,0.8,46.97,36.82,0.11
553740,0.56,0.81,46.97,36.82,0.05
553760,0.55,0.82,46.97,36.82,0.05
553780,0.57,0.82,46.97,36.82,0.05
553870,0.56,0.81,46.97,36.82,0.07
553950,0.49,0.8,46.97,36.83,0.06
554030,0.51,0.82,46.97,36.83,0.16
554250,0.39,0.79,46.98,36.83,0.04
554310,0.38,0.79,46.98,36.83,0.12
554400,0.46,0.8,46.98,36.84,0.1
554550,0.51,0.84,46.99,36.84,0.07
554680,0.51,0.83,46.99,36.84,0.12
554890,0.52,0.82,47.0,36.85,0.06
555000,0.45,0.83,47.0,36.85,0.06
555040,0.44,0.82,47.0,36.85,0.06
555190,0.44,0.83,47.0,36.85,0.05
555210,0.43,0.82,47.0,36.85,0.05
555230,0.42,0.82,47.01,36.85,0.05
555260,0.48,0.83,47.01,36.85,0.1
555560,0.4,0.83,47.01,36.86,0.11
555620,0.39,0.83,47.01,36.86,0.07
555630,0.42,0.83,47.02,36.86,0.07
555880,0.53,0.87,47.02,36.87,0.07
555930,0.44,0.86,47.02,36.87,0.23
555970,0.4,0.84,47.02,36.87,0.15
556090,0.36,0.84,47.02,36.87,0.08
556210,0.4,0.85,47.03,36.87,0.05
556260,0.27,0.84,47.03,36.87,0.07
556420,0.45,0.85,47.03,36.87,0.05
556450,0.44,0.85,47.03,36.87,0.05
556470,0.47,0.85,47.03,36.87,0.05
556650,0.3,0.84,47.03,36.88,0.07
556690,0.32,0.84,47.03,36.88,0.05
556730,0.35,0.85,47.03,36.88,0.05
557170,0.39,0.85,47.04,36.89,0.1
557280,0.36,0.86,47.04,36.89,0.13
557690,0.32,0.86,47.05,36.89,0.05
557700,0.31,0.86,47.05,36.89,0.05
557800,0.36,0.86,47.05,36.89,0.07
557850,0.4,0.89,47.05,36.9,0.14
558040,0.42,0.86,47.06,36.9,0.11
558280,0.5,0.91,47.06,36.9,0.07
558310,0.57,0.88,47.06,36.9,0.11
558390,0.48,0.87,47.07,36.91,0.09
558460,0.48,0.87,47.07,36.91,0.07
558530,0.44,0.87,47.07,36.91,0.09
558580,0.4,0.86,47.07,36.91,0.07
558610,0.44,0.86,47.07,36.91,0.06
558650,0.56,0.87,47.07,36.91,0.06
558760,0.39,0.87,47.07,36.91,0.06
558780,0.38,0.87,47.07,36.91,0.05
558790,0.4,0.87,47.07,36.91,0.05
558810,0.4,0.87,47.07,36.91,0.05
558820,0.4,0.87,47.07,36.91,0.05
558900,0.57,0.88,47.08,36.92,0.08
559020,0.43,0.88,47.08,36.92,0.06
559310,0.45,0.9,47.09,36.92,0.1
559610,0.43,0.89,47.09,36.93,0.13
559670,0.5,0.89,47.09,36.93,0.1
559740,0.66,0.93,47.1,36.93,0.1
559860,0.5,0.9,47.1,36.93,0.08
559880,0.52,0.9,47.1,36.93,0.08
560030,0.43,0.89,47.1,36.94,0.11
560470,0.39,0.88,47.11,36.95,0.09
560480,0.36,0.88,47.11,36.95,0.09
560560,0.47,0.92,47.11,36.95,0.08
560570,0.51,0.93,47.11,36.95,0.08
560710,0.4,0.9,47.12,36.95,0.05
560860,0.44,0.85,47.12,36.95,0.08
560970,0.43,0.82,47.12,36.96,0.08
561100,0.43,0.83,47.13,36.96,0.09
561150,0.53,0.83,47.13,36.96,0.09
561190,0.46,0.81,47.13,36.96,0.12
561290,0.59,0.84,47.13,36.96,0.1
561410,0.46,0.85,47.13,36.97,0.06
561470,0.37,0.83,47.14,36.97,0.15
561530,0.42,0.82,47.14,36.97,0.19
561540,0.39,0.83,47.14,36.97,0.05
561680,0.43,0.83,47.14,36.97,0.08
561780,0.48,0.82,47.14,36.97,0.51
561900,0.54,0.82,47.15,36.98,0.15
561920,0.52,0.83,47.15,36.98,0.15
561970,0.51,0.84,47.15,36.98,0.1
562080,0.54,0.85,47.15,36.98,0.1
562220,0.48,0.87,47.15,36.98,0.08
562280,0.49,0.88,47.16,36.98,0.06
562290,0.5,0.87,47.16,36.98,0.06
562330,0.48,0.87,47.16,36.99,0.06
562350,0.46,0.88,47.16,36.99,0.06
562370,0.53,0.87,47.16,36.99,0.06
562420,0.44,0.88,47.16,36.99,0.05
562450,0.5,0.88,47.16,36.99,0.08
562660,0.47,0.86,47.16,36.99,0.04
562860,0.4,0.84,47.17,37.0,0.05
562920,0.43,0.85,47.17,37.0,0.04
562970,0.42,0.84,47.17,37.0,0.04
563020,0.45,0.85,47.17,37.0,0.05
563140,0.6,0.88,47.17,37.0,0.07
563150,0.58,0.87,47.17,37.0,0.07
563200,0.67,0.89,47.18,37.0,0.05
563330,0.38,0.86,47.18,37.0,0.06
563370,0.33,0.85,47.18,37.01,0.03
563380,0.39,0.85,47.18,37.01,0.03
563420,0.42,0.85,47.18,37.01,0.04
563500,0.43,0.85,47.18,37.01,0.05
563550,0.38,0.85,47.18,37.01,0.05
563590,0.39,0.85,47.18,37.01,0.04
563600,0.41,0.85,47.18,37.01,0.04
563770,0.45,0.86,47.19,37.01,0.04
563830,0.42,0.86,47.19,37.01,0.04
563850,0.43,0.86,47.19,37.01,0.04
563950,0.57,0.89,47.19,37.01,0.05
564050,0.45,0.88,47.19,37.02,0.04
564230,0.48,0.91,47.2,37.02,0.05
564280,0.49,0.91,47.2,37.02,0.05
564390,0.48,0.88,47.2,37.02,0.04
564430,0.48,0.88,47.2,37.02,0.08
564440,0.48,0.88,47.2,37.02,0.08
564460,0.43,0.88,47.2,37.02,0.08
564590,0.44,0.89,47.21,37.03,0.05
564640,0.51,0.89,47.21,37.03,0.05
565060,0.47,0.91,47.21,37.04,0.05
565120,0.46,0.91,47.22,37.04,0.04
565150,0.46,0.9,47.22,37.04,0.05
565170,0.45,0.9,47.22,37.04,0.05
565650,0.49,0.93,47.23,37.04,0.05
565720,0.49,0.93,47.23,37.05,0.05
565760,0.46,0.93,47.23,37.05,0.04
565830,0.5,0.94,47.23,37.05,0.04
565910,0.51,0.93,47.23,37.05,0.04
565930,0.54,0.94,47.23,37.05,0.04
566000,0.54,0.94,47.23,37.05,0.07
566080,0.49,0.92,47.23,37.05,0.07
566120,0.52,0.92,47.24,37.05,0.05
566160,0.46,0.91,47.24,37.05,0.07
566170,0.51,0.91,47.24,37.05,0.07
566430,0.69,0.97,47.24,37.06,0.06
566450,0.73,0.98,47.24,37.06,0.06
566510,0.68,0.94,47.24,37.06,0.12
566520,0.62,0.94,47.24,37.06,0.11
566530,0.58,0.92,47.24,37.06,0.11
566540,0.45,0.88,47.24,37.06,0.11
566580,0.39,0.87,47.25,37.06,0.09
566610,0.49,0.87,47.25,37.06,0.09
566710,0.44,0.88,47.25,37.06,0.06
566750,0.37,0.88,47.25,37.06,0.06
566770,0.38,0.88,47.25,37.06,0.05
566880,0.41,0.86,47.25,37.06,0.08
566920,0.49,0.83,47.25,37.07,0.08
566940,0.44,0.84,47.25,37.07,0.09
567080,0.49,0.85,47.26,37.07,0.05
567100,0.49,0.85,47.26,37.07,0.05
567160,0.42,0.83,47.26,37.07,0.04
567190,0.42,0.83,47.26,37.07,0.04
567210,0.39,0.83,47.26,37.07,0.04
567260,0.42,0.84,47.26,37.07,0.11
567300,0.44,0.85,47.26,37.07,0.07
567310,0.47,0.85,47.26,37.07,0.07
567460,0.41,0.85,47.26,37.08,0.27
567540,0.4,0.84,47.26,37.08,0.23
567580,0.36,0.84,47.27,37.08,0.23
567670,0.46,0.87,47.27,37.08,0.05
567700,0.44,0.87,47.27,37.08,0.05
567720,0.51,0.88,47.27,37.08,0.05
567780,0.46,0.88,47.27,37.08,0.06
567900,0.41,0.86,47.27,37.08,0.06
568030,0.33,0.84,47.28,37.09,0.11
568460,0.38,0.86,47.29,37.09,0.08
568550,0.4,0.86,47.29,37.1,0.09
568610,0.38,0.87,47.29,37.1,0.09
568630,0.33,0.87,47.29,37.1,0.08
568650,0.38,0.87,47.29,37.1,0.08
568980,0.32,0.83,47.3,37.1,0.11
569040,0.38,0.85,47.3,37.11,0.13
569120,0.32,0.84,47.3,37.11,0.1
569150,0.36,0.84,47.3,37.11,0.1
569220,0.34,0.85,47.3,37.11,0.06
569260,0.33,0.86,47.3,37.11,0.06
569320,0.32,0.86,47.3,37.11,0.07
569390,0.44,0.86,47.3,37.11,0.05
569450,0.46,0.86,47.31,37.11,0.05
569690,0.35,0.86,47.31,37.12,0.07
569750,0.39,0.85,47.31,37.12,0.05
569800,0.42,0.86,47.31,37.12,0.07
569910,0.41,0.87,47.32,37.12,0.05
569930,0.37,0.86,47.32,37.12,0.05
569940,0.4,0.86,47.32,37.12,0.08
570120,0.35,0.88,47.32,37.12,0.05
570280,0.35,0.87,47.32,37.13,0.05
570360,0.32,0.87,47.33,37.13,0.05
570520,0.34,0.87,47.33,37.13,0.04
570740,0.34,0.9,47.33,37.13,0.06
570860,0.29,0.88,47.33,37.14,0.04
570870,0.28,0.88,47.33,37.14,0.04
571020,0.3,0.87,47.34,37.14,0.06
571060,0.33,0.87,47.34,37.14,0.06
571110,0.25,0.86,47.34,37.14,0.09
571150,0.31,0.88,47.34,37.14,0.06
571160,0.31,0.88,47.34,37.14,0.06
571180,0.34,0.89,47.34,37.14,0.06
571190,0.37,0.89,47.34,37.14,0.06
571220,0.37,0.89,47.34,37.14,0.05
571340,0.37,0.9,47.34,37.14,0.06
571370,0.37,0.9,47.34,37.14,0.06
571380,0.38,0.9,47.34,37.14,0.07
571410,0.36,0.9,47.34,37.14,0.07
571590,0.31,0.88,47.35,37.15,0.08
571750,0.3,0.87,47.35,37.15,0.04
571810,0.29,0.86,47.35,37.15,0.1
571950,0.27,0.86,47.35,37.15,0.06
571980,0.25,0.86,47.35,37.15,0.08
572010,0.23,0.86,47.35,37.15,0.08
572240,0.32,0.88,47.35,37.15,0.05
572420,0.34,0.88,47.36,37.16,0.05
572470,0.42,0.89,47.36,37.16,0.13
572520,0.32,0.89,47.36,37.16,0.19
572590,0.41,0.92,47.36,37.16,0.15
572670,0.4,0.92,47.36,37.16,0.31
572690,0.41,0.92,47.36,37.16,0.31
572710,0.39,0.92,47.37,37.16,0.18
572720,0.38,0.92,47.37,37.16,0.18
572950,0.53,0.94,47.37,37.16,0.09
573020,0.51,0.9,47.37,37.17,0.07
573200,0.26,0.89,47.37,37.17,0.05
573250,0.28,0.89,47.38,37.17,0.05
573350,0.37,0.91,47.38,37.17,0.04
573390,0.44,0.92,47.38,37.17,0.04
573400,0.45,0.92,47.38,37.17,0.04
573450,0.4,0.93,47.38,37.17,0.04
573490,0.4,0.91,47.38,37.17,0.04
573520,0.44,0.91,47.38,37.17,0.04
573770,0.29,0.91,47.39,37.18,0.06
573820,0.32,0.89,47.39,37.18,0.06
573910,0.33,0.89,47.39,37.18,0.04
574050,0.28,0.89,47.39,37.18,0.05
574170,0.28,0.89,47.39,37.18,0.08
574180,0.28,0.89,47.39,37.18,0.08
574210,0.31,0.9,47.39,37.18,0.08
574270,0.34,0.91,47.39,37.18,0.08
574410,0.43,0.91,47.4,37.19,0.07
574440,0.34,0.93,47.4,37.19,0.11
574640,0.29,0.93,47.4,37.19,0.05
574710,0.33,0.93,47.4,37.19,0.04
574730,0.29,0.92,47.4,37.19,0.04
574810,0.34,0.92,47.4,37.19,0.04
575000,0.33,0.92,47.41,37.19,0.05
575060,0.29,0.93,47.41,37.19,0.04
575070,0.33,0.93,47.41,37.19,0.04
575170,0.32,0.92,47.41,37.2,0.07
575180,0.31,0.91,47.41,37.2,0.07
575300,0.27,0.91,47.41,37.2,0.06
575330,0.31,0.91,47.41,37.2,0.06
575520,0.29,0.93,47.42,37.2,0.05
575590,0.3,0.93,47.42,37.2,0.05
575620,0.28,0.93,47.42,37.2,0.05
575660,0.3,0.93,47.42,37.2,0.05
575690,0.36,0.94,47.42,37.2,0.05
575890,0.53,0.94,47.42,37.2,0.04
575990,0.52,0.94,47.42,37.21,0.07
576040,0.27,0.94,47.42,37.21,0.05
576080,0.41,0.95,47.42,37.21,0.06
576300,0.37,0.91,47.43,37.21,0.04
576600,0.36,0.91,47.43,37.21,0.04
576790,0.33,0.91,47.43,37.22,0.06
577180,0.29,0.92,47.44,37.22,0.05
577240,0.32,0.91,47.44,37.22,0.06
577330,0.51,0.95,47.44,37.22,0.05
577350,0.65,0.91,47.44,37.22,0.05
577390,0.31,0.87,47.44,37.22,0.1
577420,0.29,0.88,47.44,37.22,0.1
577900,0.31,0.88,47.45,37.23,0.04
577910,0.29,0.88,47.45,37.23,0.04
578410,0.29,0.88,47.46,37.24,0.05
578460,0.25,0.89,47.46,37.24,0.06
578480,0.26,0.89,47.46,37.24,0.06
578500,0.24,0.89,47.46,37.24,0.06
578530,0.3,0.89,47.46,37.24,0.06
578630,0.35,0.89,47.46,37.25,0.1
578710,0.46,0.9,47.47,37.25,0.06
578980,0.34,0.9,47.47,37.25,0.06
579030,0.29,0.91,47.47,37.25,0.08
579050,0.3,0.91,47.47,37.25,0.08
579120,0.27,0.9,47.47,37.25,0.05
579190,0.37,0.91,47.48,37.25,0.06
579340,0.28,0.9,47.48,37.25,0.06
579390,0.25,0.9,47.48,37.26,0.06
579400,0.27,0.91,47.48,37.26,0.06
579510,0.3,0.91,47.48,37.26,0.06
579520,0.33,0.92,47.48,37.26,0.06
579550,0.4,0.93,47.48,37.26,0.05
579560,0.39,0.93,47.48,37.26,0.05
579790,0.39,0.93,47.49,37.26,0.04
579920,0.41,0.92,47.49,37.26,0.08
579930,0.41,0.92,47.49,37.26,0.08
580180,0.34,0.9,47.49,37.27,0.08
580260,0.42,0.91,47.49,37.27,0.06
580520,0.42,0.93,47.5,37.27,0.08
580530,0.42,0.93,47.5,37.27,0.08
580720,0.38,0.9,47.5,37.28,0.06
580860,0.4,0.93,47.5,37.28,0.07
580930,0.45,0.93,47.51,37.28,0.09
580950,0.47,0.94,47.51,37.28,0.09
581000,0.39,0.92,47.51,37.28,0.06
581180,0.39,0.89,47.51,37.28,0.05
581190,0.37,0.89,47.51,37.28,0.05
581260,0.39,0.89,47.51,37.28,0.06
581390,0.41,0.88,47.51,37.29,0.08
581410,0.47,0.88,47.51,37.29,0.09
581500,0.45,0.9,47.51,37.29,0.12
581550,0.38,0.87,47.52,37.29,0.05
581960,0.36,0.88,47.52,37.29,0.09
581980,0.33,0.88,47.52,37.29,0.09
581990,0.33,0.88,47.52,37.29,0.09
582030,0.32,0.87,47.52,37.3,0.08
582060,0.37,0.87,47.52,37.3,0.05
582070,0.4,0.88,47.52,37.3,0.05
582090,0.32,0.87,47.52,37.3,0.05
582130,0.31,0.87,47.53,37.3,0.05
582270,0.29,0.87,47.53,37.3,0.05
582430,0.56,0.9,47.53,37.3,0.06
582460,0.46,0.9,47.53,37.3,0.06
582510,0.52,0.92,47.53,37.3,0.06
582540,0.4,0.91,47.53,37.3,0.08
582550,0.39,0.91,47.53,37.3,0.08
582570,0.38,0.91,47.54,37.31,0.08
582600,0.35,0.9,47.54,37.31,0.11
582640,0.42,0.91,47.54,37.31,0.11
582680,0.35,0.9,47.54,37.31,0.07
582720,0.31,0.89,47.54,37.31,0.07
582790,0.33,0.88,47.54,37.31,0.07
582910,0.31,0.88,47.54,37.31,0.06
582950,0.34,0.9,47.54,37.31,0.06
583010,0.3,0.89,47.54,37.31,0.06
583080,0.37,0.9,47.55,37.31,0.06
583090,0.34,0.89,47.55,37.31,0.06
583120,0.31,0.89,47.55,37.31,0.06
583130,0.33,0.89,47.55,37.31,0.06
583250,0.3,0.89,47.55,37.31,0.05
583330,0.31,0.89,47.55,37.31,0.06
583430,0.3,0.89,47.55,37.32,0.05
583580,0.3,0.9,47.55,37.32,0.07
583650,0.3,0.9,47.56,37.32,0.05
583740,0.35,0.92,47.56,37.32,0.06
583760,0.35,0.93,47.56,37.32,0.06
583780,0.28,0.92,47.56,37.32,0.06
584100,0.23,0.92,47.56,37.32,0.05
584280,0.24,0.93,47.56,37.33,0.04
584350,0.26,0.93,47.56,37.33,0.04
584420,0.31,0.93,47.57,37.33,0.04
584550,0.22,0.9,47.57,37.33,0.04
584660,0.27,0.93,47.57,37.33,0.05
584710,0.28,0.93,47.57,37.33,0.05
584980,0.25,0.93,47.57,37.33,0.04
585160,0.3,0.92,47.58,37.34,0.04
585180,0.25,0.92,47.58,37.34,0.05
585190,0.26,0.92,47.58,37.34,0.05
585330,0.27,0.93,47.58,37.34,0.05
585390,0.3,0.93,47.58,37.34,0.04
585440,0.42,0.94,47.58,37.34,0.04
585500,0.27,0.94,47.58,37.34,0.05
585640,0.27,0.93,47.58,37.34,0.04
585670,0.26,0.93,47.58,37.34,0.05
585880,0.22,0.92,47.58,37.34,0.03
585930,0.22,0.94,47.58,37.34,0.06
586260,0.32,0.93,47.59,37.35,0.03
586310,0.29,0.92,47.59,37.35,0.03
586400,0.19,0.91,47.59,37.35,0.03
586450,0.26,0.92,47.59,37.35,0.03
586910,0.29,0.91,47.6,37.35,0.04
586920,0.28,0.91,47.6,37.35,0.05
586960,0.37,0.91,47.6,37.35,0.05
587010,0.33,0.92,47.6,37.35,0.04
587050,0.3,0.91,47.6,37.35,0.05
587160,0.37,0.92,47.6,37.36,0.04
587320,0.26,0.91,47.6,37.36,0.04
587610,0.4,0.93,47.61,37.36,0.04
587620,0.39,0.93,47.61,37.36,0.04
587690,0.37,0.94,47.61,37.36,0.03
587780,0.31,0.94,47.61,37.36,0.04
587920,0.27,0.91,47.61,37.36,0.04
587980,0.25,0.91,47.61,37.36,0.04
588060,0.24,0.92,47.61,37.37,0.04
588100,0.29,0.93,47.61,37.37,0.04
588200,0.29,0.93,47.61,37.37,0.05
588310,0.3,0.92,47.62,37.37,0.04
588320,0.27,0.92,47.62,37.37,0.04
588340,0.23,0.91,47.62,37.37,0.04
588470,0.21,0.92,47.62,37.37,0.06
588800,0.3,0.92,47.62,37.37,0.05
588900,0.29,0.94,47.62,37.37,0.05
589220,0.21,0.91,47.63,37.38,0.04
589310,0.22,0.92,47.63,37.38,0.04
589320,0.23,0.92,47.63,37.38,0.04
589350,0.23,0.9,47.63,37.38,0.04
589550,0.35,0.92,47.63,37.38,0.04
589850,0.31,0.95,47.64,37.39,0.06
589860,0.28,0.95,47.64,37.39,0.04
590000,0.25,0.94,47.64,37.39,0.05
590030,0.24,0.94,47.64,37.39,0.05
590330,0.25,0.91,47.64,37.39,0.04
590540,0.26,0.91,47.64,37.39,0.05
590560,0.27,0.92,47.64,37.39,0.05
590720,0.27,0.92,47.65,37.39,0.04
590730,0.24,0.92,47.65,37.4,0.04
591090,0.28,0.88,47.65,37.4,0.05
591240,0.24,0.89,47.65,37.4,0.04
591390,0.42,0.92,47.66,37.4,0.05
591410,0.39,0.93,47.66,37.4,0.05
591570,0.29,0.9,47.66,37.41,0.06
591590,0.31,0.91,47.66,37.41,0.06
591830,0.28,0.92,47.66,37.41,0.05
591860,0.3,0.92,47.66,37.41,0.04
591910,0.35,0.92,47.67,37.41,0.06
592000,0.27,0.91,47.67,37.41,0.05
592090,0.26,0.9,47.67,37.41,0.09
592210,0.34,0.91,47.67,37.41,0.11
592270,0.29,0.91,47.67,37.41,0.06
592290,0.29,0.91,47.67,37.42,0.06
592460,0.27,0.94,47.67,37.42,0.05
592850,0.34,0.9,47.68,37.42,0.04
593060,0.53,0.9,47.68,37.42,0.05
593070,0.53,0.91,47.68,37.42,0.05
593090,0.46,0.91,47.68,37.42,0.05
593380,0.51,0.92,47.69,37.43,0.04
593760,0.18,0.89,47.69,37.43,0.04
594040,0.19,0.89,47.69,37.43,0.04
594130,0.21,0.89,47.7,37.44,0.05
594140,0.23,0.9,47.7,37.44,0.05
594320,0.39,0.91,47.7,37.44,0.1
594410,0.28,0.9,47.7,37.44,0.06
594450,0.32,0.9,47.7,37.44,0.1
594540,0.26,0.89,47.7,37.44,0.08
594600,0.28,0.9,47.7,37.44,0.07
594660,0.27,0.91,47.7,37.44,0.05
595040,0.26,0.9,47.71,37.45,0.07
595050,0.25,0.9,47.71,37.45,0.07
595290,0.25,0.9,47.72,37.45,0.05
595450,0.4,0.91,47.72,37.45,0.08
595480,0.38,0.91,47.72,37.45,0.08
595590,0.27,0.92,47.72,37.45,0.05
595610,0.29,0.91,47.72,37.46,0.05
595680,0.27,0.91,47.72,37.46,0.06
595710,0.26,0.92,47.72,37.46,0.06
595740,0.23,0.91,47.72,37.46,0.06
595780,0.26,0.92,47.72,37.46,0.06
595800,0.27,0.93,47.72,37.46,0.07
595880,0.35,0.95,47.73,37.46,0.06
595940,0.47,0.93,47.73,37.46,0.07
595950,0.39,0.93,47.73,37.46,0.07
596070,0.4,0.93,47.73,37.46,0.08
596150,0.27,0.92,47.73,37.46,0.05
596240,0.36,0.93,47.73,37.46,0.06
596270,0.32,0.93,47.73,37.46,0.06
596280,0.32,0.93,47.73,37.46,0.05
596300,0.27,0.89,47.73,37.46,0.05
596570,0.29,0.87,47.74,37.47,0.09
596760,0.29,0.87,47.74,37.47,0.06
596950,0.3,0.89,47.74,37.47,0.09
597100,0.32,0.88,47.75,37.47,0.12
597160,0.25,0.88,47.75,37.48,0.05
597180,0.21,0.88,47.75,37.48,0.04
597200,0.26,0.88,47.75,37.48,0.04
597210,0.24,0.88,47.75,37.48,0.04
597300,0.27,0.89,47.75,37.48,0.04
597500,0.21,0.89,47.75,37.48,0.05
597710,0.43,0.93,47.76,37.48,0.06
597790,0.51,0.93,47.76,37.49,0.04
597830,0.51,0.92,47.76,37.49,0.04
598040,0.27,0.92,47.77,37.49,0.04
598210,0.29,0.92,47.77,37.49,0.08
598590,0.28,0.91,47.78,37.5,0.05
598690,0.27,0.92,47.78,37.5,0.04
598840,0.25,0.92,47.78,37.5,0.03
598970,0.23,0.92,47.78,37.5,0.04
599060,0.22,0.92,47.79,37.5,0.03
599230,0.22,0.91,47.79,37.5,0.06
599350,0.27,0.85,47.79,37.5,0.03
599450,0.21,0.84,47.79,37.51,0.04
599460,0.23,0.84,47.79,37.51,0.05
599470,0.23,0.82,47.79,37.51,0.05
599590,0.28,0.84,47.79,37.51,0.03
599620,0.26,0.83,47.79,37.51,0.03
599640,0.3,0.84,47.79,37.51,0.03
600140,0.21,0.87,47.81,37.52,0.05
600430,0.28,0.88,47.81,37.52,0.04
600480,0.26,0.88,47.81,37.52,0.04
600500,0.33,0.89,47.81,37.52,0.04
600510,0.25,0.89,47.81,37.52,0.04
600560,0.37,0.89,47.81,37.52,0.04
600570,0.34,0.88,47.81,37.52,0.04
600670,0.31,0.89,47.81,37.52,0.05
600720,0.29,0.89,47.82,37.53,0.05
600780,0.23,0.88,47.82,37.53,0.05
600800,0.28,0.89,47.82,37.53,0.05
600930,0.34,0.89,47.82,37.53,0.07
600960,0.33,0.89,47.82,37.53,0.04
601120,0.27,0.87,47.82,37.53,0.04
601320,0.24,0.88,47.83,37.53,0.06
601330,0.26,0.88,47.83,37.53,0.06
601460,0.29,0.87,47.83,37.53,0.06
601480,0.3,0.87,47.83,37.53,0.06
601600,0.22,0.84,47.83,37.54,0.07
601640,0.29,0.84,47.83,37.54,0.07
601650,0.21,0.84,47.83,37.54,0.07
601670,0.23,0.85,47.83,37.54,0.07
601870,0.22,0.86,47.83,37.54,0.06
601900,0.21,0.85,47.84,37.54,0.06
601920,0.22,0.85,47.84,37.54,0.05
602010,0.2,0.85,47.84,37.54,0.05
602060,0.28,0.86,47.84,37.54,0.06
602090,0.23,0.86,47.84,37.54,0.06
602130,0.2,0.85,47.84,37.54,0.07
602260,0.2,0.85,47.84,37.54,0.05
602480,0.2,0.85,47.84,37.55,0.04
602830,0.19,0.84,47.85,37.55,0.05
602850,0.18,0.83,47.85,37.55,0.05
602910,0.15,0.83,47.85,37.55,0.05
602980,0.18,0.84,47.85,37.55,0.04
602990,0.17,0.84,47.85,37.55,0.04
603100,0.2,0.85,47.85,37.55,0.04
603150,0.17,0.85,47.85,37.55,0.04
603270,0.21,0.85,47.85,37.55,0.06
603340,0.23,0.86,47.85,37.55,0.04
603560,0.26,0.86,47.85,37.56,0.06
603660,0.27,0.86,47.86,37.56,0.04
603690,0.26,0.87,47.86,37.56,0.04
603800,0.24,0.85,47.86,37.56,0.09
603820,0.23,0.85,47.86,37.56,0.09
603860,0.25,0.85,47.86,37.56,0.06
603900,0.23,0.86,47.86,37.56,0.07
603920,0.25,0.86,47.86,37.56,0.07
603950,0.34,0.87,47.86,37.56,0.07
604060,0.25,0.87,47.86,37.56,0.04
604100,0.33,0.86,47.86,37.56,0.06
604180,0.18,0.86,47.86,37.56,0.09
604270,0.19,0.86,47.86,37.56,0.08
604280,0.2,0.87,47.86,37.56,0.08
604400,0.18,0.86,47.87,37.56,0.05
604570,0.24,0.87,47.87,37.57,0.05
604700,0.19,0.86,47.87,37.57,0.03
604730,0.19,0.86,47.87,37.57,0.03
604840,0.18,0.84,47.87,37.57,0.04
604850,0.19,0.85,47.87,37.57,0.04
604870,0.22,0.85,47.87,37.57,0.04
604940,0.24,0.85,47.87,37.57,0.08
604980,0.21,0.84,47.87,37.57,0.06
605030,0.19,0.84,47.87,37.57,0.06
605300,0.37,0.92,47.87,37.57,0.06
605360,0.34,0.92,47.88,37.57,0.06
605380,0.3,0.92,47.88,37.57,0.06
605420,0.32,0.92,47.88,37.57,0.11
605490,0.33,0.9,47.88,37.58,0.06
605510,0.34,0.9,47.88,37.58,0.06
605540,0.34,0.9,47.88,37.58,0.06
605560,0.35,0.91,47.88,37.58,0.06
605630,0.38,0.91,47.88,37.58,0.05
605740,0.32,0.93,47.88,37.58,0.04
605990,0.32,0.91,47.89,37.58,0.04
606120,0.29,0.92,47.89,37.58,0.05
606180,0.33,0.91,47.89,37.58,0.07
606240,0.31,0.91,47.89,37.59,0.07
606280,0.31,0.92,47.89,37.59,0.07
606430,0.29,0.92,47.89,37.59,0.04
606470,0.33,0.93,47.89,37.59,0.04
606590,0.32,0.93,47.9,37.59,0.05
606600,0.32,0.93,47.9,37.59,0.05
606630,0.32,0.93,47.9,37.59,0.05
606680,0.32,0.93,47.9,37.59,0.05
606720,0.29,0.94,47.9,37.59,0.05
606750,0.24,0.91,47.9,37.59,0.05
606850,0.26,0.89,47.9,37.59,0.04
607020,0.23,0.9,47.9,37.59,0.04
607230,0.33,0.91,47.9,37.6,0.03
607450,0.27,0.94,47.91,37.6,0.03
607460,0.24,0.94,47.91,37.6,0.03
607530,0.27,0.92,47.91,37.6,0.04
607570,0.28,0.92,47.91,37.6,0.04
607610,0.23,0.9,47.91,37.6,0.04
607690,0.24,0.9,47.91,37.6,0.05
607790,0.21,0.91,47.91,37.6,0.04
607860,0.24,0.9,47.91,37.6,0.04
607890,0.24,0.9,47.91,37.6,0.04
607910,0.24,0.9,47.91,37.6,0.04
608060,0.22,0.9,47.91,37.6,0.04
608110,0.19,0.89,47.91,37.6,0.04
608130,0.19,0.89,47.91,37.6,0.04
608170,0.23,0.9,47.91,37.6,0.03
608280,0.22,0.9,47.92,37.61,0.03
608300,0.25,0.9,47.92,37.61,0.03
608320,0.22,0.9,47.92,37.61,0.03
608330,0.23,0.91,47.92,37.61,0.03
608430,0.24,0.93,47.92,37.61,0.03
608570,0.29,0.95,47.92,37.61,0.05
608580,0.34,0.95,47.92,37.61,0.04
608670,0.32,0.94,47.92,37.61,0.07
608770,0.26,0.93,47.92,37.61,0.04
608930,0.27,0.92,47.92,37.61,0.06
609010,0.29,0.92,47.93,37.61,0.05
609070,0.4,0.93,47.93,37.61,0.05
609110,0.36,0.9,47.93,37.61,0.05
609430,0.3,0.87,47.93,37.62,0.04
609650,0.44,0.91,47.94,37.62,0.12
609760,0.3,0.92,47.94,37.62,0.09
609840,0.34,0.89,47.94,37.62,0.03
609880,0.35,0.87,47.94,37.62,0.03
610240,0.37,0.87,47.95,37.63,0.05
610310,0.28,0.87,47.95,37.63,0.04
610360,0.38,0.87,47.95,37.63,0.05
610430,0.3,0.87,47.95,37.63,0.05
610460,0.29,0.87,47.95,37.63,0.04
610510,0.33,0.86,47.95,37.63,0.06
610590,0.3,0.86,47.95,37.63,0.05
610810,0.31,0.86,47.96,37.63,0.06
610880,0.33,0.87,47.96,37.63,0.07
611130,0.35,0.89,47.96,37.64,0.06
611290,0.41,0.87,47.97,37.64,0.04
611530,0.29,0.87,47.97,37.64,0.13
611540,0.3,0.87,47.97,37.64,0.13
611630,0.33,0.89,47.97,37.64,0.06
611850,0.38,0.93,47.98,37.64,0.05
611970,0.43,0.95,47.98,37.65,0.16
612150,0.48,0.95,47.99,37.65,0.06
612190,0.46,0.93,47.99,37.65,0.08
612240,0.36,0.92,47.99,37.65,0.05
612340,0.33,0.91,47.99,37.65,0.05
612380,0.42,0.91,47.99,37.65,0.06
612500,0.45,0.9,48.0,37.65,0.06
612520,0.38,0.89,48.0,37.65,0.06
612570,0.33,0.89,48.0,37.66,0.06
612730,0.34,0.9,48.0,37.66,0.08
612880,0.27,0.9,48.01,37.66,0.04
613000,0.33,0.92,48.01,37.66,0.06
613160,0.21,0.92,48.01,37.66,0.04
613220,0.29,0.92,48.01,37.66,0.04
613320,0.3,0.92,48.01,37.66,0.04
613400,0.32,0.88,48.01,37.67,0.04
613460,0.24,0.88,48.01,37.67,0.05
613480,0.25,0.88,48.02,37.67,0.05
613580,0.39,0.88,48.02,37.67,0.05
613670,0.33,0.89,48.02,37.67,0.04
613810,0.33,0.9,48.02,37.67,0.05
613860,0.36,0.9,48.02,37.67,0.05
613880,0.34,0.89,48.02,37.67,0.05
613890,0.34,0.89,48.02,37.67,0.05
613970,0.41,0.9,48.02,37.67,0.04
614060,0.32,0.9,48.02,37.67,0.03
614080,0.24,0.89,48.03,37.67,0.03
614090,0.26,0.9,48.03,37.67,0.03
614150,0.2,0.88,48.03,37.67,0.05
614220,0.2,0.88,48.03,37.67,0.04
614300,0.22,0.87,48.03,37.68,0.05
614310,0.19,0.87,48.03,37.68,0.05
614620,0.27,0.91,48.04,37.68,0.07
614710,0.29,0.89,48.04,37.68,0.05
614750,0.29,0.89,48.04,37.68,0.05
614840,0.31,0.89,48.04,37.68,0.04
614900,0.24,0.88,48.04,37.68,0.05
615020,0.3,0.9,48.04,37.68,0.04
615480,0.31,0.9,48.06,37.69,0.09
615580,0.34,0.91,48.06,37.69,0.08
615600,0.36,0.92,48.06,37.69,0.08
615870,0.41,0.95,48.07,37.7,0.06
615980,0.27,0.91,48.07,37.7,0.04
616000,0.24,0.92,48.07,37.7,0.04
616010,0.25,0.92,48.08,37.7,0.04
616050,0.46,0.94,48.08,37.7,0.04
616240,0.38,0.94,48.08,37.7,0.05
616460,0.31,0.94,48.09,37.71,0.04
616520,0.4,0.95,48.09,37.71,0.04
616620,0.3,0.96,48.09,37.71,0.04
616700,0.25,0.91,48.09,37.71,0.06
616730,0.25,0.9,48.09,37.71,0.06
617010,0.22,0.91,48.09,37.71,0.07
617050,0.31,0.9,48.1,37.71,0.05
617190,0.29,0.9,48.1,37.71,0.06
617400,0.32,0.9,48.1,37.72,0.07
617420,0.33,0.91,48.1,37.72,0.07
617450,0.45,0.9,48.1,37.72,0.07
617460,0.37,0.91,48.1,37.72,0.13
617750,0.27,0.93,48.11,37.72,0.08
617760,0.35,0.94,48.11,37.72,0.05
617840,0.43,0.91,48.11,37.72,0.09
617880,0.31,0.91,48.11,37.72,0.07
618340,0.31,0.93,48.12,37.73,0.04
618380,0.5,0.94,48.12,37.73,0.05
618480,0.35,0.95,48.12,37.73,0.06
618540,0.37,0.92,48.12,37.73,0.06
618630,0.31,0.93,48.12,37.73,0.07
618660,0.4,0.95,48.12,37.73,0.08
618730,0.44,0.95,48.13,37.73,0.08
618940,0.37,0.95,48.13,37.74,0.04
618980,0.41,0.95,48.13,37.74,0.09
619040,0.45,0.93,48.13,37.74,0.14
619120,0.35,0.95,48.14,37.74,0.14
619130,0.35,0.94,48.14,37.74,0.14
619180,0.36,0.93,48.14,37.74,0.07
619390,0.41,0.93,48.14,37.74,0.14
619490,0.31,0.92,48.15,37.75,0.22
619500,0.31,0.91,48.15,37.75,0.15
619550,0.39,0.92,48.15,37.75,0.15
619700,0.35,0.93,48.15,37.75,0.13
619770,0.32,0.9,48.15,37.75,0.13
619790,0.34,0.92,48.15,37.75,0.13
619820,0.33,0.93,48.15,37.75,0.2
619830,0.32,0.93,48.15,37.75,0.2
619900,0.52,0.95,48.16,37.75,0.19
619990,0.36,0.96,48.16,37.76,0.2
620000,0.37,0.96,48.16,37.76,0.2
620010,0.38,0.95,48.16,37.76,0.2
620030,0.38,0.94,48.16,37.76,0.2
620140,0.41,0.93,48.16,37.76,0.1
620150,0.6,0.93,48.16,37.76,0.1
620350,0.36,0.9,48.17,37.76,0.11
620360,0.4,0.91,48.17,37.76,0.11
620400,0.38,0.92,48.17,37.76,0.1
620420,0.41,0.92,48.17,37.76,0.1
620490,0.38,0.89,48.17,37.76,0.09
620680,0.34,0.87,48.17,37.77,0.15
620730,0.38,0.87,48.18,37.77,0.06
620800,0.38,0.88,48.18,37.77,0.08
620820,0.38,0.88,48.18,37.77,0.08
620880,0.39,0.9,48.18,37.77,0.08
621280,0.42,0.9,48.19,37.78,0.22
621300,0.37,0.9,48.19,37.78,0.25
621310,0.39,0.9,48.19,37.78,0.25
621570,0.38,0.89,48.2,37.78,0.12
621650,0.38,0.9,48.2,37.78,0.16
621860,0.31,0.88,48.21,37.78,0.12
621900,0.54,0.89,48.21,37.78,0.09
621940,0.51,0.91,48.21,37.79,0.09
622080,0.34,0.91,48.21,37.79,0.05
622160,0.41,0.93,48.21,37.79,0.07
622220,0.51,0.96,48.21,37.79,0.05
622280,0.59,0.96,48.21,37.79,0.07
622530,0.41,0.89,48.22,37.79,0.1
622950,0.32,0.89,48.23,37.8,0.06
623200,0.54,0.95,48.23,37.8,0.09
623460,0.52,0.94,48.24,37.81,0.15
623560,0.46,0.92,48.24,37.81,0.1
623580,0.44,0.92,48.24,37.81,0.27
623610,0.4,0.91,48.24,37.81,0.27
623660,0.43,0.91,48.25,37.81,0.16
623790,0.38,0.91,48.25,37.81,0.11
623900,0.48,0.91,48.25,37.81,0.15
624010,0.41,0.91,48.25,37.81,0.11
624220,0.29,0.89,48.25,37.82,0.09
624280,0.34,0.9,48.25,37.82,0.07
624360,0.31,0.88,48.25,37.82,0.08
624520,0.47,0.91,48.26,37.82,0.08
624750,0.43,0.92,48.27,37.82,0.17
624790,0.53,0.94,48.27,37.82,0.15
625050,0.57,0.92,48.28,37.83,0.06
625200,0.43,0.91,48.28,37.83,0.2
625220,0.47,0.92,48.28,37.83,0.2
625300,0.51,0.93,48.28,37.83,0.17
625330,0.45,0.92,48.28,37.83,0.13
625340,0.43,0.93,48.28,37.83,0.13
625520,0.52,0.94,48.29,37.84,0.25
625710,0.57,0.94,48.29,37.84,0.16
626130,0.83,0.95,48.31,37.85,0.12
626410,0.83,0.95,48.32,37.85,0.13
626570,0.73,0.97,48.33,37.85,0.1
626630,0.72,0.95,48.33,37.85,0.08
626850,0.62,0.89,48.34,37.86,0.15
626910,0.6,0.87,48.34,37.86,0.16
627030,0.52,0.85,48.35,37.86,0.11
627160,0.49,0.84,48.35,37.86,0.21
627220,0.6,0.85,48.35,37.86,0.13
627250,0.63,0.86,48.35,37.86,0.16
627290,0.61,0.86,48.35,37.86,0.16
627630,0.58,0.87,48.36,37.87,0.21
627640,0.64,0.87,48.36,37.87,0.21
627650,0.71,0.88,48.36,37.87,0.21
627880,0.5,0.91,48.37,37.88,0.12
627930,0.61,0.9,48.37,37.88,0.16
627970,0.58,0.92,48.37,37.88,0.15
628140,0.6,0.91,48.38,37.88,0.12
628190,0.52,0.88,48.38,37.88,0.12
628240,0.54,0.88,48.38,37.88,0.09
628250,0.55,0.89,48.38,37.88,0.09
628400,0.64,0.91,48.38,37.89,0.16
628430,0.68,0.91,48.38,37.89,0.16
628450,0.65,0.9,48.38,37.89,0.11
628460,0.6,0.9,48.39,37.89,0.11
628470,0.59,0.89,48.39,37.89,0.11
628610,0.62,0.89,48.39,37.89,0.07
628670,0.6,0.88,48.39,37.89,0.16
628680,0.61,0.89,48.39,37.89,0.09
628720,0.62,0.89,48.39,37.89,0.09
628850,0.61,0.95,48.39,37.9,0.16
628980,0.61,0.97,48.4,37.9,0.13
629160,0.58,0.92,48.4,37.9,0.2
629280,0.41,0.9,48.41,37.9,0.17
629300,0.45,0.9,48.41,37.91,0.17
629330,0.56,0.9,48.41,37.91,0.17
629620,0.55,0.93,48.42,37.91,0.1
629830,0.66,0.92,48.43,37.92,0.09
629890,0.54,0.88,48.43,37.92,0.16
629930,0.58,0.88,48.43,37.92,0.16
629940,0.58,0.88,48.43,37.92,0.16
630050,0.49,0.88,48.43,37.92,0.15
630080,0.68,0.89,48.43,37.92,0.18
630140,0.55,0.87,48.44,37.93,0.23
630220,0.54,0.87,48.44,37.93,0.24
630340,0.77,0.9,48.44,37.93,0.21
630410,0.75,0.87,48.45,37.93,0.2
630470,0.66,0.87,48.45,37.93,0.16
630520,0.65,0.86,48.45,37.94,0.1
630530,0.61,0.86,48.45,37.94,0.1
630570,0.67,0.89,48.45,37.94,0.11
630840,0.57,0.89,48.46,37.94,0.13
631020,0.52,0.88,48.47,37.95,0.13
631100,0.77,0.91,48.47,37.95,0.15
631190,0.65,0.94,48.47,37.95,0.22
631270,0.7,0.94,48.48,37.95,0.12
631310,0.66,0.92,48.48,37.96,0.12
631710,0.61,0.95,48.49,37.96,0.06
631730,0.57,0.94,48.49,37.96,0.06
631740,0.58,0.95,48.49,37.96,0.13
631770,0.59,0.96,48.49,37.96,0.13
631990,0.69,0.88,48.49,37.97,0.06
632000,0.67,0.88,48.49,37.97,0.06
632090,0.47,0.85,48.5,37.97,0.06
632190,0.51,0.86,48.5,37.97,0.2
632320,0.41,0.84,48.5,37.97,0.14
632460,0.6,0.85,48.5,37.98,0.11
632630,0.47,0.83,48.51,37.98,0.09
632810,0.46,0.87,48.51,37.98,0.05
632880,0.44,0.86,48.51,37.99,0.05
633060,0.48,0.88,48.52,37.99,0.04
633110,0.49,0.88,48.52,37.99,0.04
633180,0.46,0.87,48.52,37.99,0.07
633260,0.38,0.85,48.52,37.99,0.09
633330,0.51,0.86,48.52,37.99,0.21
633370,0.52,0.87,48.52,37.99,0.14
633460,0.41,0.85,48.53,38.0,0.07
633740,0.59,0.88,48.53,38.0,0.09
633770,0.59,0.88,48.53,38.0,0.09
633830,0.56,0.87,48.54,38.0,0.11
633950,0.53,0.87,48.54,38.01,0.1
633980,0.47,0.85,48.54,38.01,0.1
634110,0.5,0.85,48.54,38.01,0.14
634150,0.53,0.86,48.54,38.01,0.11
634280,0.46,0.85,48.54,38.01,0.13
634370,0.46,0.86,48.55,38.01,0.12
634390,0.51,0.86,48.55,38.01,0.11
634550,0.47,0.85,48.55,38.02,0.05
634580,0.46,0.86,48.55,38.02,0.05
634670,0.4,0.85,48.55,38.02,0.09
634710,0.38,0.86,48.55,38.02,0.05
634910,0.4,0.85,48.56,38.02,0.05
634980,0.4,0.85,48.56,38.03,0.04
635040,0.43,0.85,48.56,38.03,0.05
635100,0.39,0.85,48.56,38.03,0.07
635210,0.37,0.85,48.56,38.03,0.05
635390,0.43,0.87,48.57,38.03,0.03
635410,0.47,0.87,48.57,38.03,0.04
635450,0.36,0.86,48.57,38.03,0.04
635470,0.37,0.86,48.57,38.03,0.05
635620,0.36,0.82,48.57,38.03,0.04
635890,0.41,0.86,48.58,38.04,0.05
635920,0.4,0.87,48.58,38.04,0.05
636000,0.34,0.87,48.58,38.04,0.05
636010,0.39,0.86,48.58,38.04,0.05
636260,0.44,0.86,48.58,38.04,0.06
636270,0.43,0.85,48.58,38.04,0.06
636410,0.33,0.84,48.58,38.05,0.05
636510,0.37,0.85,48.59,38.05,0.05
636590,0.35,0.85,48.59,38.05,0.08
636740,0.26,0.84,48.59,38.05,0.04
636790,0.28,0.82,48.59,38.05,0.05
636820,0.25,0.83,48.59,38.05,0.05
636870,0.26,0.83,48.59,38.05,0.04
637050,0.25,0.82,48.59,38.05,0.06
637180,0.26,0.82,48.59,38.06,0.05
637300,0.51,0.86,48.6,38.06,0.08
637310,0.53,0.87,48.6,38.06,0.08
637320,0.55,0.88,48.6,38.06,0.09
637350,0.42,0.85,48.6,38.06,0.09
637360,0.38,0.85,48.6,38.06,0.09
637450,0.45,0.86,48.6,38.06,0.06
637540,0.42,0.85,48.61,38.06,0.06
637550,0.41,0.86,48.61,38.06,0.06
637620,0.43,0.88,48.61,38.06,0.06
637670,0.41,0.86,48.61,38.06,0.06
637820,0.37,0.87,48.62,38.07,0.11
638270,0.35,0.88,48.62,38.07,0.06
638310,0.34,0.88,48.62,38.07,0.05
638380,0.42,0.9,48.63,38.08,0.05
638490,0.4,0.87,48.63,38.08,0.07
638850,0.48,0.89,48.63,38.08,0.05
638900,0.43,0.89,48.63,38.08,0.06
638910,0.36,0.88,48.63,38.08,0.06
638990,0.36,0.86,48.63,38.08,0.06
639000,0.35,0.86,48.63,38.08,0.05
639130,0.3,0.86,48.64,38.09,0.06
639170,0.29,0.85,48.64,38.09,0.06
639370,0.35,0.87,48.64,38.09,0.04
639460,0.31,0.86,48.64,38.09,0.06
639700,0.38,0.93,48.64,38.1,0.05
639720,0.34,0.93,48.64,38.1,0.06
639750,0.33,0.92,48.64,38.1,0.06
639770,0.28,0.93,48.64,38.1,0.06
639920,0.29,0.88,48.65,38.1,0.04
639930,0.3,0.89,48.65,38.1,0.04
640080,0.24,0.87,48.65,38.1,0.04
640140,0.26,0.87,48.65,38.1,0.04
640200,0.22,0.87,48.65,38.11,0.03
640210,0.25,0.87,48.65,38.11,0.03
640280,0.33,0.87,48.65,38.11,0.03
640290,0.32,0.87,48.65,38.11,0.03
640310,0.27,0.87,48.65,38.11,0.03
640320,0.3,0.87,48.65,38.11,0.03
640480,0.32,0.88,48.65,38.11,0.04
640490,0.28,0.87,48.65,38.11,0.04
640590,0.28,0.87,48.66,38.11,0.04
640840,0.32,0.88,48.66,38.12,0.03
640880,0.3,0.87,48.66,38.12,0.06
640970,0.35,0.88,48.66,38.12,0.05
641240,0.42,0.91,48.67,38.12,0.05
641450,0.28,0.88,48.67,38.13,0.06
641470,0.31,0.88,48.67,38.13,0.07
641480,0.3,0.88,48.67,38.13,0.07
641550,0.32,0.87,48.67,38.13,0.05
641630,0.35,0.87,48.68,38.13,0.05
641660,0.31,0.87,48.68,38.13,0.05
641760,0.32,0.88,48.68,38.14,0.06
641780,0.37,0.88,48.68,38.14,0.06
641790,0.37,0.87,48.68,38.14,0.06
642010,0.4,0.88,48.68,38.14,0.05
642090,0.39,0.9,48.68,38.14,0.06
642140,0.33,0.89,48.68,38.14,0.05
642150,0.34,0.88,48.68,38.14,0.05
642200,0.49,0.89,48.69,38.14,0.09
642280,0.28,0.88,48.69,38.14,0.08
642290,0.3,0.88,48.69,38.14,0.08
642410,0.3,0.89,48.69,38.14,0.04
642430,0.35,0.89,48.69,38.14,0.06
642460,0.36,0.9,48.69,38.14,0.06
642490,0.27,0.88,48.69,38.15,0.11
642520,0.44,0.89,48.69,38.15,0.11
642570,0.45,0.9,48.69,38.15,0.1
642590,0.38,0.9,48.69,38.15,0.1
642630,0.36,0.89,48.69,38.15,0.05
642820,0.3,0.89,48.69,38.15,0.05
642840,0.41,0.88,48.69,38.15,0.05
642970,0.36,0.9,48.7,38.15,0.08
643150,0.34,0.92,48.7,38.15,0.04
643220,0.28,0.91,48.7,38.16,0.04
643420,0.33,0.92,48.7,38.16,0.05
643550,0.47,0.95,48.71,38.16,0.06
643710,0.44,0.95,48.71,38.16,0.06
643840,0.34,0.93,48.71,38.17,0.05
643960,0.34,0.89,48.72,38.17,0.06
644130,0.47,0.93,48.72,38.17,0.12
644160,0.55,0.94,48.72,38.17,0.12
644170,0.55,0.95,48.72,38.17,0.12
644220,0.47,0.94,48.72,38.17,0.09
644260,0.33,0.94,48.72,38.17,0.09
644330,0.31,0.94,48.72,38.17,0.08
644360,0.32,0.94,48.72,38.17,0.06
644490,0.35,0.94,48.72,38.18,0.09
644510,0.37,0.95,48.73,38.18,0.09
644530,0.48,0.94,48.73,38.18,0.11
644550,0.36,0.95,48.73,38.18,0.11
644670,0.39,0.96,48.73,38.18,0.12
644800,0.41,0.93,48.73,38.18,0.1
644880,0.42,0.94,48.73,38.18,0.13
645310,0.37,0.91,48.74,38.19,0.04
645320,0.33,0.91,48.74,38.19,0.04
645570,0.32,0.91,48.75,38.2,0.05
645660,0.45,0.92,48.75,38.2,0.06
645680,0.43,0.92,48.75,38.2,0.06
645790,0.36,0.92,48.75,38.2,0.07
645970,0.36,0.92,48.76,38.21,0.12
645980,0.39,0.92,48.76,38.21,0.12
646010,0.36,0.92,48.76,38.21,0.12
646050,0.38,0.93,48.76,38.21,0.14
646090,0.39,0.92,48.76,38.21,0.14
646100,0.48,0.93,48.76,38.21,0.14
646310,0.43,0.93,48.76,38.22,0.11
646340,0.42,0.94,48.76,38.22,0.13
646360,0.43,0.94,48.76,38.22,0.13
646400,0.38,0.92,48.76,38.22,0.14
646460,0.38,0.92,48.77,38.22,0.12
646510,0.42,0.92,48.77,38.22,0.09
646570,0.36,0.92,48.77,38.22,0.12
646660,0.39,0.92,48.77,38.22,0.1
646930,0.37,0.94,48.77,38.23,0.07
647260,0.4,0.94,48.78,38.24,0.05
647380,0.47,0.97,48.78,38.24,0.04
647580,0.46,0.94,48.79,38.24,0.06
647750,0.39,0.91,48.79,38.25,0.05
647800,0.38,0.91,48.79,38.25,0.08
647840,0.34,0.9,48.79,38.25,0.04
647910,0.35,0.91,48.79,38.25,0.04
648050,0.38,0.93,48.79,38.25,0.04
648260,0.43,0.93,48.8,38.26,0.06
648280,0.4,0.94,48.8,38.26,0.06
648370,0.5,0.96,48.8,38.26,0.12
648700,0.32,0.91,48.8,38.26,0.07
648780,0.31,0.91,48.8,38.27,0.05
648810,0.48,0.92,48.8,38.27,0.05
648820,0.44,0.92,48.8,38.27,0.05
649050,0.31,0.9,48.81,38.27,0.11
649060,0.29,0.9,48.81,38.27,0.11
649170,0.28,0.91,48.81,38.28,0.06
649230,0.31,0.91,48.81,38.28,0.08
649260,0.39,0.92,48.81,38.28,0.12
649270,0.41,0.92,48.81,38.28,0.12
649340,0.28,0.92,48.81,38.28,0.07
649380,0.25,0.91,48.81,38.28,0.04
649420,0.3,0.92,48.81,38.28,0.04
649680,0.29,0.91,48.82,38.28,0.06
649700,0.27,0.91,48.82,38.29,0.06
649740,0.31,0.92,48.82,38.29,0.05
649750,0.29,0.92,48.82,38.29,0.05
649890,0.42,0.93,48.82,38.29,0.05
650130,0.27,0.91,48.82,38.29,0.05
650170,0.33,0.91,48.82,38.29,0.03
650270,0.39,0.92,48.83,38.3,0.04
650380,0.53,0.93,48.83,38.3,0.06
650390,0.42,0.93,48.83,38.3,0.06
650740,0.5,0.95,48.83,38.31,0.05
650760,0.37,0.93,48.83,38.31,0.05
650920,0.28,0.93,48.84,38.31,0.07
650990,0.29,0.93,48.84,38.31,0.04
651250,0.31,0.92,48.84,38.31,0.06
651330,0.45,0.93,48.84,38.31,0.05
651420,0.4,0.95,48.84,38.31,0.05
651480,0.28,0.95,48.84,38.31,0.05
651530,0.29,0.95,48.84,38.31,0.05
651560,0.28,0.95,48.84,38.32,0.04
651690,0.3,0.95,48.85,38.32,0.05
651760,0.31,0.93,48.85,38.32,0.05
651950,0.5,0.95,48.85,38.32,0.05
651990,0.39,0.94,48.85,38.32,0.06
652090,0.37,0.93,48.85,38.32,0.06
652250,0.46,0.93,48.85,38.32,0.04
652490,0.37,0.95,48.86,38.33,0.05
652600,0.34,0.94,48.86,38.33,0.04
652620,0.33,0.94,48.86,38.33,0.07
652670,0.29,0.93,48.86,38.33,0.07
652830,0.42,0.94,48.86,38.33,0.07
653070,0.31,0.95,48.86,38.33,0.04
653140,0.34,0.94,48.86,38.33,0.04
653270,0.33,0.96,48.87,38.34,0.04
653280,0.33,0.95,48.87,38.34,0.05
653380,0.33,0.94,48.87,38.34,0.08
653580,0.25,0.93,48.87,38.34,0.04
653690,0.33,0.94,48.87,38.34,0.03
653710,0.4,0.95,48.87,38.34,0.04
653830,0.3,0.94,48.87,38.34,0.05
653880,0.56,0.94,48.87,38.34,0.05
654250,0.37,0.97,48.88,38.35,0.05
654280,0.34,0.96,48.88,38.35,0.05
654370,0.33,0.94,48.88,38.35,0.05
654520,0.35,0.94,48.88,38.35,0.05
654600,0.45,0.96,48.89,38.36,0.04
654610,0.48,0.96,48.89,38.36,0.04
654650,0.48,0.97,48.89,38.36,0.04
654700,0.33,0.96,48.89,38.36,0.04
654750,0.31,0.96,48.89,38.36,0.05
654760,0.33,0.96,48.89,38.36,0.05
654880,0.37,0.97,48.89,38.36,0.04
654920,0.34,0.96,48.89,38.36,0.07
655010,0.34,0.95,48.89,38.36,0.05
655040,0.39,0.95,48.89,38.36,0.04
655210,0.34,0.94,48.89,38.36,0.05
655300,0.28,0.95,48.9,38.36,0.05
655340,0.28,0.94,48.9,38.36,0.04
655400,0.29,0.94,48.9,38.37,0.05
655500,0.3,0.94,48.9,38.37,0.05
655590,0.43,0.94,48.9,38.37,0.06
655600,0.39,0.94,48.9,38.37,0.06
655980,0.29,0.91,48.91,38.37,0.05
656010,0.54,0.92,48.91,38.37,0.05
656030,0.47,0.92,48.91,38.38,0.05
656150,0.45,0.92,48.91,38.38,0.07
656220,0.36,0.93,48.91,38.38,0.09
656290,0.31,0.94,48.91,38.38,0.07
656300,0.31,0.93,48.91,38.38,0.07
656390,0.3,0.92,48.91,38.38,0.07
656440,0.31,0.9,48.91,38.38,0.05
656530,0.3,0.91,48.92,38.38,0.06
656580,0.35,0.92,48.92,38.38,0.04
656650,0.33,0.91,48.92,38.39,0.05
656830,0.43,0.91,48.92,38.39,0.06
656850,0.39,0.92,48.92,38.39,0.06
657100,0.38,0.93,48.92,38.4,0.06
657210,0.45,0.93,48.93,38.4,0.06
657330,0.36,0.93,48.93,38.4,0.07
657380,0.34,0.93,48.93,38.4,0.08
657390,0.34,0.93,48.93,38.4,0.08
657430,0.35,0.94,48.93,38.4,0.05
657460,0.36,0.95,48.93,38.4,0.05
657470,0.35,0.95,48.93,38.4,0.05
657500,0.39,0.96,48.93,38.4,0.09
657690,0.35,0.97,48.94,38.41,0.05
657720,0.35,0.97,48.94,38.41,0.04
657840,0.37,0.94,48.94,38.41,0.06
658000,0.42,0.93,48.94,38.41,0.05
658010,0.32,0.93,48.94,38.41,0.05
658020,0.35,0.93,48.94,38.41,0.07
658090,0.31,0.92,48.95,38.41,0.05
658250,0.42,0.93,48.95,38.42,0.07
658350,0.34,0.9,48.95,38.42,0.04
658370,0.33,0.9,48.95,38.42,0.04
658400,0.29,0.9,48.95,38.42,0.05
658500,0.44,0.94,48.96,38.42,0.05
658540,0.37,0.94,48.96,38.42,0.05
658650,0.55,0.93,48.96,38.43,0.07
658660,0.5,0.93,48.96,38.43,0.07
658850,0.35,0.95,48.96,38.43,0.05
659010,0.32,0.95,48.97,38.43,0.05
659020,0.36,0.95,48.97,38.43,0.05
659100,0.4,0.94,48.97,38.43,0.05
659220,0.46,0.92,48.97,38.43,0.08
659380,0.34,0.91,48.97,38.44,0.05
659420,0.36,0.91,48.97,38.44,0.08
659460,0.41,0.9,48.97,38.44,0.08
659570,0.47,0.9,48.98,38.44,0.08
659630,0.41,0.91,48.98,38.44,0.12
659660,0.36,0.91,48.98,38.44,0.09
659680,0.42,0.91,48.98,38.44,0.09
659820,0.28,0.91,48.98,38.45,0.07
659890,0.34,0.91,48.98,38.45,0.08
659930,0.31,0.92,48.98,38.45,0.08
659990,0.31,0.92,48.99,38.45,0.06
660060,0.33,0.92,48.99,38.45,0.05
660090,0.32,0.92,48.99,38.45,0.05
660100,0.31,0.92,48.99,38.45,0.05
660150,0.27,0.91,48.99,38.45,0.07
660170,0.32,0.92,48.99,38.45,0.07
660190,0.3,0.92,48.99,38.45,0.05
660310,0.35,0.93,48.99,38.45,0.05
660320,0.35,0.93,48.99,38.45,0.05
660340,0.33,0.92,48.99,38.45,0.05
660370,0.32,0.93,48.99,38.45,0.05
660380,0.36,0.93,48.99,38.45,0.05
660500,0.33,0.94,49.0,38.46,0.07
660520,0.29,0.94,49.0,38.46,0.07
660610,0.3,0.93,49.0,38.46,0.05
660740,0.25,0.93,49.0,38.46,0.05
660890,0.27,0.92,49.0,38.46,0.04
660910,0.31,0.92,49.0,38.46,0.05
661000,0.4,0.92,49.0,38.46,0.06
661230,0.27,0.92,49.01,38.47,0.06
661270,0.29,0.92,49.01,38.47,0.04
661400,0.23,0.93,49.01,38.47,0.04
661420,0.25,0.93,49.01,38.47,0.04
661720,0.22,0.91,49.01,38.47,0.04
661750,0.34,0.91,49.02,38.47,0.05
661830,0.24,0.91,49.02,38.47,0.07
661870,0.27,0.92,49.02,38.48,0.05
662190,0.3,0.94,49.02,38.48,0.06
662330,0.31,0.94,49.02,38.48,0.04
662340,0.32,0.94,49.02,38.48,0.08
662350,0.33,0.95,49.02,38.48,0.08
662470,0.46,0.95,49.03,38.48,0.04
662530,0.51,0.97,49.03,38.49,0.06
662600,0.44,0.97,49.03,38.49,0.07
662760,0.52,0.98,49.03,38.49,0.07
662960,0.32,0.94,49.03,38.49,0.17
663160,0.28,0.93,49.04,38.5,0.07
663320,0.36,0.94,49.04,38.5,0.06
663370,0.32,0.93,49.04,38.5,0.75
663570,0.32,0.93,49.05,38.5,0.09
663740,0.23,0.92,49.05,38.5,0.05
663820,0.27,0.92,49.05,38.5,0.06
663850,0.29,0.92,49.05,38.5,0.05
663870,0.25,0.92,49.05,38.5,0.05
663910,0.25,0.92,49.05,38.51,0.06
663920,0.24,0.93,49.05,38.51,0.06
664040,0.33,0.94,49.05,38.51,0.07
664140,0.29,0.93,49.06,38.51,0.05
664240,0.28,0.92,49.06,38.51,0.04
664270,0.26,0.92,49.06,38.51,0.04
664300,0.26,0.92,49.06,38.51,0.04
664360,0.25,0.92,49.06,38.51,0.05
664390,0.28,0.93,49.06,38.51,0.04
664450,0.28,0.92,49.06,38.51,0.04
664480,0.28,0.94,49.06,38.51,0.04
664730,0.33,0.93,49.06,38.52,0.05
664790,0.34,0.93,49.07,38.52,0.05
664850,0.35,0.94,49.07,38.52,0.05
664860,0.31,0.94,49.07,38.52,0.06
664880,0.29,0.94,49.07,38.52,0.06
664930,0.26,0.93,49.07,38.52,0.05
664950,0.24,0.94,49.07,38.52,0.05
664990,0.28,0.93,49.07,38.52,0.05
665110,0.31,0.93,49.07,38.53,0.08
665210,0.32,0.94,49.08,38.53,0.06
665370,0.42,0.97,49.08,38.53,0.05
665470,0.4,0.98,49.08,38.53,0.08
665560,0.27,0.93,49.08,38.54,0.05
665630,0.25,0.93,49.09,38.54,0.06
665780,0.25,0.93,49.09,38.54,0.04
665800,0.26,0.93,49.09,38.54,0.04
665820,0.27,0.94,49.09,38.54,0.05
665930,0.48,0.98,49.09,38.54,0.05
666010,0.49,0.96,49.1,38.55,0.11
666200,0.44,0.96,49.1,38.55,0.08
666330,0.47,0.96,49.1,38.55,0.05
666390,0.37,0.94,49.1,38.55,0.13
666410,0.35,0.93,49.1,38.55,0.13
666440,0.32,0.92,49.1,38.55,0.07
666470,0.3,0.92,49.11,38.55,0.07
666610,0.33,0.9,49.11,38.56,0.09
666640,0.33,0.9,49.11,38.56,0.09
666650,0.31,0.89,49.11,38.56,0.09
666700,0.35,0.9,49.11,38.56,0.09
666820,0.41,0.9,49.11,38.56,0.05
666830,0.36,0.9,49.11,38.56,0.05
666960,0.32,0.89,49.11,38.56,0.12
667020,0.38,0.91,49.12,38.56,0.15
667170,0.43,0.9,49.12,38.56,0.09
667220,0.31,0.9,49.12,38.56,0.07
667240,0.28,0.89,49.12,38.56,0.07
667250,0.27,0.89,49.12,38.56,0.07
667330,0.27,0.89,49.12,38.56,0.04
667520,0.23,0.89,49.12,38.57,0.04
667860,0.27,0.91,49.13,38.57,0.04
667880,0.31,0.91,49.13,38.57,0.04
667910,0.25,0.91,49.13,38.57,0.04
667980,0.26,0.91,49.13,38.57,0.04
668020,0.29,0.92,49.13,38.57,0.04
668150,0.29,0.92,49.13,38.57,0.05
668290,0.32,0.93,49.13,38.57,0.05
668490,0.33,0.94,49.14,38.58,0.07
668620,0.28,0.91,49.14,38.58,0.07
668720,0.37,0.93,49.14,38.58,0.06
668880,0.38,0.95,49.15,38.58,0.07
669130,0.34,0.94,49.15,38.58,0.1
669160,0.44,0.94,49.15,38.58,0.1
669570,0.4,0.96,49.16,38.59,0.05
669760,0.41,0.94,49.16,38.59,0.06
669820,0.43,0.94,49.16,38.59,0.05
669870,0.38,0.94,49.16,38.59,0.06
669910,0.43,0.95,49.17,38.59,0.14
669940,0.37,0.94,49.17,38.59,0.14
670020,0.46,0.92,49.17,38.6,0.07
670230,0.42,0.95,49.17,38.6,0.08
670270,0.36,0.94,49.17,38.6,0.08
670290,0.49,0.95,49.17,38.6,0.08
670310,0.43,0.94,49.17,38.6,0.08
670360,0.34,0.93,49.18,38.6,0.11
670400,0.37,0.93,49.18,38.6,0.08
670410,0.3,0.93,49.18,38.6,0.08
670530,0.28,0.94,49.18,38.6,0.09
670570,0.38,0.95,49.18,38.6,0.07
670630,0.33,0.96,49.18,38.61,0.09
670670,0.38,0.96,49.18,38.61,0.09
670680,0.38,0.95,49.18,38.61,0.08
670820,0.34,0.95,49.18,38.61,0.05
670850,0.33,0.95,49.18,38.61,0.05
670990,0.27,0.95,49.19,38.61,0.04
671040,0.24,0.95,49.19,38.61,0.06
671390,0.55,0.95,49.19,38.62,0.06
671470,0.66,0.98,49.2,38.62,0.06
671550,0.52,0.95,49.2,38.62,0.08
671610,0.56,0.96,49.2,38.62,0.11
671860,0.39,0.97,49.2,38.62,0.12
671870,0.39,0.97,49.2,38.62,0.12
671980,0.38,0.95,49.2,38.63,0.12
672030,0.42,0.96,49.2,38.63,0.13
672230,0.44,0.96,49.21,38.63,0.08
672320,0.36,0.95,49.21,38.63,0.07
672330,0.36,0.95,49.21,38.63,0.07
672410,0.48,0.95,49.21,38.63,0.06
672590,0.41,0.96,49.21,38.63,0.12
672750,0.34,0.96,49.22,38.64,0.08
672760,0.35,0.95,49.22,38.64,0.08
672790,0.3,0.95,49.22,38.64,0.12
673070,0.47,0.93,49.22,38.64,0.07
673080,0.4,0.93,49.22,38.64,0.07
673100,0.44,0.93,49.22,38.64,0.07
673180,0.55,0.96,49.22,38.64,0.06
673190,0.52,0.96,49.22,38.64,0.06
673240,0.4,0.95,49.22,38.64,0.07
673380,0.42,0.96,49.23,38.65,0.06
673390,0.43,0.97,49.23,38.65,0.06
673650,0.33,0.95,49.23,38.65,0.06
673670,0.33,0.94,49.23,38.65,0.06
673740,0.35,0.93,49.23,38.65,0.06
673910,0.4,0.96,49.23,38.65,0.08
674020,0.36,0.95,49.24,38.65,0.06
674150,0.36,0.95,49.24,38.66,0.05
674290,0.31,0.93,49.24,38.66,0.09
674300,0.31,0.93,49.24,38.66,0.09
674380,0.34,0.94,49.24,38.66,0.05
674580,0.4,0.95,49.25,38.66,0.05
674670,0.32,0.95,49.25,38.66,0.05
674810,0.28,0.96,49.25,38.66,0.05
674820,0.28,0.96,49.25,38.66,0.04
675060,0.39,0.96,49.25,38.67,0.06
675140,0.29,0.95,49.25,38.67,0.06
675190,0.29,0.95,49.26,38.67,0.04
675200,0.27,0.95,49.26,38.67,0.04
675360,0.35,0.97,49.26,38.67,0.07
675420,0.42,0.98,49.26,38.67,0.05
675440,0.36,0.97,49.26,38.67,0.05
675460,0.34,0.97,49.26,38.67,0.05
675480,0.33,0.97,49.26,38.67,0.04
675830,0.34,0.95,49.27,38.68,0.06
675880,0.37,0.94,49.27,38.68,0.05
675990,0.39,0.94,49.27,38.68,0.04
676190,0.41,0.95,49.27,38.68,0.08
676250,0.33,0.95,49.28,38.68,0.07
676280,0.4,0.95,49.28,38.68,0.06
676570,0.4,0.94,49.28,38.69,0.07
676680,0.38,0.94,49.29,38.69,0.04
676820,0.32,0.95,49.29,38.69,0.06
676900,0.46,0.95,49.29,38.69,0.06
677000,0.37,0.95,49.29,38.69,0.07
677120,0.32,0.95,49.29,38.7,0.05
677140,0.33,0.95,49.29,38.7,0.05
677150,0.33,0.95,49.29,38.7,0.05
677160,0.36,0.95,49.29,38.7,0.05
677200,0.32,0.93,49.3,38.7,0.05
677240,0.35,0.94,49.3,38.7,0.05
677310,0.33,0.94,49.3,38.7,0.06
677440,0.37,0.94,49.3,38.7,0.06
677450,0.38,0.95,49.3,38.7,0.06
677490,0.4,0.96,49.3,38.7,0.04
677510,0.38,0.96,49.3,38.7,0.04
677820,0.43,0.95,49.31,38.7,0.14
677840,0.34,0.95,49.31,38.7,0.14
677910,0.34,0.96,49.31,38.71,0.08
677930,0.31,0.95,49.31,38.71,0.08
678090,0.32,0.96,49.31,38.71,0.07
678130,0.41,0.97,49.31,38.71,0.08
678180,0.4,0.97,49.31,38.71,0.07
678470,0.29,0.96,49.32,38.71,0.05
678480,0.29,0.96,49.32,38.71,0.09
678720,0.34,0.96,49.33,38.72,0.12
678740,0.31,0.96,49.33,38.72,0.12
678780,0.34,0.95,49.33,38.72,0.1
678970,0.49,0.97,49.33,38.72,0.12
679080,0.47,0.96,49.33,38.72,0.18
679230,0.38,0.96,49.34,38.73,0.06
679370,0.37,0.95,49.34,38.73,0.12
679520,0.33,0.94,49.34,38.73,0.09
679590,0.46,0.95,49.34,38.73,0.05
679660,0.31,0.94,49.34,38.73,0.06
679690,0.28,0.95,49.34,38.73,0.06
679750,0.28,0.94,49.35,38.74,0.05
679760,0.34,0.94,49.35,38.74,0.05
679790,0.47,0.97,49.35,38.74,0.05
679840,0.49,0.98,49.35,38.74,0.08
679940,0.38,0.95,49.35,38.74,0.07
680130,0.29,0.95,49.35,38.74,0.05
680150,0.3,0.96,49.35,38.74,0.05
680200,0.39,0.97,49.36,38.74,0.05
680230,0.4,0.97,49.36,38.74,0.07
680280,0.36,0.97,49.36,38.74,0.1
680350,0.36,0.94,49.36,38.74,0.07
680390,0.31,0.94,49.36,38.75,0.07
680420,0.35,0.94,49.36,38.75,0.06
680460,0.32,0.94,49.36,38.75,0.05
680530,0.36,0.95,49.36,38.75,0.07
680590,0.36,0.96,49.36,38.75,0.08
680710,0.39,0.97,49.36,38.75,0.07
680750,0.36,0.97,49.36,38.75,0.07
680840,0.44,0.95,49.37,38.75,0.11
680920,0.33,0.96,49.37,38.75,0.07
681020,0.34,0.96,49.37,38.75,0.05
681070,0.34,0.95,49.37,38.76,0.06
681400,0.39,0.97,49.37,38.76,0.04
681490,0.34,0.94,49.38,38.76,0.06
681530,0.3,0.94,49.38,38.76,0.06
681840,0.48,0.95,49.38,38.77,0.09
681850,0.47,0.94,49.38,38.77,0.09
682020,0.28,0.94,49.38,38.77,0.06
682150,0.39,0.96,49.39,38.77,0.06
682170,0.5,0.96,49.39,38.77,0.06
682210,0.47,0.95,49.39,38.78,0.07
682230,0.44,0.96,49.39,38.78,0.07
682270,0.33,0.96,49.39,38.78,0.06
682520,0.41,0.95,49.39,38.78,0.05
682540,0.38,0.95,49.39,38.78,0.05
682600,0.41,0.95,49.39,38.78,0.08
682680,0.44,0.97,49.39,38.78,0.06
682720,0.39,0.97,49.4,38.78,0.06
682810,0.43,0.96,49.4,38.78,0.08
682850,0.45,0.96,49.4,38.79,0.08
683010,0.29,0.92,49.4,38.79,0.08
683030,0.31,0.93,49.4,38.79,0.08
683120,0.44,0.93,49.4,38.79,0.06
683140,0.46,0.93,49.4,38.79,0.06
683270,0.37,0.92,49.41,38.79,0.07
683330,0.34,0.92,49.41,38.79,0.09
683620,0.34,0.93,49.42,38.8,0.08
683820,0.35,0.93,49.42,38.8,0.04
683910,0.27,0.93,49.42,38.8,0.05
683920,0.28,0.93,49.42,38.8,0.05
684000,0.39,0.94,49.42,38.8,0.06
684130,0.49,0.96,49.42,38.81,0.05
684350,0.37,0.97,49.43,38.81,0.06
684360,0.47,0.97,49.43,38.81,0.08
684520,0.37,0.91,49.44,38.81,0.1
684760,0.31,0.94,49.44,38.81,0.08
684790,0.32,0.93,49.44,38.82,0.05
684850,0.34,0.92,49.44,38.82,0.05
685060,0.36,0.92,49.44,38.82,0.08
685080,0.3,0.92,49.44,38.82,0.08
685140,0.26,0.92,49.45,38.82,0.06
685190,0.23,0.91,49.45,38.82,0.06
685230,0.26,0.91,49.45,38.82,0.04
685380,0.18,0.9,49.45,38.82,0.04
685400,0.2,0.9,49.45,38.82,0.04
685440,0.21,0.91,49.45,38.82,0.05
685600,0.22,0.91,49.45,38.83,0.07
685840,0.25,0.91,49.45,38.83,0.04
685880,0.22,0.91,49.45,38.83,0.05
685900,0.24,0.91,49.45,38.83,0.05
685910,0.28,0.91,49.45,38.83,0.05
685970,0.21,0.91,49.45,38.83,0.05
686050,0.23,0.92,49.45,38.83,0.04
686060,0.23,0.92,49.45,38.83,0.04
686130,0.29,0.94,49.46,38.83,0.04
686150,0.32,0.95,49.46,38.83,0.04
686240,0.27,0.94,49.46,38.83,0.05
686270,0.27,0.94,49.46,38.83,0.05
686320,0.24,0.95,49.46,38.83,0.07
686420,0.24,0.95,49.46,38.83,0.04
686470,0.25,0.93,49.46,38.84,0.05
686560,0.2,0.93,49.46,38.84,0.05
686770,0.24,0.94,49.46,38.84,0.04
686930,0.17,0.93,49.46,38.84,0.05
686950,0.21,0.93,49.46,38.84,0.04
687000,0.17,0.93,49.46,38.84,0.04
687050,0.18,0.93,49.47,38.84,0.04
687130,0.22,0.93,49.47,38.84,0.04
687220,0.22,0.93,49.47,38.84,0.05
687250,0.2,0.94,49.47,38.84,0.04
687290,0.21,0.95,49.47,38.84,0.04
687330,0.21,0.95,49.47,38.84,0.04
687390,0.26,0.95,49.47,38.85,0.04
687420,0.23,0.95,49.47,38.85,0.04
687470,0.35,0.95,49.47,38.85,0.04
687490,0.28,0.95,49.47,38.85,0.04
687500,0.25,0.95,49.47,38.85,0.04
687510,0.24,0.95,49.47,38.85,0.04
687560,0.21,0.94,49.47,38.85,0.05
687650,0.22,0.94,49.47,38.85,0.03
687700,0.28,0.95,49.47,38.85,0.04
687790,0.25,0.96,49.47,38.85,0.04
687840,0.23,0.95,49.47,38.85,0.09
687930,0.21,0.95,49.48,38.85,0.04
688200,0.25,0.95,49.48,38.85,0.04
688490,0.22,0.94,49.49,38.86,0.04
688580,0.27,0.95,49.49,38.86,0.05
688690,0.39,0.96,49.49,38.86,0.07
688790,0.33,0.95,49.49,38.86,0.06
688860,0.27,0.95,49.49,38.86,0.06
689070,0.24,0.95,49.5,38.87,0.06
689110,0.3,0.95,49.5,38.87,0.05
689230,0.23,0.95,49.5,38.87,0.04
689340,0.17,0.95,49.5,38.87,0.04
689350,0.17,0.95,49.5,38.87,0.04
689410,0.24,0.95,49.5,38.87,0.04
689440,0.26,0.96,49.5,38.87,0.04
689480,0.23,0.95,49.5,38.87,0.05
689870,0.28,0.96,49.51,38.87,0.04
690070,0.23,0.96,49.51,38.88,0.04
690120,0.18,0.94,49.51,38.88,0.05
690150,0.18,0.96,49.51,38.88,0.05
690160,0.19,0.96,49.51,38.88,0.05
690240,0.17,0.95,49.51,38.88,0.04
690360,0.15,0.95,49.51,38.88,0.04
690480,0.13,0.95,49.51,38.88,0.03
690490,0.14,0.95,49.51,38.88,0.03
690500,0.14,0.95,49.51,38.88,0.03
690660,0.17,0.96,49.51,38.88,0.04
690850,0.2,0.97,49.51,38.88,0.12
690880,0.21,0.96,49.52,38.88,0.12
690930,0.17,0.96,49.52,38.88,0.03
690940,0.17,0.96,49.52,38.88,0.03
691020,0.21,0.96,49.52,38.89,0.05
691040,0.23,0.97,49.52,38.89,0.05
691070,0.22,0.97,49.52,38.89,0.05
