time_stamp,cpu_util_percent,mem_util_percent,net_in,net_out,disk_io_percent
20,0.18,0.89,8.57,6.7,0.03
60,0.13,0.89,8.58,6.7,0.05
170,0.14,0.89,8.58,6.7,0.03
340,0.18,0.89,8.58,6.7,0.05
370,0.28,0.91,8.58,6.7,0.04
490,0.41,0.92,8.58,6.7,0.09
620,0.35,0.92,8.58,6.7,0.06
630,0.32,0.9,8.58,6.7,0.06
680,0.29,0.88,8.58,6.71,0.1
700,0.27,0.88,8.58,6.71,0.1
730,0.28,0.88,8.59,6.71,0.06
750,0.31,0.9,8.59,6.71,0.06
920,0.25,0.87,8.59,6.71,0.06
930,0.35,0.87,8.59,6.71,0.06
1050,0.44,0.89,8.59,6.71,0.07
1150,0.41,0.9,8.59,6.71,0.05
1190,0.42,0.93,8.59,6.71,0.05
1320,0.34,0.93,8.6,6.71,0.04
1680,0.34,0.93,8.6,6.72,0.03
1720,0.33,0.9,8.6,6.72,0.03
1730,0.29,0.91,8.6,6.72,0.03
1750,0.31,0.92,8.6,6.72,0.05
1920,0.27,0.9,8.61,6.72,0.04
1970,0.23,0.88,8.61,6.72,0.04
2100,0.25,0.87,8.61,6.72,0.03
2320,0.21,0.83,8.61,6.73,0.06
2330,0.19,0.82,8.61,6.73,0.06
2590,0.29,0.87,8.61,6.73,0.12
2640,0.26,0.87,8.62,6.73,0.17
3180,0.28,0.86,8.62,6.74,0.03
3190,0.24,0.85,8.62,6.74,0.03
3480,0.2,0.86,8.63,6.74,0.03
3510,0.2,0.86,8.63,6.74,0.03
6580,0.28,0.86,8.67,6.77,0.04
6590,0.27,0.87,8.67,6.77,0.04
6600,0.28,0.87,8.67,6.78,0.03
6610,0.31,0.87,8.67,6.78,0.03
6720,0.29,0.84,8.68,6.78,0.03
6740,0.3,0.84,8.68,6.78,0.03
6850,0.3,0.84,8.68,6.78,0.05
7160,0.23,0.84,8.68,6.78,0.07
7280,0.32,0.83,8.68,6.78,0.07
7510,0.26,0.83,8.69,6.79,0.1
7560,0.31,0.84,8.69,6.79,0.04
7620,0.28,0.84,8.69,6.79,0.08
7670,0.24,0.84,8.69,6.79,0.08
7750,0.28,0.83,8.69,6.79,0.06
7830,0.3,0.83,8.7,6.79,0.11
7930,0.54,0.89,8.7,6.79,0.15
8110,0.43,0.83,8.7,6.8,0.06
8180,0.42,0.84,8.7,6.8,0.1
8190,0.44,0.85,8.7,6.8,0.1
8210,0.4,0.84,8.7,6.8,0.1
8280,0.47,0.82,8.71,6.8,0.06
8310,0.4,0.82,8.71,6.8,0.06
24130,0.59,0.94,9.03,6.99,0.09
24140,0.61,0.93,9.03,6.99,0.09
24260,0.52,0.93,9.03,6.99,0.05
24320,0.47,0.94,9.03,6.99,0.06
24390,0.51,0.95,9.03,6.99,0.06
24410,0.48,0.94,9.04,6.99,0.06
24430,0.49,0.94,9.04,6.99,0.09
24460,0.5,0.92,9.04,6.99,0.09
25000,0.45,0.87,9.05,7.0,0.16
25020,0.49,0.88,9.05,7.0,0.2
25070,0.5,0.89,9.05,7.0,0.2
25180,0.35,0.85,9.06,7.0,0.1
25200,0.34,0.86,9.06,7.0,0.08
25240,0.31,0.85,9.06,7.0,0.08
29980,0.44,0.9,9.16,7.08,0.11
30020,0.39,0.89,9.16,7.08,0.11
30040,0.42,0.89,9.16,7.09,0.11
30050,0.41,0.89,9.16,7.09,0.11
30060,0.41,0.89,9.16,7.09,0.13
30090,0.4,0.89,9.16,7.09,0.13
30120,0.37,0.88,9.16,7.09,0.06
30250,0.48,0.87,9.16,7.09,0.06
30270,0.49,0.87,9.16,7.09,0.06
30290,0.52,0.89,9.16,7.09,0.06
30460,0.52,0.84,9.16,7.09,0.15
30480,0.54,0.85,9.16,7.09,0.06
30640,0.5,0.85,9.17,7.09,0.06
30700,0.49,0.85,9.17,7.1,0.06
30710,0.46,0.83,9.17,7.1,0.06
30940,0.33,0.83,9.17,7.1,0.04
30950,0.32,0.83,9.17,7.1,0.04
31020,0.36,0.85,9.17,7.1,0.08
31300,0.4,0.85,9.18,7.1,0.05
31460,0.35,0.84,9.18,7.11,0.05
31550,0.47,0.86,9.18,7.11,0.05
31600,0.64,0.86,9.18,7.11,0.06
31640,0.54,0.86,9.18,7.11,0.1
31750,0.39,0.84,9.18,7.11,0.04
31780,0.4,0.84,9.18,7.11,0.04
31830,0.43,0.83,9.19,7.11,0.05
31920,0.42,0.84,9.19,7.11,0.05
31990,0.45,0.85,9.19,7.11,0.03
32140,0.45,0.88,9.19,7.12,0.05
32290,0.43,0.87,9.19,7.12,0.04
32370,0.39,0.86,9.19,7.12,0.03
32380,0.39,0.86,9.19,7.12,0.03
32700,0.56,0.87,9.2,7.13,0.09
32750,0.54,0.83,9.2,7.13,0.09
33040,0.44,0.85,9.2,7.13,0.03
33060,0.46,0.86,9.2,7.13,0.03
33160,0.51,0.86,9.21,7.13,0.05
33320,0.43,0.86,9.21,7.14,0.05
33340,0.45,0.86,9.21,7.14,0.05
33410,0.38,0.86,9.21,7.14,0.05
33590,0.36,0.86,9.21,7.14,0.05
34280,0.45,0.86,9.22,7.15,0.08
34550,0.42,0.84,9.23,7.15,0.03
34660,0.43,0.85,9.23,7.16,0.04
34770,0.39,0.83,9.23,7.16,0.06
34820,0.4,0.84,9.23,7.16,0.04
34870,0.49,0.84,9.23,7.16,0.07
34890,0.45,0.84,9.23,7.16,0.07
34910,0.42,0.84,9.24,7.16,0.07
34940,0.45,0.83,9.24,7.16,0.06
35180,0.51,0.86,9.24,7.16,0.04
35220,0.57,0.87,9.24,7.16,0.09
35300,0.48,0.87,9.24,7.17,0.05
35450,0.45,0.86,9.25,7.17,0.04
35460,0.43,0.86,9.25,7.17,0.06
35500,0.45,0.86,9.25,7.17,0.06
35590,0.56,0.87,9.25,7.17,0.07
35640,0.42,0.86,9.25,7.17,0.04
35710,0.47,0.86,9.25,7.17,0.06
35780,0.47,0.87,9.25,7.17,0.04
35790,0.52,0.87,9.25,7.17,0.04
35810,0.43,0.86,9.25,7.17,0.04
36140,0.48,0.89,9.26,7.18,0.06
36320,0.45,0.88,9.26,7.18,0.06
36350,0.47,0.87,9.26,7.18,0.06
36440,0.47,0.86,9.26,7.19,0.06
36560,0.51,0.88,9.27,7.19,0.07
36640,0.59,0.89,9.27,7.19,0.07
37000,0.53,0.88,9.28,7.2,0.07
37030,0.45,0.89,9.28,7.2,0.07
37060,0.41,0.89,9.28,7.2,0.07
37120,0.46,0.9,9.28,7.2,0.04
37170,0.42,0.89,9.28,7.2,0.05
37330,0.6,0.9,9.28,7.2,0.06
37440,0.38,0.88,9.28,7.2,0.04
37580,0.49,0.88,9.29,7.21,0.04
37800,0.36,0.87,9.29,7.21,0.03
37820,0.37,0.87,9.29,7.21,0.03
37830,0.39,0.88,9.29,7.21,0.03
37860,0.37,0.89,9.29,7.21,0.04
38200,0.37,0.87,9.3,7.22,0.04
38310,0.33,0.85,9.3,7.22,0.03
38370,0.36,0.85,9.3,7.22,0.03
38490,0.33,0.86,9.3,7.22,0.03
38520,0.34,0.86,9.3,7.22,0.05
38530,0.36,0.86,9.3,7.22,0.05
38640,0.4,0.87,9.3,7.22,0.05
38720,0.37,0.87,9.31,7.22,0.04
39450,0.31,0.85,9.32,7.23,0.03
39490,0.31,0.86,9.32,7.23,0.04
39580,0.3,0.85,9.32,7.24,0.07
39590,0.31,0.85,9.32,7.24,0.07
39750,0.36,0.88,9.32,7.24,0.04
39760,0.39,0.88,9.32,7.24,0.04
41240,0.46,0.89,9.35,7.27,0.05
41290,0.49,0.89,9.35,7.27,0.05
41520,0.42,0.89,9.35,7.27,0.05
41840,0.33,0.88,9.36,7.28,0.05
41860,0.36,0.88,9.36,7.28,0.05
41970,0.31,0.87,9.36,7.28,0.03
42010,0.35,0.87,9.36,7.28,0.06
42020,0.3,0.87,9.36,7.28,0.06
42100,0.31,0.87,9.36,7.28,0.05
42150,0.35,0.87,9.36,7.28,0.07
42370,0.34,0.88,9.37,7.29,0.06
42510,0.35,0.87,9.37,7.29,0.04
42600,0.4,0.87,9.37,7.29,0.05
42620,0.39,0.88,9.37,7.29,0.05
42760,0.46,0.87,9.37,7.29,0.09
42770,0.43,0.87,9.38,7.29,0.09
42920,0.31,0.85,9.38,7.3,0.08
42970,0.43,0.87,9.38,7.3,0.05
43160,0.48,0.89,9.38,7.3,0.1
43230,0.41,0.88,9.38,7.3,0.15
43290,0.42,0.88,9.38,7.3,0.14
43350,0.43,0.88,9.39,7.3,0.17
43360,0.44,0.87,9.39,7.3,0.17
43430,0.54,0.89,9.39,7.3,0.13
43450,0.56,0.89,9.39,7.31,0.12
43460,0.5,0.88,9.39,7.31,0.12
43510,0.43,0.88,9.39,7.31,0.16
43610,0.4,0.89,9.39,7.31,0.05
43790,0.43,0.89,9.39,7.31,0.07
43930,0.49,0.93,9.4,7.31,0.09
43940,0.44,0.92,9.4,7.31,0.09
44030,0.48,0.95,9.4,7.31,0.14
44050,0.51,0.96,9.4,7.32,0.1
44130,0.43,0.93,9.4,7.32,0.08
44150,0.43,0.92,9.4,7.32,0.08
44200,0.43,0.93,9.4,7.32,0.07
44290,0.41,0.92,9.4,7.32,0.04
44380,0.45,0.9,9.4,7.32,0.05
44410,0.52,0.91,9.4,7.32,0.06
44450,0.45,0.9,9.41,7.32,0.06
44460,0.46,0.88,9.41,7.32,0.06
44510,0.43,0.89,9.41,7.32,0.06
44590,0.4,0.88,9.41,7.33,0.03
44600,0.37,0.88,9.41,7.33,0.03
44650,0.38,0.89,9.41,7.33,0.03
44990,0.33,0.88,9.42,7.33,0.06
45020,0.35,0.88,9.42,7.33,0.04
45070,0.37,0.89,9.42,7.33,0.05
45250,0.35,0.88,9.42,7.34,0.04
45270,0.34,0.89,9.42,7.34,0.04
48670,0.47,0.91,9.47,7.39,0.05
48930,0.42,0.9,9.48,7.39,0.04
49310,0.52,0.9,9.48,7.4,0.04
49480,0.3,0.88,9.49,7.4,0.06
49500,0.32,0.88,9.49,7.4,0.04
49520,0.38,0.89,9.49,7.4,0.04
49930,0.4,0.92,9.5,7.41,0.04
49970,0.38,0.93,9.5,7.41,0.04
50000,0.37,0.93,9.5,7.41,0.03
50020,0.35,0.92,9.5,7.41,0.03
50040,0.33,0.92,9.5,7.41,0.04
50110,0.45,0.91,9.5,7.41,0.04
50180,0.32,0.89,9.5,7.41,0.03
50320,0.31,0.89,9.5,7.41,0.04
50370,0.36,0.88,9.5,7.41,0.06
50450,0.46,0.89,9.5,7.41,0.07
50790,0.35,0.88,9.51,7.42,0.07
50820,0.36,0.89,9.51,7.42,0.06
50840,0.34,0.88,9.51,7.42,0.06
50860,0.4,0.89,9.51,7.42,0.06
51050,0.45,0.88,9.52,7.43,0.07
51090,0.45,0.89,9.52,7.43,0.04
51130,0.46,0.88,9.52,7.43,0.05
51150,0.44,0.88,9.52,7.43,0.05
51270,0.32,0.87,9.52,7.43,0.06
51580,0.34,0.88,9.53,7.43,0.04
51770,0.41,0.9,9.53,7.44,0.06
51900,0.4,0.89,9.53,7.44,0.04
52140,0.36,0.88,9.54,7.44,0.06
52170,0.32,0.89,9.54,7.44,0.06
52270,0.42,0.91,9.54,7.44,0.05
52450,0.55,0.92,9.54,7.45,0.06
52460,0.53,0.92,9.54,7.45,0.06
52490,0.54,0.92,9.54,7.45,0.06
52500,0.57,0.93,9.54,7.45,0.06
52970,0.57,0.91,9.55,7.45,0.05
53030,0.55,0.9,9.55,7.46,0.05
53240,0.52,0.89,9.56,7.46,0.05
53290,0.56,0.91,9.56,7.46,0.04
53530,0.48,0.9,9.56,7.46,0.06
53650,0.49,0.91,9.56,7.46,0.04
53760,0.35,0.91,9.56,7.47,0.07
53920,0.34,0.92,9.57,7.47,0.06
54000,0.34,0.93,9.57,7.47,0.04
54280,0.39,0.95,9.57,7.47,0.06
54840,0.56,0.93,9.58,7.48,0.05
54870,0.59,0.95,9.58,7.48,0.05
55110,0.27,0.94,9.58,7.48,0.04
55120,0.28,0.93,9.59,7.48,0.04
55180,0.37,0.95,9.59,7.48,0.04
55320,0.35,0.96,9.59,7.49,0.06
55340,0.34,0.96,9.59,7.49,0.06
55430,0.34,0.93,9.59,7.49,0.06
55460,0.33,0.92,9.59,7.49,0.06
55470,0.33,0.93,9.59,7.49,0.06
55540,0.34,0.93,9.59,7.49,0.07
55550,0.33,0.93,9.59,7.49,0.07
55600,0.37,0.95,9.59,7.49,0.04
55620,0.35,0.95,9.59,7.49,0.04
55650,0.32,0.94,9.59,7.49,0.04
55690,0.4,0.95,9.6,7.49,0.06
55780,0.46,0.95,9.6,7.5,0.09
55800,0.32,0.95,9.6,7.5,0.07
55940,0.31,0.95,9.6,7.5,0.06
55980,0.33,0.94,9.6,7.5,0.04
56020,0.32,0.94,9.6,7.5,0.04
56340,0.34,0.92,9.61,7.5,0.08
56400,0.38,0.92,9.61,7.5,0.07
56450,0.4,0.93,9.61,7.51,0.07
56580,0.36,0.93,9.61,7.51,0.06
56650,0.4,0.94,9.61,7.51,0.06
57180,0.5,0.96,9.62,7.52,0.1
57250,0.49,0.95,9.62,7.52,0.07
57270,0.36,0.94,9.63,7.52,0.07
57300,0.5,0.95,9.63,7.52,0.05
57320,0.47,0.94,9.63,7.52,0.05
57330,0.39,0.93,9.63,7.52,0.05
57340,0.35,0.93,9.63,7.52,0.05
57450,0.39,0.94,9.63,7.52,0.08
57500,0.38,0.92,9.63,7.52,0.06
57510,0.36,0.92,9.63,7.52,0.06
57560,0.36,0.92,9.63,7.52,0.04
57680,0.34,0.92,9.63,7.52,0.04
57770,0.39,0.92,9.63,7.53,0.04
58030,0.32,0.92,9.64,7.53,0.05
58200,0.41,0.96,9.64,7.53,0.07
58300,0.39,0.94,9.64,7.53,0.06
58330,0.41,0.95,9.64,7.53,0.06
58530,0.5,0.95,9.65,7.54,0.06
58670,0.59,0.96,9.65,7.54,0.08
58700,0.49,0.97,9.65,7.54,0.08
58710,0.51,0.97,9.65,7.54,0.08
58850,0.37,0.92,9.65,7.54,0.05
58890,0.36,0.9,9.65,7.54,0.07
58900,0.39,0.91,9.65,7.54,0.07
59120,0.5,0.92,9.66,7.55,0.07
59170,0.47,0.91,9.66,7.55,0.07
59210,0.53,0.91,9.66,7.55,0.07
59330,0.4,0.9,9.66,7.55,0.12
59350,0.42,0.9,9.66,7.55,0.04
59480,0.42,0.91,9.66,7.55,0.06
59500,0.39,0.91,9.66,7.55,0.06
59620,0.46,0.92,9.67,7.55,0.06
59750,0.38,0.91,9.67,7.56,0.07
59880,0.53,0.92,9.67,7.56,0.06
59920,0.33,0.91,9.67,7.56,0.06
59960,0.34,0.91,9.67,7.56,0.07
59970,0.3,0.91,9.67,7.56,0.07
60000,0.29,0.91,9.67,7.56,0.05
60020,0.33,0.92,9.67,7.56,0.05
60060,0.32,0.92,9.68,7.56,0.05
60110,0.33,0.92,9.68,7.56,0.05
61670,0.37,0.96,9.7,7.58,0.08
61680,0.38,0.96,9.7,7.58,0.05
61690,0.43,0.96,9.7,7.58,0.05
61720,0.37,0.96,9.7,7.58,0.05
61760,0.36,0.96,9.7,7.58,0.08
61830,0.37,0.91,9.7,7.58,0.05
61890,0.37,0.92,9.7,7.59,0.06
62720,0.34,0.91,9.72,7.6,0.05
63080,0.33,0.9,9.72,7.6,0.04
63170,0.31,0.89,9.73,7.6,0.07
63190,0.31,0.88,9.73,7.6,0.04
63290,0.34,0.9,9.73,7.6,0.07
63370,0.43,0.89,9.73,7.61,0.04
63390,0.39,0.9,9.73,7.61,0.04
63580,0.43,0.93,9.73,7.61,0.12
63670,0.52,0.92,9.74,7.61,0.1
63680,0.43,0.91,9.74,7.61,0.1
63720,0.36,0.91,9.74,7.61,0.12
63760,0.42,0.91,9.74,7.61,0.12
63790,0.39,0.91,9.74,7.61,0.07
63830,0.37,0.92,9.74,7.61,0.07
63840,0.37,0.92,9.74,7.61,0.08
64100,0.44,0.92,9.74,7.62,0.11
64130,0.33,0.92,9.74,7.62,0.11
64170,0.51,0.93,9.74,7.62,0.07
64370,0.35,0.93,9.75,7.62,0.05
64500,0.32,0.91,9.75,7.62,0.05
64560,0.29,0.91,9.75,7.62,0.04
64590,0.29,0.91,9.75,7.62,0.04
64730,0.28,0.92,9.75,7.63,0.05
64960,0.51,0.96,9.76,7.63,0.05
64990,0.5,0.97,9.76,7.63,0.04
65290,0.56,0.94,9.76,7.63,0.12
65300,0.56,0.95,9.76,7.64,0.12
65310,0.56,0.95,9.76,7.64,0.12
65330,0.6,0.96,9.77,7.64,0.12
65340,0.67,0.95,9.77,7.64,0.1
65380,0.57,0.96,9.77,7.64,0.1
65440,0.43,0.95,9.77,7.64,0.1
65530,0.41,0.94,9.77,7.64,0.05
65540,0.61,0.95,9.77,7.64,0.05
65670,0.6,0.94,9.77,7.64,0.05
65750,0.57,0.93,9.77,7.64,0.06
65920,0.51,0.92,9.78,7.64,0.04
65980,0.57,0.92,9.78,7.64,0.05
66090,0.56,0.91,9.78,7.65,0.03
66350,0.52,0.93,9.78,7.65,0.04
66770,0.57,0.93,9.79,7.65,0.06
66890,0.61,0.94,9.79,7.66,0.04
66940,0.56,0.94,9.79,7.66,0.07
66960,0.5,0.93,9.79,7.66,0.06
66970,0.57,0.92,9.79,7.66,0.06
66990,0.54,0.93,9.79,7.66,0.06
67170,0.5,0.91,9.79,7.66,0.03
67190,0.5,0.92,9.79,7.66,0.03
67340,0.58,0.91,9.8,7.66,0.05
67480,0.58,0.91,9.8,7.66,0.04
67550,0.58,0.91,9.8,7.66,0.04
67620,0.62,0.9,9.8,7.66,0.06
67680,0.59,0.91,9.8,7.67,0.04
67780,0.62,0.93,9.8,7.67,0.04
67830,0.57,0.92,9.8,7.67,0.05
67870,0.63,0.91,9.8,7.67,0.05
67900,0.54,0.91,9.8,7.67,0.05
67910,0.56,0.9,9.8,7.67,0.05
67960,0.58,0.92,9.8,7.67,0.04
67970,0.5,0.91,9.8,7.67,0.04
68000,0.48,0.92,9.8,7.67,0.05
68040,0.54,0.92,9.8,7.67,0.06
68050,0.59,0.92,9.8,7.67,0.06
68100,0.57,0.92,9.8,7.67,0.04
68120,0.55,0.92,9.8,7.67,0.04
68140,0.6,0.93,9.8,7.67,0.04
68210,0.6,0.91,9.81,7.67,0.03
68230,0.6,0.92,9.81,7.67,0.06
68630,0.48,0.91,9.81,7.68,0.09
68720,0.53,0.92,9.81,7.68,0.12
68800,0.61,0.93,9.81,7.68,0.12
68820,0.56,0.94,9.81,7.68,0.13
69080,0.4,0.94,9.82,7.68,0.08
69100,0.46,0.95,9.82,7.68,0.08
69120,0.46,0.95,9.82,7.68,0.04
69260,0.55,0.91,9.82,7.68,0.04
69430,0.53,0.93,9.82,7.69,0.05
69460,0.6,0.93,9.83,7.69,0.05
69560,0.6,0.93,9.83,7.69,0.04
69570,0.57,0.93,9.83,7.69,0.04
69600,0.57,0.92,9.83,7.69,0.04
69830,0.57,0.94,9.84,7.7,0.04
69870,0.59,0.95,9.84,7.7,0.05
69900,0.61,0.94,9.84,7.7,0.04
69920,0.57,0.94,9.84,7.7,0.04
70140,0.55,0.93,9.85,7.71,0.04
70210,0.63,0.93,9.85,7.72,0.04
70240,0.59,0.94,9.85,7.72,0.04
70260,0.53,0.94,9.85,7.72,0.04
70690,0.61,0.93,9.87,7.73,0.06
70700,0.55,0.93,9.87,7.73,0.06
70750,0.58,0.93,9.87,7.74,0.05
70860,0.47,0.94,9.87,7.74,0.11
70870,0.53,0.93,9.87,7.74,0.11
70890,0.53,0.93,9.87,7.74,0.11
70910,0.55,0.94,9.87,7.74,0.11
71150,0.58,0.93,9.88,7.75,0.03
71270,0.64,0.93,9.88,7.75,0.03
71310,0.59,0.93,9.89,7.76,0.03
71480,0.57,0.92,9.89,7.76,0.04
71650,0.58,0.92,9.9,7.77,0.04
71660,0.59,0.93,9.9,7.77,0.04
71700,0.52,0.93,9.9,7.77,0.05
71850,0.58,0.94,9.9,7.77,0.05
71980,0.58,0.94,9.91,7.78,0.04
72000,0.6,0.96,9.91,7.78,0.05
72080,0.56,0.94,9.91,7.78,0.06
72100,0.56,0.95,9.91,7.78,0.06
72230,0.67,0.95,9.91,7.78,0.06
72370,0.56,0.95,9.91,7.78,0.06
72410,0.55,0.95,9.91,7.78,0.06
72440,0.56,0.95,9.92,7.79,0.04
72450,0.55,0.95,9.92,7.79,0.04
72490,0.58,0.95,9.92,7.79,0.05
72510,0.5,0.95,9.92,7.79,0.05
72540,0.57,0.95,9.92,7.79,0.04
72560,0.55,0.95,9.92,7.79,0.04
72730,0.59,0.94,9.92,7.79,0.03
73080,0.36,0.95,9.93,7.79,0.04
73090,0.38,0.94,9.93,7.79,0.04
73220,0.24,0.93,9.93,7.79,0.04
73300,0.38,0.94,9.93,7.8,0.04
73310,0.38,0.94,9.93,7.8,0.04
73440,0.4,0.95,9.93,7.8,0.04
73500,0.39,0.95,9.93,7.8,0.06
73570,0.39,0.96,9.93,7.8,0.06
73580,0.37,0.96,9.93,7.8,0.06
73650,0.33,0.93,9.94,7.8,0.04
73680,0.35,0.93,9.94,7.8,0.05
73890,0.51,0.94,9.94,7.8,0.05
73910,0.41,0.94,9.94,7.8,0.05
74080,0.37,0.92,9.94,7.81,0.04
74110,0.37,0.92,9.94,7.81,0.04
79330,0.38,0.96,10.1,7.96,0.04
79390,0.33,0.93,10.1,7.96,0.06
79500,0.54,0.94,10.1,7.97,0.05
79670,0.3,0.94,10.11,7.97,0.05
79800,0.24,0.93,10.11,7.98,0.03
79880,0.22,0.92,10.11,7.98,0.03
79920,0.23,0.92,10.11,7.98,0.03
80010,0.25,0.93,10.12,7.98,0.03
80160,0.38,0.94,10.12,7.99,0.03
80220,0.26,0.93,10.12,7.99,0.03
80260,0.27,0.93,10.12,7.99,0.03
80350,0.26,0.93,10.13,7.99,0.03
80810,0.23,0.92,10.14,8.01,0.03
80920,0.22,0.92,10.14,8.02,0.03
80940,0.2,0.92,10.14,8.02,0.04
80970,0.2,0.92,10.15,8.02,0.04
80990,0.21,0.92,10.15,8.02,0.04
81060,0.23,0.92,10.15,8.02,0.04
81200,0.23,0.93,10.15,8.03,0.03
81330,0.2,0.93,10.16,8.03,0.04
81540,0.22,0.93,10.17,8.04,0.04
81630,0.24,0.93,10.17,8.04,0.04
84070,0.28,0.92,10.25,8.13,0.04
84110,0.2,0.91,10.25,8.13,0.04
84170,0.21,0.91,10.25,8.14,0.04
84450,0.17,0.91,10.26,8.14,0.03
84540,0.18,0.91,10.26,8.14,0.03
84570,0.18,0.92,10.26,8.14,0.03
84630,0.24,0.92,10.26,8.14,0.03
84770,0.21,0.92,10.26,8.14,0.04
84850,0.22,0.93,10.26,8.15,0.03
84910,0.25,0.92,10.26,8.15,0.03
84980,0.17,0.92,10.26,8.15,0.03
85210,0.21,0.92,10.27,8.15,0.02
85240,0.2,0.92,10.27,8.15,0.02
85250,0.21,0.92,10.27,8.15,0.02
85330,0.17,0.91,10.27,8.15,0.05
85500,0.22,0.94,10.27,8.15,0.03
85520,0.21,0.92,10.27,8.15,0.03
85710,0.25,0.95,10.27,8.15,0.04
85780,0.18,0.92,10.27,8.15,0.05
85830,0.17,0.92,10.27,8.15,0.04
85910,0.16,0.91,10.27,8.15,0.03
85930,0.18,0.92,10.27,8.16,0.04
86360,0.18,0.93,10.28,8.16,0.03
86370,0.18,0.93,10.28,8.16,0.03
86450,0.19,0.91,10.28,8.16,0.02
86460,0.18,0.91,10.28,8.16,0.03
86610,0.17,0.91,10.28,8.16,0.04
86690,0.4,0.94,10.28,8.16,0.03
86750,0.29,0.94,10.28,8.16,0.03
86790,0.27,0.94,10.28,8.16,0.03
86860,0.43,0.97,10.28,8.16,0.05
86970,0.43,0.95,10.29,8.16,0.07
87080,0.34,0.93,10.29,8.17,0.1
87180,0.35,0.94,10.29,8.17,0.09
87340,0.42,0.93,10.29,8.17,0.05
87400,0.34,0.93,10.29,8.17,0.05
87460,0.33,0.92,10.3,8.18,0.05
87530,0.34,0.94,10.3,8.18,0.04
87550,0.37,0.94,10.3,8.18,0.04
87650,0.41,0.93,10.3,8.18,0.06
87790,0.33,0.94,10.3,8.18,0.04
88060,0.33,0.96,10.31,8.18,0.03
88320,0.47,0.95,10.31,8.19,0.05
88340,0.36,0.92,10.31,8.19,0.05
88370,0.28,0.91,10.31,8.19,0.05
88630,0.42,0.9,10.31,8.19,0.04
88720,0.29,0.91,10.32,8.19,0.06
88810,0.33,0.91,10.32,8.19,0.04
88930,0.29,0.91,10.32,8.19,0.03
89180,0.28,0.89,10.32,8.2,0.03
89360,0.41,0.91,10.33,8.2,0.04
89370,0.44,0.91,10.33,8.2,0.04
89400,0.39,0.92,10.33,8.2,0.08
89410,0.46,0.92,10.33,8.2,0.08
89540,0.27,0.89,10.33,8.21,0.04
90030,0.34,0.96,10.34,8.21,0.04
90040,0.36,0.96,10.34,8.21,0.04
90270,0.35,0.96,10.34,8.21,0.05
90310,0.37,0.93,10.34,8.21,0.04
90440,0.29,0.9,10.35,8.22,0.03
90480,0.29,0.9,10.35,8.22,0.03
90620,0.22,0.86,10.35,8.22,0.03
90630,0.21,0.86,10.35,8.22,0.03
90660,0.24,0.87,10.35,8.22,0.03
90750,0.25,0.89,10.35,8.22,0.02
90880,0.37,0.93,10.35,8.22,0.04
90920,0.31,0.93,10.35,8.22,0.04
90960,0.33,0.93,10.35,8.22,0.04
91060,0.54,0.96,10.36,8.22,0.04
91410,0.31,0.86,10.36,8.23,0.03
91430,0.33,0.87,10.36,8.23,0.03
91490,0.31,0.87,10.37,8.24,0.04
91800,0.3,0.86,10.38,8.25,0.05
92010,0.38,0.89,10.39,8.26,0.04
92190,0.44,0.92,10.39,8.26,0.05
92220,0.43,0.88,10.4,8.26,0.1
92290,0.37,0.88,10.4,8.27,0.03
92350,0.54,0.92,10.4,8.27,0.05
92460,0.45,0.95,10.4,8.27,0.06
92470,0.44,0.94,10.4,8.27,0.06
92690,0.29,0.88,10.41,8.28,0.05
92760,0.33,0.88,10.42,8.29,0.07
92800,0.33,0.88,10.42,8.29,0.07
92980,0.31,0.9,10.42,8.3,0.03
93000,0.29,0.9,10.43,8.3,0.03
93030,0.34,0.91,10.43,8.3,0.03
93140,0.39,0.9,10.43,8.3,0.04
93300,0.34,0.89,10.44,8.31,0.04
93480,0.33,0.88,10.45,8.32,0.03
93490,0.35,0.88,10.45,8.32,0.03
93510,0.35,0.88,10.45,8.32,0.03
93630,0.3,0.89,10.45,8.32,0.03
93880,0.3,0.89,10.46,8.33,0.03
93970,0.29,0.89,10.47,8.34,0.03
94120,0.32,0.89,10.47,8.34,0.07
94150,0.35,0.9,10.47,8.34,0.04
94340,0.49,0.88,10.48,8.35,0.16
94460,0.36,0.89,10.49,8.36,0.05
94540,0.32,0.9,10.49,8.36,0.05
94600,0.33,0.91,10.49,8.36,0.03
94640,0.34,0.91,10.49,8.36,0.05
95190,0.39,0.93,10.52,8.39,0.05
95360,0.42,0.93,10.52,8.4,0.05
95450,0.45,0.94,10.53,8.4,0.04
95460,0.41,0.95,10.53,8.4,0.04
95470,0.44,0.95,10.53,8.4,0.04
95560,0.46,0.93,10.53,8.4,0.04
95600,0.37,0.92,10.53,8.41,0.04
95650,0.43,0.92,10.54,8.41,0.03
96020,0.3,0.92,10.55,8.42,0.04
96050,0.3,0.89,10.55,8.42,0.04
96140,0.36,0.9,10.56,8.43,0.04
96240,0.39,0.91,10.56,8.43,0.05
96300,0.41,0.92,10.56,8.43,0.03
96490,0.36,0.9,10.57,8.44,0.04
96600,0.36,0.9,10.58,8.45,0.06
96750,0.38,0.88,10.58,8.45,0.05
96830,0.35,0.88,10.58,8.45,0.05
96840,0.43,0.89,10.58,8.46,0.04
96870,0.33,0.89,10.59,8.46,0.04
96880,0.36,0.88,10.59,8.46,0.04
96940,0.3,0.89,10.59,8.46,0.04
96990,0.26,0.89,10.59,8.46,0.02
97120,0.28,0.91,10.6,8.47,0.03
97150,0.36,0.9,10.6,8.47,0.03
97350,0.32,0.93,10.61,8.48,0.05
97450,0.32,0.94,10.61,8.48,0.03
97630,0.35,0.92,10.62,8.49,0.03
97770,0.45,0.94,10.62,8.49,0.07
97980,0.49,0.94,10.64,8.5,0.03
98100,0.37,0.91,10.64,8.51,0.05
98110,0.37,0.91,10.64,8.51,0.05
98120,0.35,0.91,10.64,8.51,0.05
98180,0.34,0.92,10.65,8.51,0.05
98420,0.33,0.9,10.66,8.52,0.04
98640,0.29,0.89,10.67,8.52,0.05
98650,0.3,0.9,10.67,8.52,0.05
98710,0.4,0.92,10.67,8.53,0.05
98910,0.46,0.96,10.68,8.53,0.07
98940,0.48,0.98,10.68,8.53,0.05
98970,0.45,0.97,10.68,8.54,0.05
99000,0.45,0.97,10.68,8.54,0.08
99020,0.39,0.96,10.69,8.54,0.08
99080,0.4,0.93,10.69,8.54,0.09
99250,0.3,0.9,10.7,8.55,0.07
99260,0.28,0.9,10.7,8.55,0.07
99360,0.28,0.89,10.7,8.55,0.05
99520,0.28,0.9,10.71,8.56,0.04
99810,0.34,0.89,10.72,8.57,0.04
100040,0.38,0.89,10.73,8.58,0.04
100300,0.34,0.88,10.74,8.59,0.03
100410,0.29,0.87,10.74,8.59,0.04
100430,0.3,0.87,10.74,8.59,0.04
100520,0.24,0.86,10.75,8.59,0.05
100570,0.27,0.86,10.75,8.6,0.04
100650,0.26,0.87,10.75,8.6,0.04
100690,0.39,0.88,10.75,8.6,0.05
100740,0.39,0.89,10.75,8.6,0.06
100780,0.29,0.87,10.76,8.6,0.06
100790,0.34,0.87,10.76,8.6,0.06
100870,0.37,0.9,10.76,8.61,0.06
100900,0.42,0.9,10.76,8.61,0.06
100910,0.45,0.91,10.76,8.61,0.06
100950,0.31,0.91,10.77,8.61,0.05
101070,0.47,0.91,10.77,8.62,0.05
101230,0.32,0.92,10.78,8.62,0.08
101310,0.33,0.92,10.78,8.63,0.06
101750,0.29,0.88,10.8,8.64,0.04
101870,0.41,0.9,10.81,8.65,0.06
102050,0.25,0.89,10.81,8.66,0.05
102070,0.28,0.9,10.81,8.66,0.05
102090,0.27,0.91,10.81,8.66,0.05
102150,0.48,0.94,10.82,8.66,0.06
102200,0.32,0.88,10.82,8.66,0.07
102220,0.32,0.89,10.82,8.66,0.07
102300,0.3,0.9,10.82,8.66,0.03
102340,0.3,0.9,10.82,8.67,0.03
102410,0.26,0.89,10.83,8.67,0.04
102570,0.52,0.91,10.83,8.68,0.07
102640,0.35,0.9,10.84,8.68,0.07
102680,0.4,0.9,10.84,8.68,0.07
102700,0.39,0.91,10.84,8.68,0.07
102730,0.41,0.91,10.84,8.68,0.07
102850,0.33,0.89,10.84,8.68,0.05
102890,0.34,0.89,10.84,8.69,0.05
102920,0.35,0.89,10.85,8.69,0.08
102990,0.41,0.91,10.85,8.69,0.06
103120,0.35,0.89,10.85,8.69,0.07
103170,0.29,0.88,10.86,8.7,0.07
103410,0.37,0.9,10.87,8.71,0.11
103420,0.38,0.9,10.87,8.71,0.11
103430,0.36,0.9,10.87,8.71,0.11
103490,0.46,0.91,10.87,8.71,0.1
103830,0.36,0.89,10.89,8.72,0.12
104100,0.48,0.89,10.9,8.73,0.05
104190,0.37,0.91,10.9,8.74,0.06
104240,0.29,0.9,10.9,8.74,0.07
107530,0.56,0.95,11.05,8.86,0.13
107810,0.44,0.9,11.06,8.87,0.1
107880,0.35,0.89,11.06,8.88,0.04
107990,0.73,0.94,11.07,8.88,0.07
108300,0.78,0.97,11.09,8.89,0.08
108320,0.82,0.96,11.09,8.89,0.08
108340,0.77,0.97,11.09,8.89,0.08
108380,0.78,0.97,11.09,8.89,0.09
108630,0.74,0.95,11.11,8.9,0.06
108710,0.68,0.93,11.11,8.9,0.08
108880,0.6,0.89,11.12,8.91,0.1
108970,0.7,0.91,11.12,8.91,0.12
108990,0.68,0.92,11.12,8.91,0.12
109080,0.66,0.93,11.12,8.91,0.11
109090,0.64,0.93,11.12,8.92,0.11
109100,0.65,0.94,11.13,8.92,0.11
109150,0.66,0.93,11.13,8.92,0.12
109240,0.58,0.92,11.13,8.92,0.13
109300,0.61,0.92,11.13,8.92,0.17
109330,0.63,0.91,11.14,8.92,0.12
109390,0.53,0.91,11.14,8.93,0.09
109430,0.55,0.93,11.14,8.93,0.09
109540,0.83,0.91,11.15,8.93,0.08
109560,0.81,0.9,11.15,8.93,0.14
109640,0.82,0.91,11.15,8.94,0.09
109690,0.65,0.9,11.15,8.94,0.05
109720,0.59,0.91,11.15,8.94,0.05
109760,0.56,0.91,11.15,8.94,0.1
109850,0.61,0.93,11.16,8.94,0.06
109880,0.6,0.93,11.16,8.94,0.08
109960,0.58,0.92,11.16,8.95,0.09
110050,0.63,0.89,11.17,8.95,0.05
110250,0.71,0.93,11.17,8.96,0.13
110300,0.55,0.91,11.18,8.96,0.1
110320,0.52,0.91,11.18,8.96,0.1
110370,0.5,0.91,11.18,8.96,0.1
110390,0.49,0.92,11.18,8.96,0.1
110410,0.54,0.91,11.18,8.97,0.14
110470,0.46,0.92,11.18,8.97,0.09
110540,0.44,0.91,11.19,8.97,0.08
110570,0.44,0.9,11.19,8.97,0.08
110650,0.58,0.9,11.19,8.97,0.15
110680,0.56,0.89,11.19,8.98,0.15
110700,0.53,0.89,11.19,8.98,0.11
110800,0.6,0.9,11.2,8.98,0.13
110930,0.59,0.9,11.21,8.99,0.1
110940,0.59,0.91,11.21,8.99,0.12
111050,0.55,0.91,11.21,8.99,0.12
111180,0.79,0.93,11.22,9.0,0.16
111260,0.74,0.92,11.22,9.0,0.1
111270,0.68,0.89,11.22,9.0,0.1
111290,0.7,0.88,11.22,9.0,0.1
111330,0.66,0.88,11.22,9.0,0.22
111440,0.62,0.86,11.23,9.01,0.17
111530,0.55,0.87,11.23,9.01,0.15
111710,0.7,0.89,11.24,9.02,0.17
111870,0.54,0.91,11.25,9.02,0.14
112180,0.58,0.91,11.26,9.04,0.09
112230,0.48,0.91,11.26,9.04,0.11
112250,0.5,0.91,11.26,9.04,0.11
112350,0.52,0.89,11.27,9.04,0.1
112420,0.47,0.88,11.27,9.05,0.08
112520,0.51,0.88,11.28,9.05,0.11
112720,0.51,0.88,11.28,9.06,0.14
112870,0.5,0.89,11.29,9.07,0.11
112920,0.53,0.89,11.29,9.07,0.1
113010,0.43,0.86,11.3,9.07,0.11
113050,0.34,0.85,11.3,9.07,0.07
113060,0.33,0.85,11.3,9.07,0.07
113080,0.32,0.83,11.3,9.07,0.07
113170,0.31,0.83,11.3,9.08,0.06
113420,0.3,0.83,11.31,9.09,0.06
113490,0.33,0.82,11.31,9.09,0.07
113540,0.28,0.82,11.31,9.09,0.08
113600,0.43,0.86,11.31,9.09,0.06
113610,0.55,0.88,11.31,9.09,0.06
113790,0.46,0.91,11.32,9.1,0.06
114080,0.59,0.91,11.33,9.12,0.08
114120,0.58,0.93,11.34,9.12,0.04
114250,0.54,0.9,11.34,9.12,0.09
114270,0.44,0.86,11.34,9.12,0.09
114510,0.58,0.84,11.35,9.13,0.11
114560,0.52,0.85,11.36,9.14,0.08
114580,0.58,0.85,11.36,9.14,0.08
114590,0.54,0.86,11.36,9.14,0.08
114670,0.61,0.84,11.36,9.14,0.08
114710,0.63,0.84,11.36,9.14,0.08
114850,0.54,0.88,11.37,9.15,0.08
114900,0.57,0.88,11.37,9.15,0.09
114910,0.56,0.88,11.37,9.15,0.09
114950,0.53,0.89,11.37,9.15,0.09
114970,0.53,0.9,11.37,9.15,0.05
115010,0.56,0.9,11.38,9.16,0.05
115080,0.53,0.89,11.38,9.16,0.06
123120,0.54,0.85,11.64,9.41,0.06
123230,0.37,0.83,11.64,9.41,0.06
123520,0.29,0.82,11.64,9.41,0.04
123590,0.4,0.84,11.65,9.41,0.04
123640,0.45,0.86,11.65,9.41,0.05
123650,0.44,0.85,11.65,9.41,0.05
123710,0.46,0.85,11.65,9.41,0.04
123720,0.41,0.85,11.65,9.41,0.05
123840,0.36,0.83,11.65,9.42,0.05
123890,0.37,0.83,11.65,9.42,0.05
124050,0.34,0.83,11.65,9.42,0.05
124150,0.31,0.83,11.66,9.42,0.06
124190,0.31,0.83,11.66,9.42,0.06
124240,0.4,0.84,11.66,9.42,0.04
124370,0.38,0.84,11.66,9.42,0.05
124420,0.42,0.84,11.66,9.42,0.03
124580,0.56,0.85,11.66,9.43,0.08
124590,0.54,0.85,11.66,9.43,0.08
124630,0.41,0.86,11.66,9.43,0.06
124640,0.41,0.88,11.66,9.43,0.06
124690,0.35,0.84,11.67,9.43,0.04
124710,0.28,0.84,11.67,9.43,0.04
124750,0.31,0.84,11.67,9.43,0.02
124790,0.31,0.83,11.67,9.43,0.02
124840,0.39,0.85,11.67,9.43,0.03
124980,0.31,0.84,11.67,9.43,0.04
125030,0.42,0.86,11.67,9.43,0.04
125070,0.29,0.84,11.67,9.43,0.07
125130,0.38,0.85,11.67,9.43,0.05
125220,0.39,0.85,11.67,9.44,0.06
125300,0.35,0.85,11.68,9.44,0.1
125340,0.33,0.84,11.68,9.44,0.06
125740,0.32,0.85,11.68,9.44,0.07
125810,0.3,0.83,11.68,9.44,0.03
125820,0.29,0.83,11.68,9.44,0.03
125870,0.31,0.84,11.68,9.44,0.03
125920,0.32,0.85,11.69,9.45,0.06
126030,0.46,0.87,11.69,9.45,0.05
126470,0.44,0.89,11.7,9.45,0.09
126950,0.62,0.9,11.71,9.46,0.11
126960,0.64,0.91,11.71,9.46,0.09
127130,0.63,0.88,11.71,9.47,0.08
127180,0.57,0.87,11.71,9.47,0.08
127420,0.58,0.9,11.72,9.47,0.1
127570,0.57,0.92,11.72,9.47,0.08
127600,0.57,0.93,11.72,9.47,0.08
127630,0.56,0.93,11.72,9.48,0.08
127720,0.54,0.92,11.72,9.48,0.12
127760,0.62,0.93,11.72,9.48,0.06
127910,0.43,0.92,11.73,9.48,0.05
127930,0.38,0.92,11.73,9.48,0.05
127950,0.51,0.92,11.73,9.48,0.05
128100,0.38,0.92,11.73,9.49,0.07
128430,0.43,0.93,11.74,9.49,0.13
128490,0.42,0.92,11.74,9.49,0.08
128690,0.5,0.94,11.74,9.5,0.07
128720,0.54,0.96,11.74,9.5,0.08
128730,0.52,0.95,11.74,9.5,0.08
128900,0.49,0.94,11.75,9.5,0.1
128940,0.39,0.94,11.75,9.5,0.12
128970,0.48,0.93,11.75,9.5,0.12
129080,0.43,0.93,11.75,9.5,0.08
129090,0.43,0.93,11.75,9.5,0.08
129290,0.64,0.92,11.75,9.51,0.08
129330,0.59,0.93,11.76,9.51,0.06
129490,0.57,0.93,11.76,9.51,0.07
129550,0.4,0.93,11.76,9.51,0.07
129680,0.43,0.94,11.76,9.51,0.07
129770,0.44,0.93,11.76,9.52,0.09
129970,0.41,0.95,11.77,9.52,0.07
130040,0.36,0.93,11.77,9.52,0.04
130170,0.47,0.95,11.77,9.52,0.05
130370,0.41,0.92,11.77,9.53,0.04
130430,0.41,0.93,11.77,9.53,0.05
130560,0.38,0.93,11.78,9.53,0.05
131140,0.46,0.94,11.79,9.54,0.06
131350,0.35,0.92,11.79,9.54,0.07
131370,0.35,0.92,11.79,9.54,0.07
131530,0.37,0.94,11.79,9.54,0.09
131560,0.34,0.94,11.8,9.54,0.09
132000,0.4,0.93,11.8,9.55,0.09
132100,0.44,0.94,11.81,9.56,0.06
132240,0.37,0.94,11.81,9.56,0.07
132270,0.42,0.95,11.81,9.56,0.07
132300,0.43,0.95,11.81,9.56,0.06
132400,0.46,0.96,11.81,9.56,0.05
132580,0.39,0.96,11.81,9.57,0.07
132630,0.38,0.96,11.82,9.57,0.11
132770,0.28,0.93,11.82,9.57,0.06
132790,0.3,0.93,11.82,9.57,0.05
132820,0.36,0.95,11.82,9.57,0.05
132870,0.47,0.93,11.82,9.57,0.08
133080,0.36,0.94,11.82,9.58,0.05
133150,0.41,0.94,11.83,9.58,0.04
133160,0.4,0.94,11.83,9.58,0.04
133220,0.49,0.94,11.83,9.58,0.03
133270,0.33,0.93,11.83,9.58,0.05
133300,0.38,0.93,11.83,9.58,0.05
133340,0.37,0.93,11.83,9.58,0.03
133490,0.28,0.92,11.83,9.58,0.08
133540,0.33,0.91,11.83,9.58,0.07
133620,0.39,0.93,11.83,9.59,0.05
133690,0.42,0.92,11.84,9.59,0.05
133750,0.38,0.92,11.84,9.59,0.09
133800,0.4,0.92,11.84,9.59,0.04
133820,0.54,0.94,11.84,9.59,0.04
133890,0.4,0.93,11.84,9.59,0.07
133990,0.37,0.93,11.84,9.59,0.05
134050,0.32,0.92,11.84,9.6,0.05
134060,0.37,0.92,11.84,9.6,0.05
134170,0.34,0.92,11.85,9.6,0.04
134200,0.43,0.92,11.85,9.6,0.04
134220,0.33,0.92,11.85,9.6,0.03
134290,0.35,0.93,11.85,9.6,0.05
134310,0.36,0.94,11.85,9.6,0.05
134390,0.42,0.93,11.85,9.6,0.05
134410,0.45,0.94,11.85,9.6,0.05
134540,0.38,0.93,11.86,9.6,0.1
134600,0.34,0.93,11.86,9.61,0.09
134620,0.37,0.93,11.86,9.61,0.09
134630,0.43,0.93,11.86,9.61,0.09
134680,0.43,0.93,11.86,9.61,0.04
134710,0.35,0.94,11.86,9.61,0.04
134720,0.39,0.93,11.86,9.61,0.04
134750,0.35,0.94,11.86,9.61,0.04
134840,0.37,0.93,11.86,9.61,0.06
134950,0.33,0.93,11.86,9.61,0.07
135140,0.32,0.92,11.87,9.62,0.05
135410,0.44,0.95,11.87,9.62,0.06
135510,0.44,0.94,11.87,9.62,0.07
135640,0.43,0.93,11.88,9.63,0.05
135660,0.47,0.93,11.88,9.63,0.06
135700,0.47,0.92,11.88,9.63,0.06
135750,0.38,0.92,11.88,9.63,0.06
135810,0.34,0.93,11.88,9.63,0.03
135850,0.43,0.94,11.88,9.63,0.04
135860,0.47,0.95,11.88,9.63,0.04
135890,0.49,0.94,11.88,9.63,0.04
136270,0.31,0.94,11.89,9.64,0.11
136340,0.29,0.93,11.89,9.64,0.08
136500,0.35,0.94,11.9,9.64,0.04
136510,0.39,0.94,11.9,9.64,0.04
136600,0.36,0.94,11.9,9.64,0.06
136760,0.35,0.95,11.9,9.65,0.06
136840,0.39,0.96,11.9,9.65,0.06
137260,0.33,0.93,11.92,9.66,0.09
137270,0.32,0.93,11.92,9.66,0.09
137340,0.34,0.93,11.92,9.66,0.06
137360,0.29,0.93,11.92,9.66,0.06
137500,0.41,0.96,11.92,9.66,0.12
137600,0.43,0.95,11.92,9.67,0.11
137760,0.37,0.94,11.93,9.67,0.08
137770,0.46,0.94,11.93,9.67,0.08
137790,0.47,0.95,11.93,9.67,0.08
137820,0.35,0.94,11.93,9.67,0.06
137900,0.34,0.94,11.93,9.67,0.13
137930,0.35,0.94,11.93,9.67,0.13
137940,0.47,0.95,11.93,9.67,0.09
137960,0.56,0.96,11.93,9.67,0.09
138000,0.55,0.95,11.93,9.67,0.09
138040,0.63,0.96,11.93,9.67,0.09
138060,0.52,0.95,11.93,9.68,0.09
138170,0.36,0.95,11.94,9.68,0.08
138250,0.38,0.92,11.94,9.68,0.09
138280,0.4,0.92,11.94,9.68,0.09
138350,0.36,0.92,11.94,9.68,0.1
138410,0.38,0.93,11.94,9.68,0.06
138430,0.43,0.93,11.94,9.68,0.05
138500,0.39,0.93,11.94,9.68,0.06
138520,0.34,0.94,11.94,9.68,0.06
138580,0.44,0.94,11.95,9.69,0.06
138670,0.39,0.95,11.95,9.69,0.05
138810,0.39,0.94,11.95,9.69,0.06
138940,0.3,0.93,11.95,9.69,0.07
138980,0.3,0.93,11.95,9.69,0.04
139030,0.34,0.93,11.95,9.69,0.05
139070,0.36,0.93,11.96,9.7,0.05
139310,0.42,0.95,11.96,9.7,0.06
139440,0.38,0.94,11.96,9.7,0.1
139480,0.36,0.94,11.97,9.7,0.1
139520,0.5,0.95,11.97,9.7,0.1
139540,0.46,0.95,11.97,9.7,0.1
160640,0.28,0.94,12.37,10.06,0.05
160760,0.3,0.94,12.38,10.06,0.06
160770,0.26,0.94,12.38,10.06,0.06
160860,0.25,0.93,12.38,10.06,0.05
161090,0.41,0.96,12.38,10.06,0.06
161210,0.43,0.96,12.38,10.07,0.09
161260,0.47,0.95,12.39,10.07,0.12
161370,0.35,0.96,12.39,10.07,0.05
161440,0.5,0.96,12.39,10.07,0.06
161460,0.46,0.97,12.39,10.07,0.09
161720,0.3,0.93,12.4,10.08,0.06
161800,0.3,0.9,12.4,10.08,0.04
161810,0.27,0.9,12.4,10.08,0.04
161880,0.24,0.9,12.4,10.08,0.05
161960,0.33,0.92,12.4,10.08,0.04
162050,0.39,0.92,12.4,10.08,0.08
162070,0.43,0.92,12.4,10.08,0.11
162120,0.71,0.94,12.4,10.08,0.12
162300,0.46,0.94,12.41,10.09,0.05
162470,0.39,0.94,12.41,10.09,0.08
162550,0.42,0.95,12.41,10.09,0.08
162620,0.38,0.93,12.41,10.09,0.17
162820,0.39,0.93,12.42,10.1,0.1
163000,0.57,0.94,12.42,10.1,0.15
163020,0.59,0.95,12.42,10.1,0.14
163070,0.51,0.96,12.42,10.1,0.14
163270,0.45,0.93,12.43,10.1,0.12
163340,0.37,0.93,12.43,10.11,0.13
163380,0.44,0.93,12.43,10.11,0.12
163430,0.36,0.93,12.43,10.11,0.12
163520,0.32,0.93,12.43,10.11,0.06
163640,0.38,0.93,12.44,10.11,0.12
163850,0.34,0.93,12.44,10.11,0.13
164000,0.28,0.92,12.44,10.12,0.08
164040,0.29,0.93,12.44,10.12,0.06
164070,0.28,0.93,12.45,10.12,0.06
164110,0.35,0.93,12.45,10.12,0.04
164190,0.38,0.94,12.45,10.12,0.09
164200,0.3,0.94,12.45,10.12,0.09
164280,0.33,0.93,12.45,10.12,0.03
164300,0.28,0.93,12.45,10.12,0.03
164630,0.28,0.93,12.46,10.13,0.08
164670,0.31,0.94,12.46,10.13,0.06
164720,0.24,0.92,12.46,10.13,0.03
164730,0.32,0.93,12.46,10.13,0.03
164790,0.45,0.93,12.46,10.13,0.04
164820,0.21,0.91,12.46,10.13,0.04
164850,0.21,0.91,12.46,10.13,0.04
164930,0.28,0.91,12.46,10.13,0.03
164980,0.22,0.92,12.46,10.13,0.03
165050,0.36,0.91,12.46,10.13,0.03
165070,0.26,0.91,12.46,10.13,0.03
165090,0.23,0.91,12.46,10.14,0.03
165150,0.21,0.9,12.47,10.14,0.03
165160,0.18,0.9,12.47,10.14,0.03
165460,0.27,0.91,12.47,10.14,0.03
165570,0.23,0.92,12.47,10.14,0.03
165700,0.34,0.93,12.47,10.14,0.04
165920,0.32,0.91,12.48,10.15,0.03
166140,0.22,0.93,12.48,10.15,0.04
166190,0.22,0.92,12.48,10.15,0.04
166200,0.2,0.93,12.48,10.15,0.04
166210,0.34,0.92,12.48,10.15,0.04
166230,0.21,0.92,12.48,10.15,0.04
166240,0.29,0.93,12.48,10.15,0.04
166440,0.28,0.92,12.49,10.16,0.04
166580,0.2,0.92,12.49,10.16,0.04
166680,0.27,0.91,12.49,10.16,0.05
166690,0.32,0.91,12.49,10.16,0.05
166730,0.3,0.91,12.49,10.16,0.05
166820,0.26,0.92,12.49,10.16,0.03
166960,0.22,0.92,12.49,10.16,0.06
167270,0.27,0.92,12.5,10.17,0.04
167330,0.21,0.92,12.5,10.17,0.04
167370,0.26,0.91,12.5,10.17,0.03
167470,0.3,0.93,12.5,10.17,0.04
167510,0.25,0.94,12.5,10.17,0.04
167590,0.33,0.93,12.5,10.17,0.1
167610,0.26,0.93,12.5,10.17,0.1
167790,0.25,0.93,12.51,10.18,0.04
167840,0.39,0.93,12.51,10.18,0.04
167940,0.28,0.94,12.51,10.18,0.03
167980,0.35,0.95,12.51,10.18,0.03
168150,0.33,0.95,12.51,10.18,0.05
168170,0.25,0.95,12.51,10.18,0.05
168240,0.32,0.94,12.51,10.18,0.03
168500,0.25,0.94,12.52,10.19,0.05
168650,0.33,0.95,12.52,10.19,0.06
168780,0.28,0.94,12.52,10.19,0.04
168790,0.25,0.94,12.52,10.19,0.04
168860,0.25,0.93,12.52,10.19,0.04
168990,0.26,0.92,12.53,10.19,0.03
169000,0.29,0.92,12.53,10.2,0.03
169120,0.19,0.92,12.53,10.2,0.03
169180,0.22,0.92,12.53,10.2,0.05
169580,0.4,0.95,12.54,10.2,0.04
169720,0.3,0.97,12.54,10.21,0.03
169830,0.25,0.93,12.54,10.21,0.07
169860,0.25,0.93,12.54,10.21,0.08
169930,0.25,0.94,12.54,10.21,0.04
170030,0.38,0.95,12.54,10.21,0.04
170060,0.39,0.95,12.54,10.21,0.03
170090,0.4,0.96,12.54,10.21,0.03
170100,0.44,0.96,12.54,10.21,0.05
170270,0.37,0.94,12.55,10.21,0.05
170280,0.38,0.95,12.55,10.21,0.06
170320,0.36,0.96,12.55,10.21,0.06
170390,0.32,0.94,12.55,10.22,0.06
170430,0.28,0.95,12.55,10.22,0.05
170440,0.28,0.95,12.55,10.22,0.05
170530,0.33,0.95,12.55,10.22,0.08
170660,0.24,0.94,12.55,10.22,0.05
170670,0.34,0.94,12.55,10.22,0.05
170700,0.36,0.94,12.55,10.22,0.05
170750,0.27,0.94,12.56,10.22,0.05
170760,0.29,0.94,12.56,10.22,0.04
170880,0.2,0.94,12.56,10.22,0.03
170950,0.24,0.94,12.56,10.22,0.03
170990,0.25,0.94,12.56,10.22,0.03
171220,0.22,0.94,12.56,10.23,0.09
171330,0.21,0.94,12.56,10.23,0.04
171340,0.26,0.94,12.56,10.23,0.04
171460,0.19,0.95,12.56,10.23,0.03
171500,0.16,0.95,12.56,10.23,0.02
171690,0.19,0.94,12.57,10.23,0.04
171810,0.19,0.95,12.57,10.23,0.05
172130,0.21,0.95,12.57,10.24,0.06
172350,0.17,0.95,12.58,10.24,0.04
172470,0.24,0.95,12.58,10.24,0.04
172520,0.17,0.95,12.58,10.24,0.03
172570,0.2,0.96,12.58,10.24,0.03
172600,0.19,0.95,12.58,10.25,0.03
172630,0.2,0.95,12.58,10.25,0.03
172790,0.17,0.95,12.58,10.25,0.03
172900,0.27,0.95,12.58,10.25,0.05
173030,0.28,0.96,12.59,10.25,0.04
173210,0.38,0.96,12.59,10.25,0.03
173230,0.33,0.97,12.59,10.25,0.03
173350,0.36,0.94,12.59,10.26,0.03
173370,0.33,0.94,12.59,10.26,0.03
173590,0.34,0.93,12.6,10.26,0.06
173600,0.28,0.93,12.6,10.26,0.06
173820,0.29,0.96,12.6,10.27,0.05
173960,0.26,0.96,12.61,10.27,0.03
174020,0.36,0.94,12.61,10.27,0.04
174110,0.35,0.96,12.61,10.27,0.05
174270,0.28,0.93,12.61,10.27,0.03
174330,0.33,0.92,12.61,10.27,0.11
174340,0.27,0.91,12.61,10.27,0.11
174520,0.49,0.95,12.62,10.27,0.09
174790,0.26,0.93,12.62,10.28,0.05
174810,0.27,0.94,12.62,10.28,0.05
174990,0.21,0.9,12.62,10.28,0.05
175030,0.25,0.9,12.62,10.28,0.06
175040,0.21,0.88,12.62,10.28,0.06
175150,0.27,0.89,12.62,10.28,0.07
175190,0.34,0.9,12.62,10.28,0.07
175430,0.42,0.91,12.63,10.28,0.03
175510,0.28,0.92,12.63,10.28,0.03
175530,0.27,0.92,12.63,10.28,0.03
175710,0.33,0.9,12.63,10.29,0.05
175820,0.24,0.9,12.63,10.29,0.03
175940,0.35,0.9,12.63,10.29,0.03
176230,0.26,0.89,12.64,10.29,0.03
176400,0.28,0.91,12.64,10.3,0.03
176410,0.31,0.92,12.64,10.3,0.03
176460,0.4,0.95,12.64,10.3,0.03
176740,0.37,0.97,12.65,10.3,0.02
176800,0.33,0.96,12.65,10.3,0.03
176980,0.33,0.91,12.66,10.31,0.02
177030,0.27,0.91,12.66,10.31,0.03
177050,0.3,0.91,12.66,10.31,0.03
177060,0.25,0.91,12.66,10.31,0.03
177130,0.31,0.92,12.66,10.31,0.02
177310,0.38,0.94,12.66,10.31,0.08
177380,0.35,0.93,12.67,10.31,0.03
177430,0.35,0.91,12.67,10.31,0.05
177440,0.33,0.91,12.67,10.31,0.05
177510,0.41,0.94,12.67,10.32,0.13
177690,0.46,0.94,12.67,10.32,0.11
177900,0.31,0.89,12.68,10.32,0.06
177970,0.47,0.89,12.68,10.33,0.13
178400,0.42,0.93,12.69,10.33,0.04
178410,0.34,0.93,12.69,10.33,0.04
178430,0.35,0.93,12.69,10.33,0.04
178540,0.28,0.92,12.69,10.34,0.03
178890,0.47,0.94,12.7,10.34,0.07
178940,0.35,0.95,12.7,10.34,0.04
178980,0.37,0.93,12.7,10.34,0.03
178990,0.39,0.93,12.7,10.34,0.03
179050,0.37,0.92,12.7,10.34,0.04
179080,0.37,0.92,12.7,10.34,0.04
179090,0.31,0.91,12.7,10.35,0.04
179630,0.52,0.89,12.71,10.36,0.05
179660,0.28,0.86,12.71,10.36,0.04
179720,0.25,0.86,12.71,10.36,0.02
179770,0.28,0.86,12.72,10.36,0.04
180020,0.38,0.89,12.72,10.36,0.04
180070,0.47,0.9,12.72,10.36,0.06
180120,0.33,0.88,12.72,10.36,0.06
180230,0.27,0.86,12.73,10.37,0.04
180270,0.31,0.88,12.73,10.37,0.03
180420,0.62,0.89,12.73,10.37,0.04
180440,0.54,0.9,12.73,10.37,0.04
180460,0.51,0.91,12.73,10.37,0.04
180510,0.42,0.91,12.73,10.37,0.09
180540,0.48,0.92,12.73,10.37,0.05
180550,0.42,0.91,12.73,10.37,0.05
180570,0.43,0.91,12.73,10.37,0.05
180630,0.49,0.91,12.74,10.37,0.06
180690,0.42,0.93,12.74,10.37,0.07
180820,0.43,0.93,12.74,10.38,0.06
180950,0.4,0.89,12.74,10.38,0.04
181250,0.29,0.86,12.75,10.38,0.03
181750,0.45,0.89,12.76,10.39,0.04
181770,0.47,0.89,12.76,10.39,0.04
181860,0.37,0.9,12.76,10.39,0.06
181900,0.37,0.89,12.76,10.39,0.06
181910,0.32,0.89,12.76,10.39,0.06
182230,0.4,0.9,12.77,10.4,0.06
182280,0.31,0.89,12.77,10.4,0.04
182320,0.28,0.89,12.77,10.4,0.04
182370,0.36,0.9,12.77,10.4,0.03
182400,0.32,0.9,12.78,10.4,0.04
182420,0.37,0.89,12.78,10.4,0.04
182460,0.39,0.89,12.78,10.41,0.09
182520,0.33,0.89,12.78,10.41,0.05
182530,0.35,0.89,12.78,10.41,0.05
182540,0.33,0.89,12.78,10.41,0.05
182560,0.44,0.89,12.78,10.41,0.05
182790,0.33,0.91,12.78,10.41,0.06
182920,0.21,0.88,12.79,10.41,0.03
183090,0.33,0.89,12.79,10.42,0.05
183150,0.24,0.89,12.79,10.42,0.04
183210,0.33,0.89,12.79,10.42,0.05
183300,0.27,0.89,12.79,10.42,0.03
183350,0.24,0.86,12.8,10.42,0.03
183380,0.3,0.87,12.8,10.42,0.03
183440,0.27,0.86,12.8,10.42,0.05
183670,0.43,0.91,12.8,10.42,0.1
183720,0.45,0.94,12.8,10.43,0.07
183840,0.4,0.93,12.81,10.43,0.05
183900,0.36,0.91,12.81,10.43,0.09
183910,0.41,0.92,12.81,10.43,0.09
184170,0.35,0.91,12.82,10.43,0.06
184420,0.46,0.88,12.82,10.44,0.05
184470,0.35,0.89,12.83,10.44,0.07
184490,0.29,0.88,12.83,10.44,0.07
184510,0.36,0.89,12.83,10.44,0.06
184520,0.34,0.9,12.83,10.44,0.06
184600,0.4,0.9,12.83,10.44,0.05
184620,0.4,0.9,12.83,10.44,0.06
184660,0.34,0.91,12.83,10.44,0.06
184720,0.37,0.92,12.83,10.44,0.06
184880,0.29,0.89,12.83,10.44,0.04
184930,0.32,0.89,12.83,10.44,0.04
184940,0.29,0.89,12.83,10.44,0.04
185030,0.22,0.87,12.83,10.45,0.08
185260,0.36,0.88,12.84,10.45,0.04
185300,0.35,0.89,12.84,10.45,0.04
185380,0.38,0.89,12.84,10.45,0.04
185550,0.31,0.89,12.85,10.45,0.04
185610,0.3,0.89,12.85,10.45,0.04
185660,0.32,0.89,12.85,10.45,0.05
185700,0.32,0.88,12.85,10.45,0.06
185800,0.31,0.89,12.85,10.45,0.07
185810,0.35,0.89,12.85,10.45,0.07
185840,0.32,0.89,12.85,10.45,0.08
185940,0.29,0.89,12.85,10.46,0.07
186010,0.45,0.9,12.85,10.46,0.07
186070,0.35,0.9,12.86,10.46,0.09
186290,0.38,0.87,12.86,10.46,0.11
186370,0.21,0.86,12.86,10.46,0.06
186420,0.18,0.86,12.86,10.46,0.06
186450,0.23,0.86,12.86,10.46,0.06
186490,0.32,0.89,12.87,10.46,0.05
186620,0.38,0.91,12.87,10.46,0.07
186730,0.38,0.89,12.87,10.47,0.07
186890,0.38,0.89,12.87,10.47,0.04
186950,0.49,0.89,12.88,10.47,0.07
187050,0.31,0.93,12.88,10.47,0.03
187150,0.43,0.94,12.88,10.47,0.06
187230,0.34,0.94,12.88,10.47,0.06
187400,0.28,0.9,12.89,10.47,0.08
187600,0.27,0.89,12.89,10.48,0.04
187620,0.33,0.9,12.89,10.48,0.03
187640,0.29,0.89,12.89,10.48,0.03
187680,0.37,0.9,12.89,10.48,0.05
187780,0.39,0.92,12.9,10.48,0.07
187880,0.36,0.91,12.9,10.48,0.06
188040,0.37,0.94,12.9,10.49,0.06
188160,0.4,0.94,12.91,10.49,0.07
188280,0.41,0.92,12.91,10.49,0.08
188310,0.39,0.93,12.91,10.49,0.08
188340,0.36,0.93,12.91,10.49,0.08
188400,0.35,0.91,12.91,10.49,0.07
188670,0.32,0.93,12.92,10.5,0.11
188720,0.32,0.92,12.92,10.5,0.07
188790,0.41,0.92,12.92,10.5,0.09
188890,0.46,0.92,12.93,10.5,0.06
188900,0.36,0.92,12.93,10.5,0.06
188970,0.36,0.9,12.93,10.5,0.06
188990,0.34,0.89,12.93,10.5,0.06
189000,0.34,0.89,12.93,10.5,0.08
189060,0.45,0.9,12.93,10.5,0.09
189070,0.49,0.89,12.93,10.5,0.09
189160,0.47,0.89,12.94,10.5,0.07
189410,0.42,0.9,12.94,10.51,0.12
189420,0.46,0.91,12.94,10.51,0.14
189750,0.46,0.94,12.95,10.51,0.14
189800,0.46,0.94,12.95,10.51,0.08
190000,0.45,0.91,12.96,10.51,0.13
190050,0.35,0.91,12.96,10.51,0.16
190060,0.39,0.92,12.96,10.51,0.16
190180,0.46,0.93,12.96,10.52,0.14
190220,0.4,0.93,12.96,10.52,0.09
190260,0.41,0.95,12.96,10.52,0.03
190270,0.47,0.95,12.96,10.52,0.03
190280,0.43,0.95,12.96,10.52,0.03
190370,0.34,0.92,12.96,10.52,0.06
190410,0.28,0.92,12.96,10.52,0.06
190480,0.4,0.93,12.96,10.52,0.05
190490,0.42,0.93,12.96,10.52,0.05
190520,0.31,0.92,12.96,10.52,0.05
190600,0.28,0.91,12.96,10.52,0.04
190680,0.32,0.91,12.97,10.52,0.08
190800,0.3,0.92,12.97,10.52,0.05
190930,0.6,0.96,12.97,10.52,0.1
190940,0.51,0.96,12.97,10.52,0.1
190950,0.46,0.95,12.97,10.52,0.1
190970,0.54,0.96,12.97,10.52,0.1
191000,0.55,0.95,12.97,10.52,0.05
191020,0.52,0.93,12.97,10.53,0.05
191060,0.52,0.92,12.97,10.53,0.12
191110,0.46,0.91,12.97,10.53,0.08
191140,0.4,0.91,12.97,10.53,0.08
191150,0.48,0.9,12.97,10.53,0.08
191310,0.46,0.89,12.98,10.53,0.07
191320,0.4,0.89,12.98,10.53,0.07
191380,0.42,0.89,12.98,10.53,0.09
191480,0.33,0.87,12.98,10.53,0.05
191600,0.3,0.87,12.99,10.53,0.1
191740,0.36,0.88,12.99,10.53,0.18
191750,0.36,0.89,12.99,10.53,0.18
192060,0.31,0.88,13.0,10.54,0.07
192190,0.33,0.89,13.0,10.54,0.08
192300,0.44,0.93,13.0,10.54,0.08
192310,0.5,0.93,13.0,10.54,0.08
192400,0.42,0.94,13.0,10.54,0.07
192490,0.44,0.93,13.0,10.54,0.05
192570,0.33,0.9,13.01,10.54,0.06
192610,0.37,0.9,13.01,10.55,0.07
192690,0.27,0.9,13.01,10.55,0.06
192910,0.42,0.92,13.01,10.55,0.07
193140,0.47,0.93,13.02,10.55,0.13
193180,0.48,0.93,13.02,10.55,0.13
193520,0.6,0.95,13.03,10.56,0.13
193560,0.4,0.93,13.03,10.56,0.17
193650,0.51,0.94,13.03,10.56,0.1
193670,0.5,0.95,13.03,10.56,0.1
193680,0.44,0.95,13.03,10.56,0.07
193940,0.49,0.91,13.04,10.56,0.1
194000,0.45,0.92,13.04,10.56,0.1
194280,0.53,0.91,13.05,10.57,0.15
194300,0.58,0.9,13.05,10.57,0.15
194330,0.54,0.91,13.05,10.57,0.15
194400,0.55,0.92,13.05,10.57,0.14
194510,0.6,0.95,13.05,10.57,0.1
194600,0.5,0.94,13.06,10.57,0.09
194670,0.54,0.96,13.06,10.57,0.07
194780,0.67,0.96,13.06,10.58,0.08
194930,0.62,0.97,13.07,10.58,0.14
194990,0.66,0.97,13.07,10.58,0.14
195030,0.64,0.96,13.07,10.58,0.14
195050,0.62,0.96,13.07,10.58,0.14
195120,0.63,0.92,13.07,10.58,0.19
195130,0.56,0.92,13.07,10.58,0.19
195210,0.57,0.93,13.07,10.58,0.11
195420,0.68,0.9,13.08,10.59,0.09
195520,0.57,0.88,13.08,10.59,0.07
195540,0.58,0.89,13.08,10.59,0.09
195580,0.58,0.91,13.08,10.59,0.09
195610,0.55,0.91,13.08,10.59,0.08
195660,0.63,0.94,13.08,10.59,0.07
195770,0.63,0.93,13.09,10.59,0.12
195810,0.58,0.91,13.09,10.59,0.13
196000,0.81,0.94,13.09,10.6,0.13
196170,0.77,0.92,13.1,10.6,0.13
196200,0.78,0.94,13.1,10.6,0.11
196240,0.78,0.95,13.11,10.6,0.11
196280,0.8,0.94,13.11,10.6,0.09
196300,0.8,0.95,13.11,10.6,0.09
196380,0.8,0.92,13.11,10.6,0.1
196540,0.74,0.9,13.12,10.61,0.05
196670,0.58,0.87,13.13,10.61,0.1
196700,0.59,0.88,13.13,10.61,0.05
196770,0.58,0.88,13.13,10.61,0.1
196810,0.65,0.89,13.13,10.61,0.06
196850,0.63,0.9,13.13,10.61,0.06
196880,0.62,0.88,13.13,10.61,0.23
196920,0.73,0.91,13.13,10.61,0.21
197050,0.74,0.93,13.14,10.62,0.27
197080,0.71,0.93,13.14,10.62,0.27
197130,0.62,0.94,13.14,10.62,0.17
197240,0.64,0.89,13.14,10.62,0.14
197370,0.57,0.89,13.15,10.62,0.11
197570,0.51,0.88,13.15,10.63,0.12
197630,0.58,0.89,13.15,10.63,0.05
197640,0.57,0.89,13.15,10.63,0.07
197830,0.6,0.94,13.16,10.63,0.17
197860,0.58,0.94,13.16,10.63,0.17
197990,0.56,0.91,13.16,10.63,0.13
198040,0.6,0.92,13.17,10.63,0.11
198100,0.62,0.89,13.17,10.64,0.09
198120,0.61,0.9,13.17,10.64,0.11
198240,0.67,0.92,13.17,10.64,0.15
198250,0.63,0.91,13.17,10.64,0.15
198290,0.65,0.91,13.17,10.64,0.15
198390,0.52,0.93,13.18,10.64,0.09
198540,0.56,0.94,13.18,10.64,0.14
198550,0.59,0.94,13.18,10.64,0.14
198570,0.59,0.95,13.18,10.65,0.14
198610,0.57,0.91,13.18,10.65,0.15
198700,0.58,0.93,13.18,10.65,0.14
198760,0.55,0.94,13.19,10.65,0.11
198790,0.59,0.92,13.19,10.65,0.12
198830,0.55,0.93,13.19,10.65,0.12
198940,0.59,0.93,13.19,10.65,0.14
199160,0.6,0.95,13.2,10.66,0.21
199320,0.51,0.92,13.2,10.66,0.13
199410,0.53,0.92,13.2,10.66,0.11
199420,0.52,0.92,13.2,10.66,0.11
199440,0.51,0.94,13.21,10.66,0.24
199550,0.61,0.92,13.21,10.67,0.17
199620,0.61,0.91,13.21,10.67,0.21
199800,0.56,0.94,13.22,10.68,0.17
199820,0.55,0.92,13.22,10.68,0.17
199870,0.62,0.93,13.22,10.68,0.09
199880,0.59,0.93,13.22,10.68,0.09
199950,0.6,0.95,13.22,10.68,0.13
199970,0.61,0.94,13.22,10.68,0.13
200070,0.62,0.93,13.23,10.68,0.09
200110,0.63,0.93,13.23,10.68,0.12
200550,0.57,0.93,13.24,10.69,0.12
200840,0.54,0.93,13.25,10.7,0.24
200900,0.44,0.91,13.25,10.7,0.28
200990,0.42,0.92,13.25,10.7,0.1
201040,0.49,0.92,13.25,10.7,0.07
201060,0.5,0.93,13.25,10.7,0.11
201120,0.51,0.93,13.26,10.71,0.1
201180,0.6,0.92,13.26,10.71,0.13
201230,0.57,0.92,13.26,10.71,0.13
201340,0.43,0.91,13.26,10.71,0.14
201430,0.54,0.95,13.26,10.71,0.09
201500,0.52,0.94,13.27,10.72,0.17
201860,0.48,0.9,13.28,10.72,0.08
201900,0.43,0.9,13.28,10.72,0.06
202020,0.39,0.87,13.28,10.72,0.05
202030,0.43,0.88,13.28,10.73,0.05
202180,0.34,0.88,13.28,10.73,0.22
202260,0.38,0.87,13.28,10.73,0.07
202270,0.36,0.87,13.28,10.73,0.07
202530,0.35,0.89,13.29,10.73,0.05
202550,0.3,0.88,13.29,10.73,0.05
202610,0.43,0.89,13.29,10.73,0.08
202650,0.55,0.91,13.29,10.74,0.05
202670,0.6,0.93,13.29,10.74,0.05
202700,0.6,0.93,13.29,10.74,0.09
202840,0.45,0.96,13.29,10.74,0.08
203010,0.59,0.96,13.3,10.74,0.05
203070,0.51,0.96,13.3,10.74,0.09
203100,0.71,0.96,13.3,10.74,0.21
203110,0.7,0.95,13.3,10.74,0.21
203310,0.41,0.93,13.31,10.76,0.08
203440,0.48,0.95,13.32,10.77,0.09
203560,0.56,0.94,13.33,10.78,0.08
203620,0.54,0.94,13.33,10.78,0.06
203650,0.51,0.94,13.33,10.78,0.12
203860,0.5,0.95,13.35,10.8,0.08
203910,0.4,0.92,13.35,10.8,0.14
204070,0.41,0.92,13.36,10.81,0.06
204080,0.44,0.93,13.36,10.81,0.06
204110,0.45,0.94,13.36,10.81,0.06
204220,0.45,0.94,13.37,10.82,0.08
204340,0.61,0.95,13.38,10.83,0.1
204450,0.5,0.92,13.38,10.83,0.05
204600,0.36,0.93,13.39,10.85,0.1
204740,0.34,0.89,13.4,10.85,0.08
204760,0.32,0.89,13.4,10.86,0.08
204780,0.33,0.89,13.4,10.86,0.04
204810,0.33,0.89,13.41,10.86,0.04
204960,0.45,0.89,13.41,10.86,0.15
205050,0.44,0.9,13.41,10.86,0.08
205100,0.4,0.9,13.41,10.87,0.05
205130,0.43,0.91,13.41,10.87,0.05
205280,0.64,0.94,13.42,10.87,0.07
205320,0.6,0.95,13.42,10.87,0.1
205350,0.61,0.95,13.42,10.87,0.1
205380,0.63,0.95,13.42,10.87,0.1
205470,0.58,0.95,13.42,10.87,0.08
205520,0.58,0.95,13.42,10.87,0.09
205530,0.59,0.95,13.43,10.87,0.09
205870,0.61,0.94,13.44,10.88,0.08
205890,0.57,0.92,13.44,10.88,0.08
206130,0.58,0.9,13.44,10.89,0.05
206150,0.61,0.9,13.44,10.89,0.05
206330,0.45,0.89,13.45,10.89,0.13
206450,0.45,0.9,13.45,10.89,0.1
206590,0.55,0.91,13.45,10.9,0.22
206620,0.47,0.91,13.45,10.9,0.22
206810,0.54,0.93,13.46,10.9,0.07
206920,0.52,0.95,13.46,10.9,0.08
207020,0.54,0.95,13.46,10.9,0.1
207070,0.61,0.96,13.46,10.9,0.09
207120,0.47,0.93,13.46,10.91,0.12
207130,0.49,0.94,13.46,10.91,0.12
207170,0.46,0.94,13.46,10.91,0.12
207320,0.43,0.91,13.47,10.91,0.09
207510,0.51,0.9,13.47,10.91,0.07
207570,0.51,0.89,13.47,10.91,0.14
207640,0.7,0.93,13.47,10.91,0.16
207660,0.64,0.94,13.47,10.91,0.17
207870,0.41,0.89,13.47,10.92,0.05
207890,0.44,0.88,13.48,10.92,0.05
207960,0.38,0.88,13.48,10.92,0.05
207980,0.41,0.89,13.48,10.92,0.05
208140,0.46,0.87,13.48,10.92,0.05
208170,0.4,0.87,13.48,10.92,0.05
208260,0.49,0.88,13.48,10.92,0.07
208310,0.51,0.88,13.48,10.92,0.07
208470,0.5,0.89,13.48,10.93,0.06
208490,0.41,0.89,13.49,10.93,0.06
208520,0.43,0.9,13.49,10.93,0.07
208620,0.52,0.93,13.49,10.93,0.05
208800,0.56,0.96,13.49,10.93,0.06
208960,0.54,0.93,13.49,10.94,0.06
208990,0.63,0.94,13.5,10.94,0.07
209080,0.56,0.93,13.5,10.94,0.05
209130,0.59,0.94,13.5,10.94,0.1
209280,0.56,0.92,13.5,10.94,0.11
209310,0.59,0.92,13.5,10.94,0.11
209630,0.56,0.93,13.51,10.95,0.07
209660,0.53,0.92,13.51,10.95,0.1
209990,0.51,0.97,13.52,10.95,0.08
210070,0.54,0.96,13.52,10.96,0.1
210110,0.48,0.92,13.52,10.96,0.1
210140,0.5,0.92,13.52,10.96,0.18
210200,0.54,0.93,13.52,10.96,0.09
210240,0.56,0.95,13.52,10.96,0.09
210540,0.45,0.92,13.53,10.96,0.07
210820,0.61,0.96,13.54,10.97,0.11
210960,0.56,0.95,13.54,10.98,0.09
210990,0.65,0.95,13.54,10.98,0.09
211010,0.69,0.96,13.54,10.98,0.09
211070,0.57,0.96,13.54,10.98,0.11
211080,0.58,0.95,13.54,10.98,0.1
211110,0.55,0.95,13.54,10.98,0.1
211120,0.46,0.95,13.54,10.98,0.1
211230,0.51,0.95,13.55,10.98,0.09
211350,0.56,0.95,13.55,10.99,0.08
211380,0.53,0.95,13.55,10.99,0.14
211410,0.63,0.95,13.55,10.99,0.14
211490,0.51,0.93,13.55,10.99,0.1
211640,0.41,0.94,13.56,10.99,0.06
211760,0.41,0.93,13.56,10.99,0.07
211820,0.5,0.94,13.56,10.99,0.16
211870,0.54,0.96,13.56,11.0,0.13
211940,0.56,0.97,13.56,11.0,0.12
212000,0.57,0.96,13.56,11.0,0.1
212030,0.52,0.95,13.56,11.0,0.1
212040,0.57,0.95,13.56,11.0,0.06
212440,0.59,0.96,13.58,11.01,0.07
212490,0.61,0.96,13.58,11.01,0.07
212640,0.66,0.96,13.58,11.01,0.15
212730,0.69,0.98,13.58,11.02,0.18
212840,0.72,0.94,13.58,11.02,0.11
212990,0.72,0.89,13.59,11.02,0.12
213080,0.66,0.89,13.59,11.02,0.13
213120,0.55,0.85,13.59,11.02,0.07
213130,0.61,0.85,13.59,11.02,0.07
213250,0.71,0.86,13.59,11.03,0.11
213320,0.65,0.86,13.59,11.03,0.07
213430,0.68,0.88,13.6,11.03,0.1
213460,0.52,0.86,13.6,11.03,0.1
213520,0.44,0.84,13.6,11.03,0.09
213540,0.54,0.85,13.6,11.03,0.06
213740,0.5,0.86,13.6,11.04,0.06
213760,0.48,0.85,13.6,11.04,0.06
213810,0.39,0.84,13.61,11.04,0.09
213840,0.41,0.85,13.61,11.04,0.09
213950,0.4,0.83,13.61,11.04,0.07
214100,0.46,0.85,13.61,11.04,0.06
214250,0.46,0.83,13.61,11.04,0.09
214340,0.51,0.84,13.62,11.05,0.07
214360,0.63,0.85,13.62,11.05,0.07
214410,0.74,0.85,13.62,11.05,0.1
214420,0.73,0.85,13.62,11.05,0.1
214460,0.7,0.84,13.62,11.05,0.07
214470,0.67,0.84,13.62,11.05,0.07
214490,0.68,0.84,13.62,11.05,0.07
214700,0.54,0.85,13.63,11.05,0.1
214770,0.53,0.84,13.63,11.06,0.09
214840,0.49,0.84,13.63,11.06,0.07
214940,0.6,0.89,13.63,11.06,0.04
215110,0.57,0.85,13.63,11.06,0.07
215120,0.56,0.85,13.63,11.06,0.07
215190,0.51,0.85,13.63,11.06,0.04
215230,0.51,0.85,13.63,11.06,0.05
215290,0.54,0.84,13.64,11.07,0.06
215320,0.55,0.84,13.64,11.07,0.06
215390,0.62,0.86,13.64,11.07,0.05
215420,0.59,0.86,13.64,11.07,0.05
215630,0.48,0.85,13.64,11.07,0.1
215640,0.44,0.85,13.64,11.07,0.06
215660,0.43,0.83,13.64,11.07,0.06
215850,0.51,0.85,13.65,11.08,0.08
215860,0.52,0.85,13.65,11.08,0.08
216030,0.59,0.87,13.65,11.08,0.11
216040,0.63,0.87,13.65,11.08,0.11
216080,0.62,0.88,13.65,11.08,0.12
216180,0.56,0.87,13.65,11.08,0.27
216310,0.68,0.88,13.66,11.08,0.29
216450,0.6,0.89,13.66,11.09,0.22
216470,0.58,0.88,13.66,11.09,0.22
216680,0.57,0.84,13.66,11.09,0.06
216710,0.56,0.84,13.66,11.09,0.06
216760,0.52,0.84,13.66,11.09,0.05
216890,0.59,0.88,13.66,11.09,0.08
217010,0.63,0.89,13.67,11.09,0.06
217070,0.56,0.87,13.67,11.1,0.05
217290,0.6,0.89,13.67,11.1,0.05
217370,0.62,0.9,13.67,11.1,0.06
217660,0.55,0.88,13.68,11.11,0.07
217690,0.54,0.86,13.68,11.11,0.07
217990,0.5,0.86,13.69,11.11,0.14
218100,0.55,0.87,13.69,11.11,0.08
218170,0.5,0.87,13.69,11.11,0.07
218450,0.47,0.88,13.7,11.12,0.05
218520,0.42,0.87,13.7,11.12,0.05
218540,0.42,0.88,13.7,11.12,0.05
218620,0.44,0.88,13.7,11.12,0.06
218650,0.47,0.88,13.7,11.12,0.04
218670,0.44,0.88,13.7,11.12,0.04
218870,0.6,0.89,13.7,11.13,0.06
218920,0.67,0.91,13.7,11.13,0.07
218940,0.64,0.9,13.71,11.13,0.15
218980,0.64,0.89,13.71,11.13,0.15
219010,0.52,0.89,13.71,11.13,0.06
219070,0.48,0.89,13.71,11.13,0.05
219100,0.42,0.88,13.71,11.13,0.05
219580,0.41,0.88,13.72,11.14,0.05
219660,0.44,0.89,13.72,11.14,0.06
219770,0.43,0.87,13.72,11.14,0.08
219780,0.44,0.87,13.72,11.14,0.06
219880,0.42,0.89,13.72,11.14,0.04
219890,0.43,0.89,13.72,11.14,0.04
219970,0.46,0.89,13.72,11.15,0.05
220200,0.43,0.89,13.73,11.15,0.06
220240,0.46,0.89,13.73,11.15,0.06
220310,0.4,0.88,13.73,11.15,0.07
220320,0.41,0.88,13.73,11.15,0.06
220350,0.46,0.87,13.73,11.15,0.06
220420,0.45,0.89,13.73,11.15,0.06
220470,0.68,0.91,13.73,11.15,0.06
220510,0.59,0.89,13.73,11.15,0.09
220610,0.43,0.88,13.74,11.16,0.04
220620,0.4,0.87,13.74,11.16,0.05
220770,0.46,0.88,13.74,11.16,0.06
220830,0.46,0.87,13.74,11.16,0.07
220870,0.44,0.88,13.74,11.16,0.06
220950,0.52,0.88,13.74,11.16,0.06
221010,0.46,0.88,13.74,11.16,0.07
221100,0.39,0.88,13.75,11.17,0.06
221110,0.41,0.88,13.75,11.17,0.06
221180,0.39,0.89,13.75,11.17,0.06
221300,0.54,0.91,13.75,11.17,0.06
221310,0.5,0.91,13.75,11.17,0.06
221430,0.44,0.92,13.75,11.17,0.06
221520,0.41,0.92,13.75,11.17,0.08
221580,0.6,0.91,13.75,11.17,0.06
221630,0.63,0.93,13.75,11.17,0.06
221670,0.57,0.92,13.76,11.17,0.06
221750,0.53,0.91,13.76,11.18,0.06
221920,0.58,0.88,13.76,11.18,0.08
222060,0.58,0.94,13.76,11.18,0.13
222130,0.59,0.92,13.76,11.18,0.13
222350,0.62,0.94,13.77,11.19,0.14
222540,0.52,0.89,13.77,11.19,0.11
222660,0.59,0.9,13.77,11.19,0.17
222860,0.53,0.9,13.78,11.19,0.05
222910,0.57,0.91,13.78,11.19,0.1
223000,0.57,0.9,13.78,11.2,0.08
223040,0.65,0.91,13.78,11.2,0.18
223080,0.57,0.91,13.78,11.2,0.14
223220,0.51,0.93,13.78,11.2,0.39
223230,0.46,0.93,13.78,11.2,0.39
223370,0.57,0.95,13.79,11.2,0.07
223420,0.54,0.94,13.79,11.2,0.07
223520,0.8,0.95,13.79,11.21,0.07
223650,0.51,0.93,13.79,11.21,0.13
223700,0.57,0.91,13.79,11.21,0.09
223730,0.56,0.92,13.79,11.21,0.09
223770,0.5,0.93,13.8,11.21,0.08
223940,0.4,0.95,13.8,11.21,0.08
224010,0.45,0.95,13.8,11.21,0.08
224020,0.42,0.95,13.8,11.21,0.08
224130,0.53,0.95,13.8,11.22,0.07
224470,0.45,0.93,13.81,11.22,0.08
224500,0.46,0.92,13.81,11.22,0.08
224580,0.4,0.92,13.81,11.22,0.08
224670,0.58,0.94,13.81,11.23,0.09
224700,0.6,0.94,13.81,11.23,0.07
224750,0.53,0.95,13.81,11.23,0.07
224790,0.47,0.95,13.81,11.23,0.07
224850,0.45,0.94,13.82,11.23,0.05
225240,0.57,0.92,13.82,11.24,0.12
225260,0.54,0.92,13.82,11.24,0.12
225560,0.53,0.91,13.83,11.24,0.1
226020,0.41,0.93,13.84,11.25,0.06
226080,0.36,0.92,13.84,11.25,0.06
226180,0.41,0.93,13.84,11.25,0.18
226270,0.44,0.93,13.85,11.25,0.16
226290,0.45,0.93,13.85,11.25,0.16
226340,0.42,0.93,13.85,11.25,0.18
226580,0.47,0.93,13.85,11.26,0.13
226840,0.44,0.94,13.86,11.26,0.16
226880,0.51,0.96,13.86,11.26,0.16
226930,0.54,0.97,13.86,11.26,0.06
226960,0.49,0.96,13.86,11.26,0.06
227000,0.53,0.97,13.86,11.26,0.08
227130,0.6,0.97,13.87,11.27,0.18
227230,0.48,0.93,13.87,11.27,0.41
227290,0.59,0.95,13.87,11.27,0.39
227360,0.58,0.94,13.87,11.27,0.2
227530,0.51,0.96,13.87,11.27,0.09
227710,0.71,0.97,13.88,11.28,0.29
227840,0.61,0.97,13.88,11.28,0.21
228010,0.51,0.98,13.88,11.28,0.07
228170,0.62,0.91,13.89,11.28,0.08
228200,0.64,0.9,13.89,11.28,0.08
228310,0.5,0.89,13.89,11.28,0.08
228360,0.35,0.89,13.89,11.29,0.08
228370,0.48,0.89,13.89,11.29,0.08
228480,0.27,0.88,13.89,11.29,0.04
228560,0.29,0.88,13.89,11.29,0.04
228630,0.28,0.88,13.9,11.29,0.05
228860,0.33,0.89,13.9,11.29,0.07
229060,0.48,0.9,13.9,11.29,0.07
229180,0.4,0.9,13.91,11.3,0.07
229240,0.45,0.92,13.91,11.3,0.08
229640,0.5,0.91,13.91,11.3,0.07
229680,0.69,0.96,13.92,11.3,0.15
229790,0.46,0.91,13.92,11.31,0.22
229830,0.47,0.91,13.92,11.31,0.17
229870,0.48,0.9,13.92,11.31,0.07
229880,0.44,0.9,13.92,11.31,0.07
229910,0.44,0.9,13.92,11.31,0.07
229940,0.43,0.9,13.92,11.31,0.06
230000,0.41,0.92,13.92,11.31,0.05
230050,0.36,0.91,13.92,11.31,0.08
230270,0.35,0.88,13.93,11.31,0.08
230400,0.33,0.9,13.93,11.32,0.05
230470,0.33,0.89,13.93,11.32,0.06
230510,0.39,0.9,13.93,11.32,0.06
230560,0.4,0.91,13.93,11.32,0.05
230680,0.4,0.92,13.93,11.32,0.04
230700,0.38,0.92,13.94,11.32,0.08
230750,0.35,0.9,13.94,11.32,0.08
230830,0.58,0.9,13.94,11.32,0.09
231000,0.37,0.91,13.94,11.32,0.04
231100,0.35,0.91,13.94,11.33,0.05
231220,0.57,0.93,13.94,11.33,0.2
231380,0.49,0.96,13.95,11.33,0.19
231430,0.49,0.95,13.95,11.33,0.46
231580,0.36,0.91,13.95,11.33,0.08
231630,0.67,0.89,13.95,11.33,0.06
231650,0.51,0.9,13.95,11.33,0.06
231800,0.33,0.89,13.96,11.34,0.04
231940,0.34,0.9,13.96,11.34,0.08
232060,0.53,0.89,13.96,11.34,0.04
232140,0.22,0.88,13.96,11.34,0.07
232210,0.64,0.88,13.96,11.34,0.04
232230,0.4,0.88,13.96,11.34,0.04
232240,0.29,0.89,13.96,11.34,0.04
232360,0.27,0.89,13.96,11.34,0.07
232460,0.29,0.89,13.96,11.34,0.09
232750,0.29,0.9,13.97,11.35,0.04
232820,0.43,0.91,13.97,11.35,0.04
232880,0.28,0.91,13.97,11.35,0.05
232890,0.62,0.91,13.97,11.35,0.05
232900,0.28,0.91,13.97,11.35,0.05
232990,0.62,0.91,13.97,11.35,0.04
233090,0.38,0.93,13.98,11.35,0.05
233130,0.39,0.94,13.98,11.35,0.05
233170,0.38,0.93,13.98,11.35,0.08
233240,0.28,0.91,13.98,11.36,0.07
233370,0.34,0.92,13.99,11.36,0.06
233500,0.39,0.95,13.99,11.36,0.11
233550,0.27,0.92,13.99,11.36,0.1
233590,0.46,0.94,13.99,11.36,0.12
233720,0.26,0.93,13.99,11.36,0.09
233760,0.72,0.96,14.0,11.36,0.1
233810,0.38,0.95,14.0,11.36,0.1
234160,0.47,0.96,14.0,11.37,0.06
234370,0.37,0.94,14.01,11.37,0.06
234410,0.3,0.91,14.01,11.37,0.06
234570,0.36,0.92,14.01,11.38,0.09
234800,0.39,0.94,14.02,11.38,0.09
234840,0.35,0.95,14.02,11.38,0.06
234940,0.31,0.93,14.02,11.38,0.1
234980,0.49,0.94,14.02,11.38,0.06
235060,0.38,0.95,14.02,11.38,0.09
235080,0.41,0.95,14.02,11.39,0.08
235170,0.38,0.95,14.03,11.39,0.07
235230,0.35,0.96,14.03,11.39,0.1
235260,0.36,0.92,14.03,11.39,0.09
235500,0.32,0.92,14.04,11.39,0.04
235640,0.27,0.91,14.04,11.4,0.05
235660,0.24,0.9,14.04,11.4,0.05
235760,0.38,0.92,14.04,11.4,0.04
236250,0.57,0.91,14.05,11.4,0.05
236350,0.29,0.92,14.05,11.41,0.05
236370,0.23,0.91,14.05,11.41,0.05
236400,0.24,0.91,14.05,11.41,0.04
236420,0.27,0.92,14.05,11.41,0.04
236470,0.38,0.92,14.05,11.41,0.05
236480,0.32,0.93,14.05,11.41,0.05
236530,0.7,0.96,14.05,11.41,0.09
236610,0.58,0.91,14.06,11.41,0.31
236730,0.3,0.85,14.06,11.41,0.54
236810,0.32,0.87,14.06,11.41,0.06
236890,0.43,0.87,14.06,11.41,0.09
236900,0.36,0.87,14.06,11.41,0.09
236920,0.39,0.88,14.06,11.41,0.09
237230,0.37,0.88,14.07,11.42,0.05
237390,0.39,0.89,14.07,11.42,0.05
237440,0.42,0.89,14.07,11.42,0.05
237500,0.56,0.89,14.08,11.42,0.06
237510,0.48,0.89,14.08,11.42,0.06
237540,0.39,0.9,14.08,11.42,0.04
237570,0.38,0.9,14.08,11.42,0.04
237670,0.42,0.92,14.08,11.42,0.07
237710,0.34,0.92,14.08,11.43,0.07
237910,0.38,0.91,14.08,11.43,0.13
237940,0.37,0.91,14.08,11.43,0.13
238040,0.59,0.93,14.09,11.43,0.11
238050,0.61,0.93,14.09,11.43,0.11
238420,0.35,0.91,14.09,11.44,0.14
238540,0.32,0.92,14.1,11.44,0.06
238600,0.66,0.93,14.1,11.44,0.09
238650,0.47,0.93,14.1,11.44,0.12
238770,0.42,0.89,14.1,11.44,0.1
238790,0.42,0.9,14.1,11.44,0.1
238830,0.48,0.91,14.1,11.44,0.11
238920,0.3,0.9,14.1,11.45,0.08
238930,0.3,0.9,14.1,11.45,0.08
238980,0.33,0.91,14.1,11.45,0.05
239050,0.4,0.9,14.11,11.45,0.06
239070,0.43,0.9,14.11,11.45,0.06
239140,0.3,0.91,14.11,11.45,0.05
239160,0.55,0.91,14.11,11.45,0.06
239320,0.25,0.9,14.11,11.45,0.05
239420,0.36,0.92,14.11,11.45,0.04
239440,0.45,0.92,14.11,11.45,0.04
239600,0.26,0.92,14.11,11.45,0.04
239620,0.29,0.92,14.11,11.46,0.04
239630,0.29,0.92,14.11,11.46,0.04
239640,0.3,0.92,14.11,11.46,0.04
239670,0.61,0.92,14.11,11.46,0.04
239680,0.6,0.92,14.11,11.46,0.04
239690,0.61,0.92,14.11,11.46,0.04
239710,0.34,0.92,14.12,11.46,0.04
239890,0.36,0.91,14.12,11.46,0.06
240030,0.32,0.91,14.12,11.46,0.09
240250,0.24,0.9,14.13,11.47,0.09
240270,0.47,0.9,14.13,11.47,0.09
240320,0.27,0.91,14.13,11.47,0.05
240440,0.25,0.9,14.13,11.47,0.11
240470,0.24,0.91,14.13,11.47,0.11
240480,0.27,0.91,14.13,11.47,0.08
240510,0.47,0.9,14.13,11.47,0.08
240700,0.32,0.9,14.14,11.47,0.06
240720,0.23,0.9,14.14,11.48,0.05
240740,0.28,0.9,14.14,11.48,0.05
240800,0.25,0.9,14.14,11.48,0.04
240830,0.3,0.91,14.14,11.48,0.04
241010,0.3,0.9,14.14,11.48,0.04
241050,0.59,0.91,14.14,11.48,0.03
241100,0.38,0.91,14.14,11.48,0.04
241150,0.5,0.91,14.14,11.48,0.03
241160,0.56,0.91,14.14,11.48,0.03
241170,0.25,0.91,14.14,11.48,0.03
241790,0.33,0.9,14.15,11.49,0.04
241830,0.31,0.91,14.15,11.49,0.04
241870,0.34,0.91,14.15,11.49,0.03
241960,0.37,0.91,14.15,11.49,0.06
242030,0.34,0.92,14.16,11.49,0.05
242240,0.3,0.92,14.16,11.5,0.05
242320,0.29,0.9,14.16,11.5,0.04
242360,0.3,0.91,14.16,11.5,0.07
242440,0.42,0.93,14.16,11.5,0.03
242490,0.26,0.91,14.16,11.5,0.06
242560,0.3,0.91,14.16,11.5,0.04
242570,0.3,0.91,14.17,11.5,0.04
242590,0.62,0.92,14.17,11.5,0.06
242670,0.24,0.89,14.17,11.5,0.07
243040,0.23,0.88,14.17,11.51,0.03
243100,0.38,0.9,14.17,11.51,0.03
243130,0.49,0.89,14.17,11.51,0.09
243160,0.53,0.89,14.17,11.51,0.09
243180,0.28,0.89,14.17,11.51,0.06
243350,0.5,0.9,14.18,11.51,0.05
243390,0.59,0.92,14.18,11.51,0.05
243410,0.46,0.92,14.18,11.51,0.05
243500,0.4,0.91,14.18,11.51,0.06
243540,0.38,0.91,14.18,11.51,0.07
243630,0.51,0.91,14.18,11.51,0.04
243680,0.41,0.9,14.18,11.52,0.06
243740,0.28,0.9,14.18,11.52,0.04
243880,0.27,0.91,14.18,11.52,0.05
243900,0.34,0.91,14.18,11.52,0.04
243970,0.35,0.92,14.19,11.52,0.05
244150,0.34,0.92,14.19,11.52,0.05
244180,0.35,0.92,14.19,11.52,0.05
244220,0.6,0.92,14.19,11.52,0.06
244320,0.33,0.94,14.19,11.52,0.04
244340,0.37,0.96,14.19,11.52,0.04
244380,0.43,0.97,14.19,11.52,0.08
244390,0.41,0.97,14.19,11.52,0.08
244850,0.46,0.93,14.2,11.53,0.11
244860,0.43,0.93,14.2,11.53,0.1
244970,0.65,0.96,14.2,11.53,0.15
245090,0.4,0.95,14.21,11.53,0.09
245240,0.33,0.93,14.21,11.54,0.07
245290,0.32,0.93,14.21,11.54,0.04
245330,0.33,0.94,14.21,11.54,0.04
245340,0.35,0.94,14.21,11.54,0.04
245360,0.4,0.95,14.21,11.54,0.04
245590,0.32,0.91,14.21,11.54,0.08
245780,0.47,0.94,14.22,11.55,0.06
245820,0.61,0.93,14.22,11.55,0.08
245840,0.43,0.93,14.22,11.55,0.08
245950,0.41,0.92,14.22,11.55,0.04
246070,0.59,0.94,14.22,11.55,0.07
246080,0.62,0.95,14.22,11.55,0.07
246090,0.52,0.94,14.22,11.55,0.07
246220,0.45,0.92,14.23,11.55,0.06
246320,0.32,0.94,14.23,11.55,0.05
246440,0.31,0.93,14.23,11.55,0.08
246480,0.66,0.94,14.23,11.55,0.04
246580,0.59,0.94,14.23,11.56,0.04
246640,0.35,0.95,14.23,11.56,0.05
246920,0.24,0.92,14.24,11.56,0.03
246990,0.4,0.92,14.24,11.56,0.03
247030,0.2,0.92,14.24,11.56,0.06
247310,0.33,0.94,14.24,11.57,0.05
247530,0.62,0.97,14.25,11.57,0.06
247720,0.29,0.93,14.25,11.57,0.06
247750,0.29,0.93,14.25,11.57,0.04
247970,0.29,0.93,14.26,11.57,0.08
248040,0.36,0.92,14.26,11.58,0.08
248060,0.64,0.93,14.26,11.58,0.08
248090,0.27,0.92,14.26,11.58,0.08
248120,0.5,0.96,14.26,11.58,0.08
248140,0.32,0.94,14.26,11.58,0.08
248180,0.34,0.94,14.26,11.58,0.07
248200,0.36,0.94,14.26,11.58,0.07
248270,0.23,0.95,14.26,11.58,0.04
248370,0.59,0.95,14.26,11.58,0.04
248520,0.57,0.96,14.26,11.58,0.05
248540,0.52,0.96,14.27,11.58,0.05
248730,0.59,0.97,14.27,11.58,0.04
248760,0.68,0.97,14.27,11.58,0.05
248780,0.51,0.96,14.27,11.58,0.05
248800,0.36,0.92,14.27,11.58,0.05
248840,0.33,0.92,14.27,11.58,0.07
248850,0.34,0.92,14.27,11.59,0.07
248930,0.39,0.93,14.27,11.59,0.05
249040,0.64,0.9,14.27,11.59,0.06
249070,0.3,0.89,14.27,11.59,0.05
249220,0.58,0.89,14.28,11.59,0.04
249460,0.36,0.92,14.28,11.59,0.28
249530,0.35,0.92,14.28,11.59,0.04
249650,0.38,0.94,14.28,11.6,0.05
249670,0.36,0.93,14.28,11.6,0.04
249910,0.36,0.92,14.29,11.6,0.06
250050,0.21,0.91,14.29,11.6,0.05
250100,0.63,0.91,14.29,11.6,0.04
250130,0.25,0.92,14.29,11.6,0.04
250180,0.26,0.92,14.29,11.61,0.05
250310,0.32,0.94,14.29,11.61,0.05
250410,0.45,0.93,14.29,11.61,0.09
250600,0.44,0.94,14.3,11.61,0.04
250610,0.39,0.93,14.3,11.61,0.04
250630,0.38,0.94,14.3,11.61,0.07
250660,0.39,0.94,14.3,11.61,0.07
250690,0.6,0.94,14.3,11.61,0.12
250800,0.27,0.93,14.3,11.61,0.03
250910,0.29,0.93,14.31,11.61,0.05
250970,0.35,0.93,14.31,11.61,0.05
251180,0.3,0.93,14.31,11.62,0.04
251290,0.45,0.93,14.31,11.62,0.03
251640,0.23,0.93,14.32,11.62,0.04
251670,0.65,0.93,14.32,11.62,0.04
251690,0.2,0.93,14.32,11.62,0.04
251700,0.19,0.92,14.32,11.62,0.04
251800,0.19,0.93,14.32,11.62,0.04
251830,0.21,0.93,14.32,11.62,0.03
251850,0.34,0.93,14.32,11.62,0.03
251990,0.55,0.94,14.32,11.63,0.03
252130,0.37,0.96,14.32,11.63,0.05
252230,0.34,0.97,14.33,11.63,0.04
252430,0.52,0.95,14.33,11.63,0.06
252530,0.22,0.95,14.33,11.63,0.03
252760,0.21,0.93,14.33,11.64,0.05
252820,0.48,0.93,14.34,11.64,0.04
252980,0.24,0.94,14.34,11.64,0.04
253040,0.2,0.94,14.34,11.64,0.04
253090,0.21,0.94,14.34,11.64,0.03
253140,0.22,0.94,14.34,11.64,0.04
253210,0.5,0.94,14.34,11.64,0.04
253370,0.36,0.94,14.34,11.64,0.04
253380,0.41,0.94,14.34,11.64,0.03
253420,0.24,0.94,14.34,11.64,0.03
253650,0.52,0.94,14.35,11.64,0.03
253750,0.23,0.94,14.35,11.65,0.04
253840,0.27,0.96,14.35,11.65,0.03
253870,0.23,0.94,14.35,11.65,0.05
254020,0.18,0.94,14.35,11.65,0.03
254030,0.17,0.94,14.35,11.65,0.03
254040,0.17,0.94,14.35,11.65,0.03
254260,0.18,0.95,14.35,11.65,0.04
254320,0.19,0.95,14.35,11.65,0.03
254390,0.22,0.94,14.35,11.65,0.03
254400,0.19,0.94,14.35,11.65,0.03
254680,0.24,0.96,14.36,11.66,0.04
254770,0.22,0.95,14.36,11.66,0.03
254780,0.3,0.95,14.36,11.66,0.03
255010,0.2,0.94,14.36,11.66,0.04
255120,0.16,0.94,14.36,11.66,0.04
255170,0.16,0.94,14.36,11.66,0.04
255240,0.2,0.95,14.36,11.66,0.07
255340,0.6,0.94,14.36,11.66,0.04
255420,0.15,0.94,14.36,11.66,0.03
255450,0.16,0.94,14.37,11.66,0.03
255650,0.17,0.94,14.37,11.67,0.04
255710,0.24,0.95,14.37,11.67,0.04
255860,0.32,0.96,14.37,11.67,0.04
255870,0.59,0.96,14.37,11.67,0.04
255900,0.28,0.95,14.37,11.67,0.09
255920,0.42,0.95,14.37,11.67,0.09
255960,0.32,0.98,14.37,11.67,0.12
256100,0.49,0.97,14.38,11.67,0.05
256260,0.21,0.95,14.38,11.67,0.04
256270,0.3,0.95,14.38,11.67,0.04
256350,0.45,0.93,14.38,11.67,0.04
256400,0.18,0.93,14.38,11.67,0.05
256510,0.33,0.93,14.38,11.68,0.07
256550,0.26,0.93,14.38,11.68,0.07
256580,0.27,0.94,14.38,11.68,0.08
256680,0.3,0.94,14.38,11.68,0.05
256990,0.31,0.96,14.39,11.68,0.04
257050,0.55,0.94,14.39,11.68,0.04
257080,0.21,0.94,14.39,11.68,0.04
257210,0.33,0.94,14.39,11.68,0.03
257250,0.59,0.94,14.39,11.68,0.04
257290,0.71,0.94,14.39,11.68,0.04
257570,0.23,0.94,14.4,11.68,0.06
257690,0.18,0.95,14.4,11.69,0.04
257800,0.32,0.95,14.4,11.69,0.03
257810,0.18,0.95,14.4,11.69,0.03
257840,0.29,0.95,14.4,11.69,0.07
257910,0.23,0.95,14.4,11.69,0.04
258110,0.54,0.94,14.4,11.69,0.04
258200,0.25,0.94,14.4,11.69,0.03
258240,0.17,0.94,14.4,11.69,0.03
258280,0.33,0.94,14.4,11.69,0.03
258300,0.48,0.94,14.4,11.69,0.04
258330,0.4,0.94,14.4,11.69,0.04
258400,0.16,0.94,14.41,11.69,0.03
258430,0.18,0.94,14.41,11.69,0.04
258490,0.35,0.95,14.41,11.69,0.04
258720,0.29,0.95,14.41,11.7,0.03
258780,0.57,0.96,14.41,11.7,0.04
258840,0.34,0.97,14.41,11.7,0.03
258850,0.19,0.97,14.41,11.7,0.03
258870,0.22,0.95,14.41,11.7,0.03
259100,0.5,0.98,14.41,11.7,0.03
259130,0.22,0.97,14.41,11.7,0.03
259340,0.57,0.98,14.41,11.7,0.15
259400,0.24,0.97,14.42,11.7,0.05
259460,0.41,0.96,14.42,11.7,0.06
259530,0.71,0.96,14.42,11.7,0.03
259560,0.23,0.97,14.42,11.7,0.03
259710,0.33,0.96,14.42,11.7,0.06
259820,0.47,0.97,14.42,11.71,0.05
259950,0.31,0.93,14.42,11.71,0.04
259960,0.39,0.93,14.42,11.71,0.04
259970,0.61,0.93,14.42,11.71,0.04
260020,0.28,0.94,14.43,11.71,0.05
260280,0.28,0.91,14.43,11.71,0.05
260310,0.38,0.93,14.43,11.71,0.05
260320,0.37,0.93,14.43,11.71,0.05
260360,0.35,0.9,14.43,11.71,0.05
260380,0.74,0.91,14.43,11.71,0.05
260550,0.55,0.92,14.43,11.72,0.06
260690,0.57,0.93,14.44,11.72,0.04
260720,0.54,0.93,14.44,11.72,0.03
261090,0.46,0.95,14.44,11.72,0.03
261150,0.46,0.89,14.44,11.72,0.09
261190,0.45,0.88,14.45,11.72,0.09
261270,0.46,0.88,14.45,11.73,0.08
261370,0.3,0.89,14.45,11.73,0.05
261390,0.35,0.9,14.45,11.73,0.05
261420,0.4,0.89,14.45,11.73,0.04
261440,0.55,0.89,14.45,11.73,0.04
261490,0.28,0.89,14.45,11.73,0.03
261510,0.23,0.89,14.45,11.73,0.03
261520,0.24,0.89,14.45,11.73,0.03
261740,0.26,0.9,14.45,11.73,0.07
261760,0.32,0.91,14.45,11.73,0.07
261770,0.29,0.91,14.45,11.73,0.07
261810,0.58,0.92,14.45,11.73,0.04
261870,0.38,0.93,14.45,11.73,0.05
261880,0.35,0.93,14.46,11.73,0.05
262130,0.31,0.91,14.46,11.73,0.04
262220,0.23,0.89,14.46,11.74,0.03
262240,0.25,0.9,14.46,11.74,0.03
262330,0.24,0.9,14.46,11.74,0.05
262370,0.23,0.9,14.46,11.74,0.05
262400,0.54,0.89,14.46,11.74,0.03
262490,0.45,0.89,14.46,11.74,0.03
262500,0.3,0.89,14.46,11.74,0.03
262690,0.32,0.89,14.46,11.74,0.03
262940,0.69,0.95,14.47,11.74,0.07
262970,0.49,0.95,14.47,11.74,0.07
263130,0.36,0.9,14.47,11.74,0.03
263210,0.31,0.89,14.47,11.75,0.03
263220,0.3,0.88,14.47,11.75,0.04
263250,0.27,0.86,14.47,11.75,0.04
263440,0.26,0.82,14.47,11.75,0.03
263660,0.44,0.81,14.48,11.75,0.03
263810,0.25,0.81,14.48,11.75,0.03
263820,0.31,0.8,14.48,11.75,0.03
264080,0.36,0.84,14.48,11.75,0.04
264110,0.39,0.85,14.48,11.75,0.04
264120,0.37,0.84,14.48,11.75,0.08
264150,0.54,0.85,14.49,11.76,0.08
264160,0.39,0.85,14.49,11.76,0.08
264560,0.28,0.81,14.49,11.76,0.06
264570,0.28,0.81,14.49,11.76,0.06
264680,0.32,0.82,14.49,11.76,0.04
264700,0.27,0.81,14.49,11.76,0.04
264750,0.39,0.83,14.49,11.76,0.05
264880,0.49,0.9,14.5,11.76,0.07
264920,0.45,0.91,14.5,11.77,0.07
265050,0.34,0.86,14.5,11.77,0.06
265080,0.46,0.86,14.5,11.77,0.03
265370,0.39,0.87,14.51,11.77,0.06
265720,0.6,0.85,14.51,11.78,0.05
266020,0.34,0.85,14.52,11.78,0.06
266090,0.24,0.85,14.52,11.78,0.04
266160,0.26,0.85,14.52,11.78,0.07
266180,0.36,0.84,14.52,11.78,0.07
266230,0.39,0.84,14.52,11.78,0.07
266400,0.32,0.84,14.52,11.78,0.06
266420,0.32,0.84,14.52,11.78,0.06
266580,0.37,0.86,14.53,11.79,0.08
266620,0.67,0.84,14.53,11.79,0.08
266630,0.33,0.83,14.53,11.79,0.08
266690,0.3,0.82,14.53,11.79,0.09
266740,0.4,0.83,14.53,11.79,0.12
266820,0.41,0.83,14.53,11.79,0.12
267060,0.53,0.87,14.54,11.79,0.11
267080,0.48,0.88,14.54,11.79,0.11
267130,0.37,0.87,14.54,11.79,0.13
267160,0.35,0.87,14.54,11.79,0.13
267190,0.35,0.88,14.54,11.79,0.16
267230,0.29,0.87,14.54,11.79,0.16
267280,0.25,0.86,14.54,11.79,0.1
267470,0.59,0.89,14.55,11.8,0.14
267620,0.46,0.88,14.55,11.8,0.1
267710,0.34,0.84,14.55,11.8,0.07
267730,0.33,0.85,14.55,11.8,0.07
268120,0.73,0.85,14.56,11.81,0.08
268150,0.39,0.87,14.56,11.81,0.04
268210,0.37,0.86,14.56,11.81,0.07
268230,0.34,0.86,14.56,11.81,0.07
268260,0.32,0.85,14.56,11.81,0.06
268340,0.33,0.87,14.56,11.81,0.06
268350,0.32,0.88,14.56,11.81,0.06
268580,0.36,0.9,14.56,11.81,0.06
268600,0.41,0.92,14.56,11.81,0.06
268630,0.4,0.93,14.57,11.81,0.04
268800,0.28,0.9,14.57,11.81,0.03
268840,0.48,0.89,14.57,11.81,0.03
269100,0.35,0.85,14.57,11.82,0.04
269170,0.64,0.87,14.57,11.82,0.1
269440,0.25,0.84,14.58,11.82,0.03
269640,0.35,0.82,14.58,11.82,0.03
269700,0.2,0.84,14.58,11.82,0.03
269770,0.29,0.86,14.58,11.82,0.03
269780,0.24,0.85,14.58,11.82,0.03
269790,0.32,0.85,14.58,11.82,0.03
270000,0.22,0.84,14.58,11.82,0.03
270140,0.4,0.86,14.59,11.83,0.05
270180,0.29,0.86,14.59,11.83,0.1
270200,0.52,0.85,14.59,11.83,0.1
270280,0.55,0.86,14.59,11.83,0.05
270310,0.42,0.88,14.59,11.83,0.05
270320,0.35,0.88,14.59,11.83,0.05
270370,0.36,0.88,14.59,11.83,0.05
270380,0.31,0.88,14.59,11.83,0.05
270530,0.42,0.91,14.6,11.83,0.06
270620,0.56,0.89,14.6,11.83,0.09
270630,0.31,0.9,14.6,11.83,0.09
270710,0.35,0.91,14.6,11.83,0.12
270720,0.36,0.91,14.6,11.83,0.1
270920,0.39,0.9,14.61,11.84,0.06
271050,0.49,0.89,14.61,11.84,0.16
271100,0.45,0.89,14.61,11.84,0.11
271190,0.53,0.89,14.62,11.84,0.09
271250,0.31,0.89,14.62,11.84,0.1
271300,0.65,0.9,14.62,11.84,0.11
271510,0.3,0.89,14.62,11.84,0.1
271550,0.32,0.89,14.62,11.84,0.1
271650,0.54,0.88,14.63,11.84,0.05
271690,0.41,0.89,14.63,11.84,0.06
271740,0.46,0.89,14.63,11.85,0.07
271770,0.34,0.89,14.63,11.85,0.07
271790,0.35,0.89,14.63,11.85,0.07
271810,0.33,0.89,14.63,11.85,0.06
271870,0.64,0.89,14.63,11.85,0.07
271890,0.36,0.9,14.63,11.85,0.07
272010,0.31,0.9,14.64,11.85,0.08
272050,0.67,0.91,14.64,11.85,0.14
272210,0.31,0.91,14.64,11.85,0.14
272350,0.42,0.92,14.65,11.85,0.1
272420,0.38,0.93,14.65,11.85,0.09
272700,0.59,0.93,14.65,11.86,0.08
272780,0.43,0.92,14.66,11.86,0.05
272820,0.38,0.93,14.66,11.86,0.1
272970,0.41,0.94,14.66,11.86,0.07
273320,0.35,0.94,14.67,11.87,0.05
273350,0.54,0.94,14.67,11.87,0.05
273370,0.68,0.93,14.67,11.87,0.07
273530,0.34,0.93,14.67,11.87,0.08
273560,0.33,0.94,14.67,11.87,0.06
273650,0.45,0.93,14.67,11.87,0.1
273700,0.62,0.96,14.67,11.87,0.14
273730,0.54,0.96,14.67,11.87,0.1
273750,0.61,0.96,14.68,11.87,0.1
274000,0.41,0.96,14.68,11.87,0.1
274100,0.42,0.95,14.69,11.88,0.05
274240,0.45,0.98,14.69,11.88,0.06
274280,0.47,0.96,14.69,11.88,0.08
274300,0.45,0.96,14.69,11.88,0.08
274390,0.43,0.94,14.69,11.88,0.09
274590,0.68,0.88,14.7,11.88,0.13
274680,0.4,0.88,14.7,11.88,0.06
275040,0.4,0.9,14.7,11.89,0.07
275170,0.33,0.88,14.71,11.89,0.07
275270,0.34,0.9,14.71,11.89,0.09
275730,0.62,0.89,14.72,11.9,0.05
275770,0.32,0.88,14.72,11.9,0.16
275810,0.38,0.9,14.72,11.9,0.16
275920,0.29,0.9,14.72,11.9,0.06
276010,0.37,0.91,14.72,11.9,0.11
276080,0.29,0.9,14.72,11.9,0.06
276450,0.25,0.9,14.73,11.9,0.04
276470,0.23,0.9,14.73,11.9,0.04
276480,0.27,0.91,14.73,11.91,0.06
276630,0.36,0.95,14.73,11.91,0.06
276940,0.46,0.93,14.74,11.91,0.03
277060,0.46,0.91,14.74,11.91,0.05
277130,0.61,0.89,14.74,11.92,0.03
277170,0.27,0.89,14.74,11.92,0.04
277190,0.25,0.9,14.74,11.92,0.04
277310,0.42,0.93,14.75,11.92,0.04
277440,0.36,0.92,14.75,11.92,0.08
277470,0.37,0.93,14.75,11.92,0.08
277790,0.48,0.97,14.75,11.92,0.12
277820,0.45,0.96,14.76,11.92,0.14
277850,0.42,0.94,14.76,11.93,0.14
277870,0.38,0.94,14.76,11.93,0.21
277900,0.54,0.94,14.76,11.93,0.21
277910,0.36,0.94,14.76,11.93,0.21
278000,0.42,0.94,14.76,11.93,0.12
278320,0.36,0.9,14.76,11.93,0.07
278330,0.36,0.89,14.76,11.93,0.07
278450,0.28,0.9,14.77,11.93,0.07
278490,0.71,0.89,14.77,11.94,0.06
278570,0.33,0.9,14.77,11.94,0.05
278770,0.38,0.9,14.77,11.94,0.03
278940,0.72,0.9,14.77,11.94,0.05
279110,0.31,0.91,14.78,11.94,0.06
279120,0.29,0.91,14.78,11.94,0.12
279410,0.59,0.91,14.78,11.95,0.08
279460,0.27,0.88,14.78,11.95,0.12
279650,0.36,0.9,14.79,11.95,0.05
279720,0.44,0.88,14.79,11.95,0.05
279820,0.52,0.88,14.79,11.95,0.04
280020,0.45,0.9,14.79,11.95,0.05
280070,0.44,0.91,14.8,11.96,0.05
280120,0.72,0.93,14.8,11.96,0.08
280160,0.45,0.92,14.8,11.96,0.05
280190,0.71,0.93,14.8,11.96,0.05
280270,0.46,0.93,14.8,11.96,0.07
280340,0.71,0.9,14.8,11.96,0.05
280370,0.37,0.9,14.8,11.96,0.05
280790,0.46,0.95,14.81,11.96,0.15
280810,0.53,0.95,14.82,11.97,0.14
280930,0.74,0.97,14.82,11.97,0.1
281240,0.57,0.95,14.83,11.97,0.13
281390,0.67,0.95,14.83,11.97,0.11
281410,0.49,0.94,14.83,11.97,0.1
281480,0.67,0.92,14.83,11.97,0.08
281550,0.46,0.93,14.83,11.98,0.13
281560,0.5,0.92,14.83,11.98,0.13
281610,0.44,0.93,14.84,11.98,0.1
281680,0.3,0.91,14.84,11.98,0.08
281880,0.4,0.92,14.84,11.98,0.1
281910,0.71,0.91,14.84,11.98,0.1
281920,0.63,0.91,14.84,11.98,0.1
282250,0.59,0.91,14.84,11.99,0.06
282570,0.67,0.97,14.85,11.99,0.07
282600,0.77,0.96,14.85,11.99,0.05
282710,0.74,0.97,14.86,11.99,0.1
282740,0.75,0.97,14.86,11.99,0.05
283120,0.72,0.95,14.88,12.0,0.14
283140,0.71,0.95,14.88,12.0,0.06
283200,0.68,0.95,14.88,12.0,0.06
283220,0.75,0.95,14.88,12.0,0.06
283350,0.73,0.93,14.88,12.0,0.04
283360,0.69,0.92,14.88,12.0,0.04
283560,0.59,0.94,14.89,12.0,0.08
283570,0.62,0.94,14.89,12.0,0.08
283650,0.69,0.94,14.89,12.01,0.09
283690,0.74,0.94,14.89,12.01,0.06
283720,0.72,0.97,14.89,12.01,0.06
283870,0.59,0.96,14.89,12.01,0.12
283960,0.67,0.94,14.89,12.01,0.13
284050,0.7,0.93,14.9,12.01,0.12
284130,0.51,0.93,14.9,12.01,0.12
284160,0.5,0.91,14.9,12.01,0.11
284200,0.39,0.88,14.9,12.01,0.11
284380,0.44,0.85,14.91,12.02,0.11
284420,0.49,0.88,14.91,12.02,0.08
284510,0.66,0.9,14.91,12.02,0.09
284610,0.56,0.93,14.91,12.02,0.1
284700,0.73,0.93,14.91,12.02,0.1
284720,0.7,0.92,14.91,12.02,0.1
284800,0.64,0.91,14.92,12.02,0.09
284860,0.66,0.93,14.92,12.02,0.06
284870,0.67,0.93,14.92,12.02,0.06
284880,0.68,0.93,14.92,12.02,0.08
284890,0.68,0.93,14.92,12.02,0.08
285080,0.62,0.92,14.92,12.03,0.11
285120,0.57,0.93,14.92,12.03,0.07
285150,0.73,0.94,14.92,12.03,0.07
285180,0.73,0.94,14.93,12.03,0.12
285320,0.62,0.97,14.93,12.03,0.07
285360,0.61,0.97,14.93,12.03,0.07
285390,0.61,0.96,14.93,12.03,0.07
285460,0.73,0.92,14.93,12.04,0.12
285550,0.59,0.91,14.93,12.04,0.09
285840,0.55,0.89,14.94,12.04,0.13
285890,0.56,0.89,14.94,12.04,0.13
285960,0.68,0.88,14.94,12.04,0.2
286150,0.57,0.89,14.95,12.05,0.11
286170,0.7,0.9,14.95,12.05,0.11
286180,0.71,0.91,14.95,12.05,0.11
286450,0.68,0.9,14.96,12.05,0.08
286460,0.59,0.9,14.96,12.05,0.08
286580,0.69,0.91,14.96,12.05,0.1
286710,0.66,0.89,14.96,12.06,0.14
286720,0.64,0.89,14.96,12.06,0.14
286760,0.59,0.88,14.96,12.06,0.09
287040,0.7,0.86,14.97,12.06,0.11
287090,0.38,0.86,14.97,12.06,0.11
287120,0.38,0.85,14.97,12.06,0.06
287230,0.55,0.89,14.97,12.06,0.12
287280,0.57,0.9,14.97,12.06,0.13
287330,0.68,0.9,14.97,12.07,0.13
287370,0.5,0.87,14.97,12.07,0.12
287460,0.55,0.87,14.98,12.07,0.07
287680,0.49,0.91,14.98,12.07,0.09
287720,0.63,0.89,14.98,12.07,0.11
287770,0.71,0.91,14.98,12.07,0.08
287990,0.49,0.91,14.99,12.08,0.15
288040,0.48,0.93,14.99,12.08,0.05
288060,0.64,0.93,14.99,12.08,0.09
288140,0.68,0.94,14.99,12.08,0.09
288190,0.6,0.92,14.99,12.08,0.12
288220,0.53,0.93,14.99,12.08,0.12
288320,0.64,0.95,15.0,12.08,0.09
288470,0.59,0.92,15.0,12.09,0.12
288510,0.63,0.93,15.0,12.09,0.2
288720,0.65,0.94,15.0,12.09,0.12
288810,0.46,0.95,15.01,12.09,0.07
288820,0.59,0.95,15.01,12.09,0.07
288830,0.48,0.94,15.01,12.09,0.07
288870,0.61,0.94,15.01,12.09,0.14
289050,0.5,0.94,15.01,12.1,0.07
289090,0.64,0.94,15.01,12.1,0.06
289160,0.53,0.93,15.01,12.1,0.09
289170,0.47,0.93,15.01,12.1,0.09
289180,0.42,0.93,15.01,12.1,0.09
289190,0.51,0.92,15.01,12.1,0.09
289250,0.52,0.9,15.02,12.1,0.12
289300,0.69,0.92,15.02,12.1,0.12
289370,0.47,0.89,15.02,12.1,0.11
289580,0.56,0.89,15.02,12.11,0.11
289660,0.62,0.89,15.02,12.11,0.1
289700,0.41,0.88,15.02,12.11,0.11
289900,0.39,0.89,15.03,12.11,0.07
289950,0.57,0.92,15.03,12.11,0.09
290100,0.43,0.91,15.03,12.12,0.06
290160,0.43,0.9,15.03,12.12,0.06
290180,0.56,0.9,15.03,12.12,0.06
290350,0.66,0.92,15.04,12.12,0.05
290450,0.68,0.94,15.04,12.12,0.08
290680,0.62,0.95,15.05,12.13,0.15
290920,0.54,0.95,15.05,12.13,0.18
290990,0.71,0.93,15.05,12.13,0.15
291080,0.49,0.94,15.05,12.13,0.14
291100,0.53,0.95,15.06,12.13,0.14
291130,0.71,0.97,15.06,12.14,0.11
291170,0.69,0.94,15.06,12.14,0.11
291180,0.64,0.95,15.06,12.14,0.06
291260,0.45,0.95,15.06,12.14,0.08
291300,0.68,0.94,15.06,12.14,0.06
291340,0.57,0.93,15.06,12.14,0.06
291450,0.62,0.9,15.06,12.14,0.04
292020,0.63,0.96,15.08,12.15,0.12
292050,0.63,0.96,15.08,12.15,0.12
292110,0.54,0.93,15.08,12.15,0.15
292190,0.68,0.91,15.09,12.15,0.16
292290,0.58,0.9,15.09,12.16,0.12
292400,0.58,0.89,15.09,12.16,0.12
292480,0.66,0.9,15.09,12.16,0.15
292590,0.7,0.88,15.09,12.16,0.14
292620,0.68,0.88,15.1,12.16,0.13
292640,0.64,0.89,15.1,12.16,0.13
292750,0.57,0.9,15.1,12.17,0.16
292790,0.59,0.91,15.1,12.17,0.16
292860,0.64,0.91,15.1,12.17,0.11
292960,0.52,0.86,15.1,12.17,0.11
292980,0.4,0.87,15.1,12.17,0.12
293050,0.65,0.9,15.11,12.17,0.11
293210,0.7,0.91,15.11,12.18,0.1
293220,0.7,0.92,15.11,12.18,0.08
293230,0.64,0.92,15.11,12.18,0.08
293300,0.65,0.9,15.11,12.18,0.08
293490,0.64,0.9,15.12,12.18,0.06
293500,0.54,0.91,15.12,12.18,0.06
293540,0.65,0.91,15.12,12.19,0.07
293570,0.67,0.91,15.12,12.19,0.07
293870,0.48,0.87,15.12,12.19,0.14
294020,0.45,0.86,15.13,12.19,0.1
294040,0.54,0.86,15.13,12.19,0.1
294050,0.62,0.86,15.13,12.19,0.1
294230,0.6,0.89,15.13,12.2,0.05
294270,0.57,0.9,15.13,12.2,0.06
294280,0.58,0.9,15.13,12.2,0.06
294330,0.65,0.9,15.13,12.2,0.07
294380,0.63,0.88,15.13,12.2,0.18
294480,0.47,0.9,15.14,12.2,0.07
294530,0.57,0.91,15.14,12.2,0.07
294580,0.64,0.9,15.14,12.2,0.06
294590,0.61,0.9,15.14,12.2,0.06
294650,0.46,0.9,15.14,12.2,0.06
294680,0.44,0.9,15.14,12.2,0.05
294720,0.44,0.89,15.14,12.21,0.04
294820,0.43,0.88,15.14,12.21,0.05
294830,0.56,0.88,15.14,12.21,0.05
294950,0.43,0.88,15.15,12.21,0.09
294980,0.63,0.9,15.15,12.21,0.09
295090,0.57,0.89,15.15,12.21,0.12
295120,0.55,0.89,15.15,12.21,0.12
295230,0.67,0.91,15.15,12.21,0.08
295270,0.65,0.92,15.15,12.21,0.06
295310,0.62,0.92,15.15,12.22,0.06
295320,0.6,0.92,15.15,12.22,0.08
295340,0.59,0.92,15.15,12.22,0.08
295370,0.6,0.92,15.15,12.22,0.08
295600,0.54,0.95,15.16,12.22,0.1
295730,0.51,0.94,15.16,12.22,0.09
295770,0.55,0.93,15.16,12.22,0.05
295820,0.53,0.9,15.16,12.22,0.1
295830,0.57,0.91,15.16,12.22,0.1
295940,0.46,0.92,15.16,12.23,0.08
295960,0.62,0.91,15.17,12.23,0.08
296060,0.42,0.9,15.17,12.23,0.05
296190,0.42,0.87,15.17,12.23,0.07
296220,0.41,0.87,15.17,12.23,0.05
296260,0.64,0.88,15.17,12.23,0.05
296370,0.4,0.89,15.17,12.23,0.05
296400,0.6,0.89,15.17,12.23,0.04
296440,0.63,0.9,15.17,12.23,0.04
296450,0.63,0.9,15.17,12.23,0.04
296480,0.59,0.91,15.17,12.23,0.06
296660,0.5,0.88,15.18,12.24,0.06
296670,0.68,0.89,15.18,12.24,0.06
296810,0.48,0.9,15.18,12.24,0.05
296960,0.51,0.86,15.18,12.24,0.05
297000,0.34,0.86,15.18,12.24,0.04
297410,0.4,0.88,15.19,12.25,0.04
297590,0.43,0.88,15.19,12.25,0.06
297610,0.46,0.89,15.2,12.25,0.06
297750,0.6,0.89,15.2,12.26,0.07
297850,0.47,0.91,15.2,12.26,0.05
297860,0.53,0.9,15.2,12.26,0.05
297880,0.58,0.89,15.2,12.26,0.05
297940,0.56,0.9,15.2,12.26,0.07
297950,0.44,0.89,15.2,12.26,0.07
298020,0.48,0.89,15.2,12.26,0.05
298060,0.5,0.91,15.2,12.26,0.05
298160,0.65,0.92,15.21,12.26,0.07
298270,0.5,0.94,15.21,12.26,0.07
298290,0.5,0.93,15.21,12.26,0.07
298340,0.61,0.94,15.21,12.26,0.16
298390,0.48,0.92,15.21,12.27,0.16
298430,0.47,0.92,15.21,12.27,0.16
298450,0.53,0.92,15.21,12.27,0.11
298590,0.54,0.92,15.21,12.27,0.08
298670,0.43,0.92,15.22,12.27,0.08
298690,0.45,0.93,15.22,12.27,0.08
298780,0.47,0.94,15.22,12.27,0.1
298860,0.44,0.93,15.22,12.27,0.09
298940,0.48,0.94,15.22,12.27,0.08
299060,0.48,0.94,15.22,12.28,0.17
299070,0.51,0.95,15.22,12.28,0.17
299080,0.56,0.96,15.22,12.28,0.17
299190,0.63,0.94,15.23,12.28,0.14
299210,0.54,0.93,15.23,12.28,0.14
299510,0.67,0.93,15.24,12.29,0.07
299680,0.44,0.93,15.24,12.29,0.06
299780,0.67,0.94,15.24,12.29,0.07
299940,0.68,0.94,15.25,12.29,0.16
300060,0.58,0.97,15.25,12.3,0.1
300120,0.49,0.96,15.25,12.3,0.11
300130,0.52,0.95,15.25,12.3,0.11
300280,0.55,0.92,15.25,12.3,0.05
300330,0.59,0.92,15.26,12.3,0.04
300460,0.37,0.93,15.26,12.3,0.07
300640,0.48,0.93,15.26,12.31,0.09
300720,0.35,0.93,15.26,12.31,0.09
300810,0.61,0.93,15.26,12.31,0.06
300930,0.34,0.93,15.27,12.31,0.05
300960,0.49,0.94,15.27,12.31,0.05
301100,0.44,0.93,15.27,12.31,0.06
301220,0.32,0.93,15.27,12.31,0.04
301300,0.56,0.93,15.27,12.32,0.05
301330,0.37,0.93,15.27,12.32,0.05
301480,0.54,0.95,15.27,12.32,0.06
301520,0.59,0.95,15.28,12.32,0.07
301570,0.41,0.95,15.28,12.32,0.07
301610,0.39,0.96,15.28,12.32,0.07
301640,0.45,0.96,15.28,12.32,0.1
301670,0.45,0.97,15.28,12.32,0.1
301760,0.47,0.97,15.28,12.32,0.1
302330,0.42,0.94,15.29,12.33,0.07
302340,0.35,0.94,15.29,12.33,0.06
302470,0.41,0.95,15.29,12.33,0.07
302530,0.34,0.95,15.29,12.33,0.1
302670,0.37,0.98,15.29,12.34,0.07
302870,0.42,0.97,15.3,12.34,0.06
303000,0.63,0.88,15.3,12.34,0.16
303220,0.48,0.87,15.3,12.34,0.05
303250,0.49,0.89,15.3,12.34,0.22
303270,0.39,0.88,15.3,12.35,0.22
303370,0.47,0.89,15.31,12.35,0.07
303380,0.5,0.89,15.31,12.35,0.07
303480,0.44,0.89,15.31,12.35,0.05
303620,0.38,0.9,15.31,12.35,0.06
303770,0.34,0.84,15.31,12.35,0.06
303850,0.53,0.85,15.31,12.35,0.12
303860,0.53,0.85,15.31,12.35,0.12
303900,0.33,0.85,15.31,12.35,0.07
304100,0.54,0.86,15.32,12.36,0.08
304110,0.4,0.85,15.32,12.36,0.08
304130,0.56,0.85,15.32,12.36,0.08
304240,0.29,0.86,15.32,12.36,0.09
304350,0.55,0.86,15.32,12.36,0.1
304560,0.51,0.9,15.33,12.36,0.11
304570,0.49,0.9,15.33,12.36,0.11
304640,0.44,0.85,15.33,12.37,0.15
304690,0.44,0.85,15.33,12.37,0.09
304760,0.29,0.86,15.33,12.37,0.06
304860,0.32,0.86,15.33,12.37,0.07
304870,0.44,0.87,15.33,12.37,0.07
304920,0.3,0.87,15.33,12.37,0.13
304960,0.65,0.88,15.33,12.37,0.13
305030,0.36,0.9,15.33,12.37,0.11
305140,0.4,0.9,15.33,12.37,0.1
305180,0.33,0.9,15.33,12.37,0.14
305200,0.33,0.88,15.34,12.37,0.14
305400,0.4,0.9,15.34,12.38,0.05
305480,0.61,0.9,15.34,12.38,0.08
305550,0.43,0.91,15.34,12.38,0.08
305640,0.34,0.9,15.34,12.38,0.05
305860,0.59,0.89,15.35,12.38,0.05
306030,0.37,0.9,15.35,12.39,0.05
306070,0.36,0.88,15.35,12.39,0.05
306210,0.53,0.87,15.35,12.39,0.06
306220,0.47,0.88,15.35,12.39,0.06
306290,0.32,0.88,15.35,12.39,0.1
306310,0.3,0.88,15.35,12.39,0.05
306450,0.29,0.87,15.35,12.39,0.05
306520,0.59,0.87,15.35,12.39,0.05
306530,0.6,0.87,15.35,12.39,0.05
306570,0.34,0.89,15.36,12.39,0.09
306810,0.62,0.91,15.36,12.4,0.07
306900,0.45,0.92,15.36,12.4,0.09
306970,0.61,0.91,15.36,12.4,0.05
307070,0.34,0.9,15.36,12.4,0.09
307130,0.3,0.9,15.37,12.4,0.11
307240,0.45,0.91,15.37,12.4,0.06
307260,0.33,0.91,15.37,12.41,0.05
307280,0.34,0.9,15.37,12.41,0.05
307300,0.42,0.92,15.37,12.41,0.05
307320,0.67,0.91,15.37,12.41,0.06
307350,0.47,0.91,15.37,12.41,0.06
307440,0.48,0.91,15.37,12.41,0.05
307500,0.42,0.91,15.37,12.41,0.04
307560,0.48,0.9,15.37,12.41,0.06
307590,0.67,0.9,15.37,12.41,0.06
307710,0.55,0.9,15.37,12.41,0.05
307740,0.36,0.89,15.37,12.41,0.04
307810,0.53,0.89,15.38,12.41,0.04
307820,0.64,0.89,15.38,12.41,0.04
307840,0.34,0.89,15.38,12.41,0.04
307890,0.3,0.89,15.38,12.41,0.04
307900,0.29,0.89,15.38,12.41,0.04
307940,0.28,0.89,15.38,12.42,0.06
307950,0.3,0.89,15.38,12.42,0.06
307990,0.59,0.9,15.38,12.42,0.04
308020,0.53,0.9,15.38,12.42,0.04
308050,0.36,0.9,15.38,12.42,0.04
308060,0.33,0.9,15.38,12.42,0.04
308110,0.38,0.9,15.38,12.42,0.06
308160,0.37,0.92,15.38,12.42,0.13
308250,0.61,0.93,15.38,12.42,0.06
308260,0.58,0.93,15.38,12.42,0.06
308270,0.67,0.95,15.38,12.42,0.06
308290,0.69,0.96,15.38,12.42,0.06
308310,0.66,0.97,15.38,12.42,0.06
308500,0.35,0.93,15.39,12.42,0.06
308570,0.33,0.92,15.39,12.42,0.05
308740,0.41,0.91,15.39,12.43,0.05
308750,0.33,0.91,15.39,12.43,0.05
308830,0.62,0.9,15.39,12.43,0.06
308960,0.52,0.92,15.39,12.43,0.05
309040,0.47,0.94,15.4,12.43,0.07
309080,0.66,0.96,15.4,12.43,0.07
309130,0.63,0.96,15.4,12.43,0.06
309160,0.47,0.94,15.4,12.43,0.06
309450,0.47,0.93,15.41,12.44,0.06
309470,0.4,0.93,15.41,12.44,0.06
309510,0.4,0.93,15.41,12.44,0.07
309530,0.4,0.93,15.41,12.44,0.07
309660,0.41,0.94,15.41,12.44,0.11
309680,0.49,0.95,15.41,12.44,0.11
309800,0.59,0.94,15.41,12.44,0.1
309980,0.72,0.97,15.41,12.45,0.1
310010,0.76,0.97,15.41,12.45,0.1
310050,0.68,0.97,15.42,12.45,0.1
310140,0.47,0.96,15.42,12.45,0.07
310180,0.47,0.97,15.42,12.45,0.07
310500,0.63,0.94,15.42,12.45,0.1
310740,0.58,0.95,15.43,12.46,0.06
310790,0.66,0.98,15.43,12.46,0.06
310890,0.5,0.92,15.43,12.46,0.09
310970,0.49,0.93,15.43,12.46,0.09
311210,0.38,0.91,15.44,12.47,0.06
311250,0.56,0.9,15.44,12.47,0.07
311500,0.64,0.91,15.44,12.47,0.08
311830,0.52,0.95,15.45,12.48,0.06
311900,0.37,0.94,15.45,12.48,0.08
312000,0.34,0.94,15.45,12.48,0.07
312090,0.36,0.93,15.46,12.48,0.07
312190,0.34,0.94,15.46,12.48,0.07
312430,0.36,0.96,15.46,12.49,0.06
312440,0.46,0.95,15.46,12.49,0.06
312620,0.51,0.95,15.47,12.49,0.04
312630,0.57,0.95,15.47,12.49,0.04
312950,0.3,0.98,15.47,12.49,0.05
312960,0.5,0.98,15.47,12.49,0.05
313020,0.32,0.97,15.47,12.49,0.23
313060,0.46,0.96,15.47,12.49,0.23
313100,0.35,0.96,15.47,12.5,0.07
313170,0.47,0.97,15.47,12.5,0.07
313220,0.38,0.97,15.47,12.5,0.1
313270,0.62,0.97,15.48,12.5,0.09
313290,0.42,0.97,15.48,12.5,0.09
313350,0.31,0.94,15.48,12.5,0.09
313620,0.53,0.94,15.48,12.5,0.1
313680,0.58,0.95,15.48,12.5,0.12
313710,0.32,0.95,15.48,12.5,0.12
313850,0.56,0.95,15.48,12.51,0.07
313910,0.33,0.95,15.49,12.51,0.09
313980,0.62,0.89,15.49,12.51,0.07
314010,0.37,0.9,15.49,12.51,0.07
314040,0.42,0.9,15.49,12.51,0.12
314050,0.44,0.9,15.49,12.51,0.12
314080,0.42,0.9,15.49,12.51,0.12
314090,0.33,0.9,15.49,12.51,0.12
314140,0.37,0.91,15.49,12.51,0.07
314300,0.57,0.88,15.49,12.51,0.06
314320,0.35,0.87,15.49,12.51,0.06
314450,0.35,0.88,15.49,12.51,0.12
314520,0.59,0.87,15.5,12.52,0.06
314600,0.31,0.87,15.5,12.52,0.06
314640,0.39,0.86,15.5,12.52,0.09
314810,0.41,0.88,15.5,12.52,0.06
314820,0.45,0.88,15.5,12.52,0.06
315030,0.35,0.89,15.5,12.52,0.08
315070,0.41,0.9,15.5,12.52,0.06
315160,0.41,0.9,15.51,12.53,0.06
315170,0.61,0.9,15.51,12.53,0.06
315250,0.32,0.88,15.51,12.53,0.34
315390,0.3,0.87,15.51,12.53,0.05
315400,0.38,0.87,15.51,12.53,0.05
315480,0.27,0.86,15.51,12.53,0.07
315500,0.28,0.87,15.51,12.53,0.07
315590,0.3,0.87,15.51,12.53,0.04
315610,0.47,0.86,15.51,12.53,0.03
315700,0.27,0.86,15.51,12.53,0.04
315830,0.32,0.87,15.52,12.53,0.05
316220,0.26,0.87,15.52,12.54,0.06
316400,0.3,0.87,15.52,12.54,0.04
316500,0.32,0.88,15.53,12.54,0.04
316600,0.41,0.88,15.53,12.55,0.03
316630,0.51,0.89,15.53,12.55,0.03
316680,0.4,0.9,15.53,12.55,0.05
316700,0.48,0.89,15.53,12.55,0.05
316710,0.33,0.89,15.53,12.55,0.05
316820,0.52,0.88,15.53,12.55,0.05
316920,0.46,0.88,15.53,12.55,0.07
317040,0.53,0.89,15.53,12.55,0.04
317080,0.46,0.91,15.53,12.55,0.04
317410,0.32,0.89,15.54,12.56,0.05
317520,0.28,0.89,15.54,12.56,0.05
317530,0.38,0.9,15.54,12.56,0.05
317610,0.48,0.9,15.54,12.56,0.07
317620,0.34,0.9,15.54,12.56,0.07
317720,0.4,0.89,15.55,12.56,0.08
317750,0.47,0.89,15.55,12.56,0.08
317800,0.42,0.88,15.55,12.56,0.05
318040,0.33,0.89,15.55,12.57,0.05
318110,0.31,0.89,15.55,12.57,0.04
318150,0.54,0.88,15.55,12.57,0.06
318190,0.48,0.88,15.55,12.57,0.06
318280,0.41,0.88,15.55,12.57,0.06
318290,0.46,0.89,15.55,12.57,0.06
318300,0.5,0.9,15.55,12.57,0.08
318380,0.48,0.91,15.56,12.57,0.07
318420,0.35,0.9,15.56,12.58,0.12
318530,0.31,0.88,15.56,12.58,0.11
318580,0.35,0.89,15.56,12.58,0.1
318770,0.37,0.9,15.56,12.58,0.15
318820,0.37,0.9,15.56,12.58,0.07
319100,0.32,0.9,15.57,12.59,0.27
319150,0.36,0.89,15.57,12.59,0.07
319250,0.62,0.91,15.57,12.59,0.07
319380,0.32,0.9,15.57,12.59,0.04
319430,0.29,0.87,15.57,12.59,0.04
319500,0.25,0.88,15.57,12.59,0.04
319640,0.35,0.88,15.58,12.6,0.03
319790,0.34,0.91,15.58,12.6,0.04
319800,0.43,0.91,15.58,12.6,0.04
319850,0.37,0.91,15.58,12.6,0.04
319880,0.53,0.91,15.58,12.6,0.07
319910,0.31,0.9,15.58,12.6,0.07
319920,0.29,0.9,15.58,12.6,0.06
319930,0.34,0.9,15.58,12.6,0.06
319990,0.44,0.91,15.58,12.6,0.07
320000,0.4,0.91,15.58,12.6,0.07
320010,0.32,0.9,15.58,12.6,0.07
320020,0.4,0.91,15.58,12.6,0.07
320030,0.32,0.91,15.58,12.6,0.07
320070,0.6,0.91,15.58,12.6,0.07
320420,0.35,0.89,15.59,12.61,0.05
320570,0.38,0.9,15.59,12.61,0.06
320600,0.66,0.9,15.59,12.61,0.07
320610,0.44,0.9,15.59,12.61,0.07
320810,0.36,0.93,15.6,12.62,0.08
320930,0.3,0.91,15.6,12.62,0.07
321470,0.56,0.91,15.61,12.63,0.05
321660,0.3,0.92,15.61,12.63,0.04
321700,0.31,0.93,15.61,12.63,0.04
321790,0.45,0.92,15.61,12.63,0.05
321810,0.39,0.91,15.61,12.63,0.05
321860,0.3,0.92,15.61,12.63,0.04
321980,0.36,0.93,15.61,12.64,0.36
322160,0.44,0.92,15.62,12.64,0.12
322350,0.41,0.91,15.62,12.64,0.09
322540,0.32,0.9,15.62,12.64,0.05
322670,0.58,0.9,15.62,12.65,0.04
322840,0.28,0.91,15.63,12.65,0.04
322910,0.28,0.91,15.63,12.65,0.04
322930,0.27,0.91,15.63,12.65,0.04
323000,0.44,0.92,15.63,12.65,0.06
323090,0.38,0.92,15.63,12.65,0.05
323140,0.42,0.92,15.63,12.65,0.05
323190,0.32,0.92,15.63,12.65,0.1
323200,0.36,0.93,15.63,12.65,0.1
323230,0.42,0.92,15.63,12.65,0.06
323260,0.32,0.92,15.63,12.65,0.06
323280,0.56,0.92,15.63,12.65,0.06
323390,0.29,0.91,15.64,12.66,0.03
323520,0.23,0.9,15.64,12.66,0.03
323570,0.33,0.91,15.64,12.66,0.03
323590,0.48,0.91,15.64,12.66,0.04
323750,0.26,0.91,15.64,12.66,0.04
323790,0.31,0.91,15.64,12.66,0.04
324130,0.36,0.95,15.65,12.67,0.1
324150,0.34,0.96,15.65,12.67,0.1
324260,0.61,0.93,15.65,12.67,0.05
324280,0.34,0.93,15.65,12.67,0.05
324430,0.28,0.93,15.65,12.67,0.1
324530,0.28,0.92,15.65,12.67,0.11
324830,0.29,0.92,15.65,12.68,0.1
324900,0.38,0.93,15.66,12.68,0.05
325020,0.37,0.94,15.66,12.68,0.05
325210,0.63,0.95,15.66,12.68,0.06
325260,0.27,0.9,15.66,12.68,0.09
325270,0.31,0.87,15.66,12.68,0.09
325350,0.67,0.88,15.66,12.68,0.09
325400,0.26,0.88,15.66,12.68,0.09
325520,0.29,0.89,15.66,12.68,0.04
325560,0.36,0.88,15.66,12.68,0.04
325610,0.27,0.88,15.66,12.69,0.04
325700,0.33,0.88,15.67,12.69,0.11
325730,0.48,0.88,15.67,12.69,0.11
325740,0.29,0.88,15.67,12.69,0.04
325870,0.43,0.89,15.67,12.69,0.06
325920,0.41,0.89,15.67,12.69,0.1
326110,0.37,0.87,15.67,12.69,0.04
326120,0.34,0.87,15.67,12.69,0.04
326160,0.44,0.87,15.67,12.69,0.03
326180,0.5,0.87,15.67,12.69,0.03
326190,0.31,0.87,15.67,12.69,0.03
326320,0.36,0.86,15.68,12.7,0.07
326450,0.45,0.87,15.68,12.7,0.05
326460,0.35,0.87,15.68,12.7,0.05
326480,0.35,0.87,15.68,12.7,0.05
326540,0.56,0.87,15.68,12.7,0.05
326570,0.61,0.88,15.68,12.7,0.05
326630,0.28,0.87,15.68,12.7,0.05
326730,0.37,0.88,15.68,12.7,0.04
326750,0.43,0.88,15.68,12.7,0.04
326810,0.61,0.87,15.68,12.7,0.05
327050,0.37,0.87,15.69,12.71,0.05
327630,0.35,0.87,15.69,12.71,0.04
327690,0.38,0.88,15.7,12.71,0.05
327740,0.27,0.89,15.7,12.72,0.09
327880,0.31,0.88,15.7,12.72,0.06
327900,0.26,0.88,15.7,12.72,0.05
328070,0.63,0.88,15.7,12.72,0.12
328080,0.58,0.88,15.7,12.72,0.05
328120,0.37,0.88,15.7,12.72,0.05
328290,0.51,0.88,15.7,12.72,0.04
328440,0.31,0.88,15.71,12.73,0.03
328630,0.32,0.88,15.71,12.73,0.04
328760,0.34,0.89,15.71,12.73,0.04
328940,0.34,0.88,15.71,12.73,0.05
329430,0.44,0.89,15.72,12.74,0.06
329540,0.25,0.89,15.72,12.74,0.07
329820,0.22,0.9,15.73,12.74,0.08
329840,0.24,0.91,15.73,12.74,0.08
329940,0.25,0.91,15.73,12.75,0.07
329960,0.26,0.91,15.73,12.75,0.07
330040,0.3,0.9,15.73,12.75,0.04
330060,0.4,0.91,15.73,12.75,0.13
330190,0.35,0.9,15.73,12.75,0.05
330270,0.25,0.89,15.73,12.75,0.04
330300,0.55,0.89,15.73,12.75,0.07
330320,0.33,0.9,15.73,12.75,0.07
330380,0.53,0.89,15.73,12.75,0.05
330420,0.2,0.9,15.73,12.75,0.05
330720,0.43,0.92,15.74,12.76,0.05
330810,0.64,0.92,15.74,12.76,0.04
330830,0.36,0.92,15.74,12.76,0.04
330880,0.58,0.9,15.74,12.76,0.08
331110,0.23,0.91,15.74,12.76,0.04
331140,0.36,0.91,15.74,12.76,0.04
331460,0.63,0.9,15.74,12.77,0.04
331530,0.23,0.91,15.75,12.77,0.06
331540,0.25,0.91,15.75,12.77,0.06
331560,0.28,0.91,15.75,12.77,0.04
331720,0.3,0.9,15.75,12.77,0.04
331980,0.59,0.9,15.75,12.77,0.05
332000,0.2,0.89,15.75,12.77,0.05
332030,0.22,0.9,15.75,12.77,0.05
332080,0.67,0.9,15.75,12.77,0.04
332260,0.39,0.91,15.76,12.78,0.05
332340,0.26,0.9,15.76,12.78,0.11
332360,0.5,0.9,15.76,12.78,0.11
332390,0.24,0.9,15.76,12.78,0.11
332420,0.44,0.9,15.76,12.78,0.05
332430,0.61,0.9,15.76,12.78,0.05
332490,0.26,0.88,15.76,12.78,0.05
332590,0.22,0.88,15.76,12.78,0.05
332600,0.2,0.88,15.76,12.78,0.05
332640,0.49,0.88,15.76,12.78,0.04
332650,0.2,0.88,15.76,12.78,0.04
332740,0.36,0.89,15.76,12.78,0.04
332810,0.28,0.89,15.76,12.78,0.04
332870,0.61,0.88,15.76,12.78,0.07
333260,0.33,0.71,15.77,12.79,0.03
333450,0.42,0.71,15.77,12.79,0.05
333620,0.5,0.72,15.77,12.79,0.04
333720,0.18,0.69,15.77,12.79,0.04
333770,0.31,0.6,15.77,12.79,0.04
333790,0.4,0.6,15.77,12.79,0.05
333910,0.35,0.62,15.77,12.8,0.05
333930,0.29,0.63,15.77,12.8,0.05
334330,0.22,0.58,15.78,12.8,0.07
334430,0.6,0.59,15.78,12.8,0.06
334450,0.31,0.59,15.78,12.8,0.04
334520,0.35,0.59,15.78,12.8,0.04
334570,0.37,0.59,15.78,12.8,0.04
334650,0.25,0.6,15.78,12.8,0.05
334830,0.25,0.6,15.79,12.81,0.04
334840,0.29,0.6,15.79,12.81,0.04
335100,0.35,0.62,15.79,12.81,0.04
335160,0.65,0.62,15.79,12.81,0.05
335280,0.22,0.6,15.79,12.81,0.09
335340,0.28,0.6,15.79,12.81,0.08
335390,0.44,0.59,15.8,12.81,0.08
335420,0.36,0.59,15.8,12.81,0.07
335530,0.28,0.58,15.8,12.82,0.06
335620,0.32,0.59,15.8,12.82,0.12
335680,0.27,0.59,15.8,12.82,0.04
335700,0.2,0.59,15.8,12.82,0.05
335740,0.22,0.59,15.8,12.82,0.05
335910,0.49,0.6,15.8,12.82,0.11
336030,0.37,0.59,15.81,12.82,0.1
336040,0.35,0.59,15.81,12.82,0.1
336180,0.6,0.61,15.81,12.82,0.08
336220,0.27,0.61,15.81,12.82,0.08
336410,0.34,0.6,15.81,12.83,0.08
336560,0.43,0.62,15.81,12.83,0.06
336630,0.26,0.63,15.82,12.83,0.04
336710,0.38,0.63,15.82,12.83,0.04
336750,0.53,0.62,15.82,12.83,0.1
337000,0.28,0.61,15.82,12.83,0.05
337020,0.64,0.61,15.82,12.83,0.06
337030,0.65,0.61,15.82,12.83,0.06
337050,0.61,0.63,15.82,12.83,0.06
337120,0.3,0.62,15.83,12.84,0.05
337170,0.33,0.62,15.83,12.84,0.05
337260,0.66,0.61,15.83,12.84,0.06
337400,0.34,0.61,15.83,12.84,0.07
337440,0.41,0.62,15.83,12.84,0.05
337470,0.62,0.62,15.83,12.84,0.05
337550,0.29,0.64,15.83,12.84,0.05
337670,0.22,0.63,15.84,12.84,0.07
337810,0.35,0.64,15.84,12.84,0.06
337910,0.32,0.64,15.84,12.85,0.09
338010,0.43,0.65,15.84,12.85,0.06
338130,0.27,0.62,15.85,12.85,0.06
338150,0.35,0.62,15.85,12.85,0.06
338510,0.56,0.63,15.85,12.85,0.05
338650,0.43,0.63,15.86,12.86,0.06
338670,0.35,0.63,15.86,12.86,0.06
338730,0.37,0.62,15.86,12.86,0.05
338840,0.47,0.61,15.86,12.86,0.09
339170,0.3,0.6,15.87,12.86,0.06
339220,0.49,0.59,15.87,12.86,0.04
339250,0.41,0.59,15.87,12.86,0.04
339340,0.21,0.58,15.87,12.87,0.07
339360,0.24,0.58,15.87,12.87,0.07
339380,0.72,0.58,15.87,12.87,0.07
339520,0.58,0.6,15.87,12.87,0.14
339560,0.45,0.62,15.87,12.87,0.13
339630,0.41,0.6,15.88,12.87,0.08
339800,0.66,0.61,15.88,12.87,0.05
339830,0.32,0.61,15.88,12.87,0.05
339950,0.35,0.61,15.88,12.88,0.08
339960,0.43,0.61,15.88,12.88,0.04
340060,0.41,0.61,15.88,12.88,0.04
340120,0.65,0.62,15.88,12.88,0.04
340230,0.48,0.61,15.89,12.88,0.04
340280,0.54,0.62,15.89,12.88,0.03
340310,0.35,0.63,15.89,12.88,0.03
340410,0.24,0.62,15.89,12.88,0.15
340490,0.3,0.61,15.89,12.88,0.06
340660,0.37,0.61,15.89,12.89,0.04
341160,0.61,0.61,15.9,12.89,0.04
341290,0.35,0.61,15.9,12.89,0.07
341400,0.23,0.6,15.9,12.89,0.05
341550,0.31,0.62,15.9,12.9,0.04
341650,0.62,0.62,15.9,12.9,0.04
341790,0.54,0.62,15.9,12.9,0.06
341810,0.34,0.62,15.91,12.9,0.06
341850,0.23,0.62,15.91,12.9,0.07
341880,0.24,0.62,15.91,12.9,0.07
341950,0.2,0.61,15.91,12.9,0.03
341970,0.27,0.62,15.91,12.9,0.03
342140,0.37,0.63,15.91,12.9,0.1
342310,0.44,0.61,15.91,12.9,0.04
342360,0.23,0.6,15.91,12.91,0.07
342430,0.31,0.61,15.91,12.91,0.06
342470,0.77,0.62,15.91,12.91,0.06
342560,0.3,0.62,15.92,12.91,0.11
342610,0.65,0.63,15.92,12.91,0.06
342630,0.71,0.63,15.92,12.91,0.06
342650,0.31,0.64,15.92,12.91,0.06
342800,0.33,0.64,15.92,12.91,0.15
342850,0.56,0.64,15.92,12.91,0.06
342860,0.26,0.63,15.92,12.91,0.06
342960,0.46,0.63,15.92,12.92,0.06
342970,0.36,0.63,15.92,12.92,0.06
342980,0.32,0.62,15.92,12.92,0.06
343010,0.6,0.61,15.92,12.92,0.06
343380,0.23,0.62,15.93,12.92,0.1
343390,0.24,0.62,15.93,12.92,0.1
343490,0.62,0.62,15.93,12.93,0.05
343530,0.3,0.61,15.93,12.93,0.04
343580,0.39,0.61,15.93,12.93,0.06
343800,0.3,0.61,15.94,12.93,0.03
343890,0.34,0.64,15.94,12.93,0.08
343910,0.38,0.63,15.94,12.93,0.08
343970,0.41,0.62,15.94,12.94,0.1
343990,0.29,0.62,15.94,12.94,0.07
344220,0.24,0.62,15.95,12.94,0.05
344280,0.6,0.63,15.95,12.94,0.05
344420,0.61,0.63,15.95,12.94,0.11
344430,0.56,0.63,15.95,12.94,0.11
344470,0.41,0.63,15.95,12.94,0.04
344640,0.41,0.61,15.95,12.94,0.05
344650,0.57,0.61,15.95,12.94,0.05
344760,0.26,0.61,15.95,12.95,0.04
344770,0.27,0.61,15.95,12.95,0.04
344800,0.28,0.61,15.95,12.95,0.04
344840,0.38,0.61,15.95,12.95,0.05
344870,0.45,0.6,15.95,12.95,0.05
344940,0.28,0.6,15.95,12.95,0.04
345100,0.57,0.6,15.96,12.95,0.04
345120,0.2,0.6,15.96,12.95,0.03
345260,0.41,0.61,15.96,12.95,0.05
345300,0.49,0.62,15.96,12.95,0.07
345330,0.31,0.62,15.96,12.95,0.07
345670,0.46,0.61,15.96,12.96,0.03
345720,0.3,0.62,15.97,12.96,0.06
345830,0.55,0.64,15.97,12.96,0.06
345840,0.44,0.64,15.97,12.96,0.09
345960,0.33,0.62,15.97,12.96,0.06
346190,0.48,0.65,15.97,12.97,0.06
346390,0.39,0.64,15.98,12.97,0.08
346410,0.35,0.64,15.98,12.97,0.08
346490,0.4,0.63,15.98,12.97,0.06
346580,0.37,0.65,15.98,12.97,0.04
346770,0.55,0.71,15.98,12.98,0.06
346800,0.66,0.72,15.98,12.98,0.17
346810,0.68,0.73,15.98,12.98,0.17
346860,0.47,0.72,15.99,12.98,0.13
346890,0.44,0.71,15.99,12.98,0.13
346980,0.4,0.7,15.99,12.98,0.1
347110,0.46,0.7,15.99,12.98,0.09
347400,0.36,0.7,16.0,12.99,0.11
347470,0.46,0.71,16.0,12.99,0.04
347490,0.42,0.73,16.0,12.99,0.04
347650,0.37,0.69,16.0,12.99,0.05
347800,0.31,0.67,16.0,12.99,0.05
347870,0.35,0.67,16.0,12.99,0.05
347930,0.3,0.67,16.0,12.99,0.07
348010,0.27,0.66,16.01,12.99,0.06
348080,0.32,0.67,16.01,12.99,0.04
348220,0.29,0.65,16.01,13.0,0.04
348390,0.33,0.67,16.01,13.0,0.12
348470,0.36,0.66,16.01,13.0,0.07
348530,0.36,0.68,16.01,13.0,0.03
348570,0.35,0.67,16.01,13.0,0.03
348900,0.25,0.65,16.02,13.01,0.07
349020,0.35,0.65,16.02,13.01,0.08
349330,0.4,0.68,16.03,13.01,0.14
349470,0.39,0.71,16.03,13.01,0.08
349530,0.3,0.72,16.03,13.02,0.05
350180,0.27,0.64,16.04,13.02,0.04
350570,0.41,0.77,16.05,13.03,0.05
350680,0.47,0.73,16.05,13.03,0.04
350810,0.32,0.73,16.05,13.03,0.03
350830,0.32,0.72,16.05,13.03,0.03
350870,0.33,0.72,16.05,13.04,0.03
350920,0.33,0.73,16.05,13.04,0.05
350960,0.3,0.73,16.05,13.04,0.06
351310,0.43,0.68,16.06,13.04,0.03
351390,0.38,0.67,16.06,13.04,0.03
351530,0.27,0.66,16.06,13.04,0.06
351660,0.29,0.66,16.06,13.05,0.04
351710,0.25,0.67,16.06,13.05,0.04
352000,0.35,0.65,16.07,13.05,0.06
352140,0.38,0.69,16.07,13.05,0.07
352390,0.35,0.7,16.08,13.06,0.08
352560,0.27,0.68,16.08,13.06,0.05
352580,0.31,0.7,16.08,13.06,0.05
352820,0.41,0.7,16.08,13.06,0.05
352840,0.38,0.7,16.08,13.06,0.05
352880,0.37,0.71,16.08,13.06,0.06
352980,0.37,0.71,16.09,13.06,0.08
353060,0.29,0.7,16.09,13.06,0.05
353360,0.28,0.69,16.09,13.07,0.07
353400,0.28,0.69,16.09,13.07,0.07
353490,0.31,0.69,16.09,13.07,0.05
353600,0.34,0.69,16.09,13.07,0.03
353610,0.34,0.69,16.09,13.07,0.03
353930,0.25,0.68,16.1,13.07,0.07
354020,0.26,0.68,16.1,13.07,0.03
354080,0.55,0.7,16.1,13.07,0.05
354110,0.31,0.69,16.1,13.07,0.05
354210,0.21,0.67,16.1,13.08,0.06
354330,0.25,0.69,16.11,13.08,0.03
354350,0.29,0.69,16.11,13.08,0.03
354370,0.35,0.68,16.11,13.08,0.04
354500,0.44,0.67,16.11,13.08,0.09
354770,0.31,0.67,16.11,13.08,0.1
354820,0.27,0.68,16.11,13.08,0.05
354960,0.24,0.68,16.11,13.08,0.08
354990,0.28,0.68,16.11,13.08,0.08
355020,0.23,0.7,16.11,13.08,0.04
355070,0.3,0.69,16.11,13.08,0.04
355110,0.22,0.66,16.12,13.08,0.06
355150,0.27,0.66,16.12,13.08,0.05
355220,0.16,0.66,16.12,13.09,0.03
355530,0.3,0.66,16.12,13.09,0.1
355560,0.3,0.67,16.12,13.09,0.1
355650,0.23,0.67,16.12,13.09,0.06
355840,0.3,0.69,16.12,13.09,0.03
355880,0.21,0.69,16.12,13.09,0.04
356090,0.22,0.7,16.13,13.09,0.05
356250,0.25,0.68,16.13,13.09,0.04
356300,0.31,0.66,16.13,13.1,0.06
356450,0.32,0.67,16.13,13.1,0.06
356550,0.42,0.68,16.13,13.1,0.04
356590,0.39,0.68,16.14,13.1,0.04
356660,0.31,0.68,16.14,13.1,0.06
357000,0.43,0.68,16.14,13.1,0.08
357040,0.44,0.68,16.15,13.1,0.08
357090,0.43,0.69,16.15,13.11,0.09
357170,0.42,0.69,16.15,13.11,0.06
357210,0.41,0.7,16.15,13.11,0.12
357410,0.35,0.7,16.16,13.11,0.1
357420,0.36,0.7,16.16,13.11,0.09
357530,0.41,0.72,16.16,13.11,0.13
357580,0.35,0.72,16.16,13.11,0.1
357630,0.32,0.73,16.16,13.11,0.06
357670,0.41,0.74,16.16,13.11,0.06
357680,0.36,0.74,16.16,13.11,0.06
357760,0.42,0.72,16.16,13.11,0.11
357800,0.49,0.71,16.16,13.11,0.19
357890,0.45,0.71,16.17,13.12,0.19
357950,0.44,0.71,16.17,13.12,0.1
358010,0.44,0.71,16.17,13.12,0.07
358030,0.48,0.7,16.17,13.12,0.06
358080,0.53,0.71,16.17,13.12,0.07
358140,0.41,0.71,16.17,13.12,0.09
358220,0.49,0.71,16.18,13.12,0.14
358230,0.41,0.71,16.18,13.12,0.14
358320,0.4,0.7,16.18,13.12,0.05
358330,0.45,0.69,16.18,13.12,0.05
358440,0.34,0.69,16.18,13.13,0.16
358460,0.43,0.7,16.18,13.13,0.16
358710,0.5,0.7,16.19,13.13,0.04
358740,0.41,0.69,16.2,13.13,0.04
358750,0.47,0.68,16.2,13.13,0.04
358950,0.4,0.7,16.2,13.13,0.11
359140,0.46,0.71,16.21,13.14,0.21
359240,0.44,0.7,16.21,13.14,0.16
359440,0.55,0.73,16.22,13.14,0.1
359670,0.55,0.74,16.22,13.15,0.17
359700,0.49,0.74,16.22,13.15,0.1
359770,0.49,0.72,16.22,13.15,0.1
359840,0.4,0.69,16.23,13.15,0.13
359880,0.45,0.7,16.23,13.15,0.15
359920,0.43,0.7,16.23,13.15,0.15
359990,0.45,0.71,16.23,13.15,0.27
360150,0.57,0.73,16.24,13.15,0.08
360290,0.49,0.76,16.24,13.16,0.16
360300,0.54,0.76,16.24,13.16,0.09
360340,0.57,0.76,16.24,13.16,0.09
360520,0.5,0.74,16.25,13.16,0.09
360760,0.43,0.72,16.25,13.17,0.09
360880,0.39,0.7,16.26,13.17,0.07
360920,0.39,0.68,16.26,13.17,0.07
360940,0.41,0.71,16.26,13.17,0.07
360950,0.44,0.73,16.26,13.17,0.07
360990,0.39,0.76,16.26,13.17,0.11
361070,0.48,0.74,16.26,13.17,0.1
361310,0.37,0.72,16.26,13.17,0.07
361350,0.34,0.72,16.26,13.18,0.06
361480,0.47,0.74,16.27,13.18,0.11
361570,0.58,0.74,16.27,13.18,0.06
361580,0.59,0.72,16.27,13.18,0.06
361730,0.54,0.68,16.28,13.18,0.05
361770,0.58,0.69,16.28,13.18,0.07
361820,0.59,0.71,16.28,13.18,0.08
361910,0.39,0.67,16.28,13.18,0.09
361920,0.42,0.67,16.28,13.18,0.17
361960,0.58,0.69,16.28,13.19,0.17
362200,0.68,0.69,16.29,13.19,0.3
362220,0.63,0.7,16.29,13.19,0.13
362280,0.46,0.69,16.29,13.19,0.25
362320,0.43,0.69,16.29,13.19,0.25
362340,0.41,0.68,16.29,13.19,0.16
362400,0.52,0.7,16.3,13.19,0.26
362510,0.57,0.72,16.3,13.2,0.19
362530,0.65,0.72,16.3,13.2,0.3
362550,0.49,0.7,16.3,13.2,0.3
362690,0.41,0.69,16.3,13.2,0.26
362740,0.44,0.68,16.3,13.2,0.19
362950,0.57,0.7,16.31,13.2,0.14
363280,0.57,0.74,16.32,13.21,0.11
363470,0.4,0.72,16.32,13.21,0.07
363520,0.46,0.72,16.32,13.21,0.07
363660,0.41,0.72,16.32,13.22,0.06
363870,0.52,0.72,16.33,13.22,0.07
363920,0.58,0.73,16.33,13.22,0.25
363940,0.6,0.72,16.33,13.22,0.25
364000,0.55,0.73,16.33,13.22,0.16
364050,0.59,0.74,16.33,13.22,0.09
364110,0.59,0.75,16.33,13.22,0.04
364200,0.43,0.72,16.34,13.22,0.14
364230,0.43,0.71,16.34,13.23,0.14
364300,0.37,0.71,16.34,13.23,0.11
364320,0.38,0.72,16.34,13.23,0.13
364350,0.49,0.73,16.34,13.23,0.13
364400,0.55,0.72,16.34,13.23,0.07
364470,0.52,0.72,16.34,13.23,0.13
364500,0.44,0.72,16.35,13.23,0.09
364720,0.51,0.74,16.35,13.23,0.07
365070,0.52,0.75,16.36,13.24,0.08
365100,0.48,0.73,16.36,13.24,0.06
365270,0.5,0.71,16.36,13.24,0.09
365330,0.53,0.71,16.37,13.25,0.07
365520,0.56,0.72,16.37,13.25,0.19
365560,0.59,0.73,16.37,13.25,0.19
365590,0.56,0.73,16.38,13.25,0.18
365770,0.77,0.8,16.38,13.25,0.2
365850,0.82,0.8,16.39,13.26,0.13
365890,0.78,0.79,16.39,13.26,0.1
365900,0.8,0.79,16.39,13.26,0.1
365980,0.81,0.78,16.39,13.26,0.17
366110,0.81,0.76,16.4,13.26,0.2
366130,0.81,0.78,16.4,13.26,0.17
366220,0.81,0.77,16.41,13.26,0.19
366260,0.81,0.78,16.41,13.26,0.16
366500,0.67,0.74,16.42,13.27,0.19
366580,0.68,0.74,16.42,13.27,0.27
366700,0.74,0.73,16.42,13.27,0.1
366720,0.68,0.73,16.42,13.27,0.28
366800,0.73,0.73,16.43,13.27,0.13
366950,0.74,0.78,16.43,13.27,0.16
367030,0.74,0.78,16.43,13.28,0.22
367490,0.57,0.75,16.45,13.28,0.29
367550,0.65,0.78,16.45,13.29,0.4
367590,0.51,0.79,16.45,13.29,0.37
367640,0.57,0.78,16.45,13.29,0.37
367720,0.52,0.77,16.45,13.29,0.3
367920,0.5,0.73,16.46,13.29,0.14
368000,0.54,0.76,16.46,13.3,0.21
368130,0.5,0.75,16.47,13.3,0.32
368160,0.49,0.78,16.47,13.3,0.29
368180,0.52,0.78,16.47,13.3,0.29
368220,0.59,0.77,16.47,13.3,0.26
368320,0.54,0.77,16.47,13.3,0.26
368420,0.57,0.79,16.48,13.3,0.19
368510,0.54,0.79,16.48,13.3,0.2
368720,0.73,0.82,16.49,13.31,0.1
368830,0.74,0.84,16.49,13.31,0.12
368950,0.71,0.8,16.5,13.31,0.19
368960,0.58,0.8,16.5,13.31,0.19
369090,0.65,0.8,16.5,13.32,0.28
369130,0.62,0.81,16.5,13.32,0.16
369210,0.66,0.78,16.5,13.32,0.16
369260,0.63,0.8,16.5,13.32,0.17
369560,0.64,0.79,16.51,13.33,0.09
369570,0.53,0.8,16.51,13.33,0.09
369600,0.58,0.8,16.51,13.33,0.1
369630,0.68,0.81,16.51,13.33,0.1
369680,0.55,0.81,16.51,13.33,0.14
369750,0.62,0.8,16.52,13.33,0.2
369770,0.61,0.81,16.52,13.33,0.2
369780,0.67,0.81,16.52,13.33,0.21
369840,0.61,0.83,16.52,13.33,0.13
369850,0.68,0.83,16.52,13.33,0.13
369900,0.63,0.83,16.52,13.33,0.15
369970,0.55,0.79,16.52,13.33,0.32
370080,0.62,0.8,16.52,13.34,0.24
370340,0.57,0.83,16.53,13.34,0.12
370470,0.54,0.82,16.53,13.35,0.19
370510,0.64,0.81,16.53,13.35,0.26
370670,0.5,0.77,16.54,13.35,0.14
370720,0.49,0.77,16.54,13.35,0.15
370820,0.46,0.75,16.55,13.35,0.29
370880,0.56,0.76,16.55,13.35,0.14
370950,0.64,0.76,16.55,13.36,0.22
371030,0.51,0.77,16.55,13.36,0.15
371080,0.57,0.77,16.55,13.36,0.12
371100,0.56,0.76,16.55,13.36,0.22
371130,0.53,0.77,16.55,13.36,0.22
371270,0.66,0.78,16.56,13.36,0.19
371290,0.61,0.77,16.56,13.36,0.16
371360,0.45,0.76,16.56,13.36,0.09
371370,0.5,0.76,16.56,13.36,0.09
371420,0.41,0.77,16.56,13.37,0.11
371470,0.47,0.76,16.56,13.37,0.13
371520,0.49,0.77,16.57,13.37,0.1
371690,0.64,0.76,16.57,13.37,0.15
371840,0.52,0.79,16.58,13.37,0.15
372080,0.53,0.78,16.58,13.38,0.16
372090,0.53,0.79,16.58,13.38,0.16
372120,0.49,0.79,16.58,13.38,0.16
372180,0.59,0.77,16.59,13.38,0.11
372220,0.56,0.77,16.59,13.38,0.11
372230,0.62,0.77,16.59,13.38,0.11
372450,0.78,0.8,16.59,13.39,0.08
372530,0.75,0.81,16.6,13.39,0.15
372650,0.75,0.81,16.6,13.39,0.27
372660,0.8,0.82,16.6,13.39,0.21
372740,0.5,0.79,16.6,13.39,0.29
372780,0.55,0.79,16.6,13.4,0.34
372920,0.49,0.8,16.61,13.4,0.13
372960,0.49,0.76,16.61,13.4,0.15
373040,0.51,0.77,16.61,13.4,0.14
373060,0.64,0.78,16.61,13.4,0.14
373080,0.48,0.79,16.61,13.4,0.14
373140,0.56,0.79,16.61,13.4,0.11
373220,0.58,0.79,16.62,13.4,0.11
373430,0.59,0.79,16.62,13.41,0.31
373480,0.54,0.81,16.62,13.41,0.3
373500,0.58,0.82,16.62,13.41,0.32
373530,0.57,0.82,16.62,13.41,0.32
373590,0.52,0.82,16.63,13.41,0.36
373610,0.56,0.81,16.63,13.41,0.36
373620,0.47,0.82,16.63,13.41,0.28
373680,0.53,0.82,16.63,13.41,0.43
373690,0.46,0.81,16.63,13.41,0.43
373910,0.53,0.8,16.63,13.42,0.13
374000,0.56,0.81,16.64,13.42,0.25
374060,0.51,0.79,16.64,13.42,0.16
374390,0.48,0.79,16.64,13.42,0.1
374530,0.54,0.81,16.65,13.43,0.24
374550,0.55,0.8,16.65,13.43,0.24
374690,0.42,0.8,16.65,13.43,0.12
374710,0.48,0.8,16.65,13.43,0.12
375040,0.56,0.82,16.66,13.44,0.17
375080,0.55,0.81,16.66,13.44,0.12
375160,0.62,0.82,16.66,13.44,0.19
375280,0.43,0.83,16.67,13.44,0.2
375370,0.47,0.84,16.67,13.44,0.09
375390,0.5,0.84,16.67,13.44,0.09
375480,0.45,0.82,16.67,13.45,0.1
375520,0.45,0.83,16.67,13.45,0.1
375650,0.4,0.82,16.67,13.45,0.08
375900,0.55,0.84,16.68,13.45,0.14
376000,0.56,0.84,16.68,13.45,0.16
376130,0.52,0.81,16.68,13.46,0.19
376220,0.54,0.81,16.69,13.46,0.15
376510,0.61,0.83,16.7,13.47,0.16
376600,0.49,0.83,16.7,13.47,0.48
376660,0.54,0.81,16.7,13.47,0.09
376680,0.5,0.8,16.7,13.47,0.12
376830,0.61,0.83,16.71,13.48,0.17
376890,0.55,0.85,16.71,13.48,0.12
377040,0.61,0.78,16.71,13.48,0.13
377450,0.51,0.81,16.73,13.5,0.15
377510,0.49,0.81,16.73,13.5,0.13
377560,0.49,0.81,16.73,13.5,0.12
377640,0.56,0.79,16.73,13.51,0.07
377660,0.55,0.78,16.73,13.51,0.07
377830,0.41,0.74,16.74,13.51,0.07
377870,0.42,0.76,16.74,13.52,0.07
377910,0.48,0.76,16.74,13.52,0.06
377920,0.48,0.76,16.74,13.52,0.06
378130,0.66,0.82,16.75,13.52,0.09
378220,0.62,0.84,16.76,13.53,0.09
378440,0.46,0.83,16.77,13.53,0.15
378450,0.5,0.83,16.77,13.53,0.15
378510,0.57,0.81,16.77,13.54,0.14
378520,0.47,0.81,16.77,13.54,0.14
378690,0.44,0.8,16.78,13.55,0.12
378850,0.52,0.77,16.79,13.55,0.12
378920,0.55,0.81,16.79,13.55,0.11
378950,0.6,0.81,16.79,13.55,0.11
379040,0.52,0.78,16.79,13.56,0.12
379300,0.56,0.8,16.8,13.57,0.14
379470,0.56,0.82,16.81,13.57,0.14
379590,0.5,0.79,16.81,13.58,0.1
379610,0.53,0.8,16.82,13.58,0.1
379630,0.7,0.81,16.82,13.58,0.07
379680,0.6,0.82,16.82,13.58,0.08
379730,0.56,0.83,16.82,13.59,0.08
379770,0.5,0.81,16.82,13.59,0.11
379780,0.51,0.82,16.82,13.59,0.11
380000,0.53,0.81,16.83,13.59,0.08
380020,0.47,0.8,16.83,13.59,0.08
380220,0.48,0.8,16.83,13.6,0.05
380280,0.49,0.8,16.83,13.6,0.06
380390,0.51,0.81,16.83,13.6,0.05
380420,0.51,0.81,16.83,13.6,0.08
380480,0.5,0.81,16.84,13.6,0.05
380540,0.44,0.8,16.84,13.6,0.1
380810,0.63,0.85,16.84,13.6,0.05
380870,0.62,0.86,16.84,13.61,0.09
380890,0.64,0.86,16.84,13.61,0.06
380900,0.63,0.86,16.84,13.61,0.06
380950,0.62,0.86,16.84,13.61,0.05
380970,0.62,0.85,16.84,13.61,0.05
381100,0.57,0.83,16.85,13.61,0.1
381210,0.46,0.81,16.85,13.61,0.07
381330,0.38,0.8,16.85,13.61,0.04
381560,0.47,0.83,16.85,13.62,0.08
381640,0.64,0.82,16.86,13.62,0.06
381770,0.48,0.83,16.86,13.62,0.07
381840,0.44,0.83,16.86,13.62,0.09
382090,0.53,0.85,16.86,13.63,0.09
382170,0.49,0.85,16.87,13.63,0.09
382320,0.74,0.85,16.87,13.63,0.13
382330,0.6,0.85,16.87,13.63,0.13
382340,0.51,0.86,16.87,13.63,0.13
382350,0.48,0.86,16.87,13.63,0.13
382470,0.45,0.83,16.87,13.64,0.07
382490,0.53,0.84,16.87,13.64,0.07
382540,0.55,0.83,16.88,13.64,0.1
382840,0.6,0.86,16.89,13.65,0.07
382960,0.49,0.86,16.89,13.65,0.1
383010,0.51,0.85,16.89,13.66,0.16
383080,0.54,0.86,16.89,13.66,0.14
383170,0.63,0.86,16.9,13.66,0.11
383550,0.47,0.84,16.91,13.68,0.1
383680,0.51,0.85,16.92,13.68,0.07
383730,0.46,0.83,16.92,13.68,0.17
383940,0.47,0.84,16.92,13.69,0.06
383960,0.48,0.84,16.92,13.69,0.06
384100,0.51,0.83,16.92,13.69,0.12
384110,0.47,0.84,16.92,13.69,0.12
384140,0.48,0.82,16.92,13.69,0.07
384320,0.66,0.86,16.93,13.69,0.04
384370,0.57,0.83,16.93,13.7,0.1
384380,0.59,0.83,16.93,13.7,0.1
384520,0.63,0.83,16.93,13.7,0.06
384540,0.59,0.83,16.93,13.7,0.1
384600,0.68,0.81,16.93,13.7,0.05
384650,0.61,0.82,16.93,13.7,0.05
384670,0.58,0.83,16.94,13.7,0.06
384780,0.5,0.83,16.94,13.71,0.05
384800,0.52,0.83,16.94,13.71,0.05
384860,0.45,0.85,16.94,13.71,0.06
384870,0.44,0.84,16.94,13.71,0.06
384900,0.5,0.85,16.94,13.71,0.04
384920,0.46,0.85,16.94,13.71,0.04
385050,0.46,0.86,16.94,13.71,0.08
385070,0.48,0.85,16.94,13.71,0.08
385130,0.52,0.86,16.94,13.71,0.07
385160,0.47,0.87,16.95,13.71,0.05
385200,0.51,0.85,16.95,13.72,0.08
385240,0.55,0.87,16.95,13.72,0.08
385260,0.56,0.87,16.95,13.72,0.06
385460,0.58,0.85,16.95,13.72,0.05
385640,0.59,0.83,16.95,13.72,0.06
385650,0.64,0.84,16.95,13.72,0.06
385830,0.51,0.83,16.96,13.73,0.09
385870,0.55,0.83,16.96,13.73,0.07
385880,0.56,0.83,16.96,13.73,0.07
385960,0.49,0.83,16.96,13.73,0.04
385990,0.57,0.84,16.96,13.73,0.06
386050,0.62,0.84,16.96,13.73,0.09
386070,0.6,0.84,16.96,13.73,0.09
386180,0.59,0.84,16.96,13.73,0.07
386190,0.51,0.84,16.96,13.73,0.07
386330,0.66,0.85,16.97,13.74,0.11
386660,0.56,0.86,16.97,13.74,0.07
386780,0.67,0.84,16.97,13.74,0.08
386870,0.64,0.86,16.98,13.75,0.08
386910,0.66,0.86,16.98,13.75,0.12
386930,0.7,0.86,16.98,13.75,0.12
387000,0.67,0.86,16.98,13.75,0.09
387100,0.62,0.86,16.98,13.75,0.14
387120,0.65,0.86,16.98,13.75,0.12
387400,0.55,0.87,16.98,13.76,0.08
387570,0.49,0.86,16.99,13.76,0.21
387600,0.63,0.87,16.99,13.76,0.15
387690,0.73,0.87,16.99,13.76,0.19
387760,0.65,0.87,16.99,13.76,0.19
387810,0.66,0.86,16.99,13.76,0.08
387920,0.62,0.87,16.99,13.77,0.09
387930,0.57,0.87,16.99,13.77,0.09
388070,0.59,0.84,17.0,13.77,0.08
388080,0.5,0.84,17.0,13.77,0.1
388140,0.62,0.85,17.0,13.77,0.05
388170,0.51,0.85,17.0,13.77,0.05
388250,0.53,0.85,17.0,13.77,0.07
388330,0.53,0.86,17.0,13.77,0.06
388390,0.57,0.85,17.0,13.78,0.05
388580,0.55,0.84,17.0,13.78,0.09
388620,0.52,0.85,17.01,13.78,0.06
388680,0.6,0.84,17.01,13.78,0.05
388870,0.71,0.86,17.01,13.78,0.08
388910,0.52,0.85,17.01,13.78,0.08
388950,0.5,0.85,17.01,13.79,0.09
389060,0.7,0.86,17.01,13.79,0.23
389180,0.68,0.86,17.02,13.79,0.14
389230,0.5,0.88,17.02,13.79,0.13
389250,0.54,0.87,17.02,13.79,0.13
389310,0.47,0.88,17.02,13.79,0.1
389330,0.49,0.88,17.02,13.79,0.1
389340,0.48,0.88,17.02,13.79,0.07
389360,0.5,0.88,17.02,13.79,0.07
389440,0.56,0.88,17.02,13.8,0.09
389540,0.5,0.86,17.03,13.8,0.13
389640,0.44,0.84,17.03,13.8,0.13
389740,0.62,0.88,17.03,13.8,0.08
389800,0.54,0.86,17.03,13.8,0.09
389830,0.45,0.86,17.03,13.8,0.1
389970,0.31,0.85,17.04,13.81,0.07
390020,0.31,0.83,17.04,13.81,0.11
390130,0.39,0.84,17.04,13.81,0.08
390190,0.62,0.85,17.05,13.81,0.06
390290,0.45,0.84,17.05,13.81,0.11
390360,0.63,0.85,17.05,13.81,0.26
390660,0.51,0.86,17.06,13.82,0.09
390790,0.44,0.85,17.06,13.82,0.07
390850,0.44,0.83,17.06,13.82,0.12
391310,0.42,0.85,17.07,13.83,0.06
391360,0.4,0.86,17.07,13.83,0.07
391520,0.41,0.85,17.07,13.84,0.06
391550,0.44,0.85,17.07,13.84,0.06
391600,0.37,0.84,17.08,13.84,0.09
391800,0.38,0.85,17.08,13.84,0.06
392000,0.3,0.82,17.08,13.84,0.04
392090,0.39,0.84,17.08,13.85,0.06
392140,0.33,0.84,17.09,13.85,0.07
392210,0.34,0.84,17.09,13.85,0.06
392230,0.33,0.84,17.09,13.85,0.05
392370,0.37,0.83,17.09,13.85,0.05
392380,0.31,0.83,17.09,13.85,0.05
392400,0.31,0.84,17.09,13.85,0.03
392490,0.33,0.84,17.09,13.85,0.06
392690,0.61,0.87,17.1,13.85,0.06
392790,0.48,0.88,17.11,13.86,0.07
392900,0.36,0.84,17.12,13.86,0.06
392960,0.29,0.84,17.13,13.86,0.06
393140,0.59,0.87,17.13,13.86,0.07
393170,0.6,0.88,17.13,13.86,0.07
393270,0.5,0.87,17.14,13.86,0.14
393400,0.6,0.85,17.14,13.87,0.13
393430,0.52,0.84,17.14,13.87,0.23
393540,0.52,0.83,17.15,13.87,0.34
393750,0.55,0.85,17.15,13.87,0.12
394010,0.45,0.83,17.16,13.88,0.11
394040,0.49,0.83,17.16,13.88,0.13
394050,0.54,0.83,17.16,13.88,0.13
394130,0.45,0.81,17.16,13.88,0.11
394190,0.48,0.81,17.16,13.88,0.15
394210,0.68,0.85,17.16,13.88,0.1
394350,0.4,0.83,17.16,13.89,0.09
394700,0.47,0.82,17.17,13.89,0.13
394720,0.53,0.81,17.17,13.89,0.13
394760,0.46,0.83,17.18,13.89,0.09
394810,0.44,0.83,17.18,13.89,0.21
394890,0.43,0.82,17.18,13.89,0.07
394900,0.39,0.82,17.18,13.89,0.07
394990,0.52,0.83,17.18,13.9,0.14
395000,0.5,0.82,17.18,13.9,0.14
395010,0.64,0.86,17.18,13.9,0.14
395140,0.54,0.83,17.19,13.9,0.11
395160,0.5,0.84,17.19,13.9,0.13
395420,0.45,0.85,17.19,13.9,0.08
395550,0.47,0.85,17.2,13.9,0.07
395560,0.46,0.85,17.2,13.9,0.07
395600,0.55,0.87,17.2,13.91,0.13
395770,0.48,0.85,17.2,13.91,0.05
395780,0.49,0.86,17.2,13.91,0.05
395810,0.47,0.86,17.2,13.91,0.05
396050,0.49,0.87,17.21,13.91,0.12
396070,0.53,0.87,17.21,13.91,0.1
396110,0.47,0.86,17.21,13.91,0.1
396420,0.66,0.9,17.22,13.92,0.06
396510,0.63,0.91,17.23,13.92,0.09
396680,0.56,0.92,17.23,13.93,0.08
396750,0.57,0.9,17.23,13.93,0.07
396760,0.57,0.89,17.23,13.93,0.07
396770,0.6,0.89,17.23,13.93,0.07
396960,0.47,0.88,17.24,13.93,0.08
397020,0.46,0.86,17.24,13.93,0.08
397110,0.56,0.87,17.24,13.93,0.07
397210,0.53,0.86,17.24,13.94,0.07
397300,0.48,0.87,17.24,13.94,0.08
397320,0.48,0.86,17.25,13.94,0.06
397440,0.54,0.88,17.25,13.94,0.07
397520,0.56,0.86,17.25,13.94,0.08
397610,0.44,0.86,17.25,13.94,0.11
397660,0.56,0.87,17.25,13.94,0.11
397780,0.52,0.86,17.26,13.95,0.06
397810,0.47,0.86,17.26,13.95,0.06
397900,0.49,0.86,17.26,13.95,0.08
398140,0.46,0.85,17.27,13.95,0.11
398210,0.51,0.88,17.27,13.95,0.09
398250,0.5,0.87,17.27,13.96,0.05
398470,0.45,0.85,17.28,13.96,0.1
398750,0.5,0.85,17.28,13.96,0.06
398820,0.39,0.84,17.28,13.96,0.05
398840,0.39,0.84,17.28,13.96,0.05
398870,0.43,0.85,17.28,13.96,0.05
399080,0.52,0.88,17.29,13.97,0.08
399200,0.52,0.91,17.29,13.97,0.08
399300,0.58,0.9,17.29,13.97,0.09
399390,0.47,0.88,17.3,13.97,0.07
399650,0.49,0.91,17.3,13.98,0.09
399660,0.42,0.9,17.3,13.98,0.09
399700,0.51,0.91,17.3,13.98,0.09
399750,0.41,0.89,17.3,13.98,0.06
399860,0.45,0.91,17.31,13.98,0.06
399940,0.58,0.89,17.31,13.98,0.08
400020,0.45,0.87,17.31,13.98,0.07
400030,0.49,0.86,17.31,13.98,0.07
400120,0.4,0.87,17.31,13.98,0.11
400200,0.64,0.92,17.31,13.98,0.05
400230,0.42,0.87,17.31,13.99,0.05
400410,0.39,0.88,17.32,13.99,0.06
400470,0.32,0.88,17.32,13.99,0.07
400480,0.35,0.88,17.32,13.99,0.07
400630,0.46,0.91,17.32,13.99,0.1
400640,0.44,0.91,17.32,13.99,0.1
400680,0.45,0.91,17.32,13.99,0.07
400700,0.36,0.9,17.33,13.99,0.07
400730,0.39,0.9,17.33,13.99,0.07
400780,0.49,0.9,17.33,13.99,0.05
400910,0.44,0.91,17.33,14.0,0.08
400960,0.37,0.87,17.33,14.0,0.09
401190,0.4,0.88,17.34,14.0,0.17
401270,0.48,0.89,17.34,14.0,0.11
401280,0.46,0.88,17.34,14.0,0.11
401360,0.42,0.89,17.34,14.0,0.07
401530,0.39,0.9,17.35,14.01,0.07
401550,0.34,0.89,17.35,14.01,0.07
401590,0.38,0.88,17.35,14.01,0.12
401770,0.43,0.9,17.35,14.01,0.06
401910,0.4,0.91,17.37,14.01,0.05
401980,0.37,0.89,17.37,14.01,0.07
402030,0.33,0.89,17.37,14.01,0.08
402170,0.38,0.89,17.37,14.02,0.12
402240,0.43,0.89,17.37,14.02,0.06
402260,0.39,0.89,17.37,14.02,0.06
402340,0.44,0.9,17.38,14.02,0.15
402420,0.38,0.91,17.38,14.02,0.17
402550,0.42,0.93,17.38,14.02,0.09
402610,0.43,0.92,17.38,14.02,0.07
402680,0.4,0.91,17.38,14.02,0.11
402880,0.31,0.9,17.39,14.03,0.08
402890,0.32,0.9,17.39,14.03,0.08
403030,0.35,0.9,17.39,14.03,0.05
403090,0.34,0.9,17.39,14.03,0.06
403190,0.36,0.9,17.39,14.03,0.08
403480,0.49,0.92,17.4,14.04,0.07
403650,0.3,0.9,17.4,14.04,0.1
403750,0.32,0.9,17.41,14.04,0.05
403810,0.33,0.9,17.41,14.04,0.04
403840,0.32,0.9,17.41,14.04,0.04
403870,0.38,0.91,17.41,14.04,0.04
403960,0.34,0.92,17.41,14.04,0.06
404040,0.34,0.91,17.41,14.05,0.04
404130,0.46,0.94,17.41,14.05,0.06
404260,0.34,0.91,17.42,14.05,0.08
404380,0.47,0.91,17.42,14.05,0.09
404460,0.5,0.95,17.42,14.05,0.06
404660,0.45,0.9,17.43,14.06,0.11
404840,0.3,0.91,17.43,14.06,0.08
404850,0.32,0.91,17.43,14.06,0.08
404930,0.36,0.93,17.44,14.06,0.04
405070,0.35,0.94,17.44,14.06,0.06
405120,0.37,0.94,17.44,14.06,0.11
405190,0.32,0.93,17.44,14.06,0.09
405210,0.3,0.93,17.44,14.06,0.09
405500,0.42,0.91,17.44,14.07,0.08
405530,0.28,0.92,17.45,14.07,0.08
405540,0.28,0.92,17.45,14.07,0.19
405630,0.39,0.91,17.45,14.07,0.08
405650,0.39,0.91,17.45,14.07,0.08
405690,0.36,0.92,17.45,14.07,0.1
405740,0.32,0.93,17.45,14.07,0.11
405910,0.34,0.93,17.45,14.07,0.04
406050,0.28,0.93,17.45,14.08,0.05
406070,0.29,0.92,17.45,14.08,0.05
406210,0.34,0.92,17.45,14.08,0.06
406290,0.32,0.93,17.46,14.08,0.06
406480,0.3,0.95,17.46,14.09,0.04
406660,0.36,0.95,17.46,14.09,0.06
406690,0.38,0.97,17.46,14.09,0.09
406940,0.29,0.93,17.47,14.09,0.06
406960,0.29,0.93,17.47,14.09,0.06
407050,0.46,0.91,17.47,14.1,0.05
407120,0.3,0.92,17.47,14.1,0.17
407410,0.27,0.92,17.47,14.1,0.04
407580,0.3,0.91,17.48,14.11,0.05
407680,0.31,0.92,17.48,14.11,0.12
407860,0.27,0.92,17.48,14.11,0.04
407940,0.27,0.91,17.48,14.11,0.04
408120,0.25,0.92,17.49,14.11,0.06
408240,0.28,0.91,17.49,14.12,0.04
408350,0.27,0.91,17.49,14.12,0.05
408430,0.28,0.9,17.49,14.12,0.06
408670,0.33,0.91,17.49,14.12,0.07
408680,0.3,0.91,17.5,14.12,0.07
408830,0.29,0.92,17.5,14.13,0.06
408870,0.34,0.91,17.5,14.13,0.06
409130,0.27,0.91,17.5,14.13,0.15
409200,0.28,0.91,17.5,14.13,0.09
409360,0.3,0.92,17.51,14.13,0.1
409390,0.28,0.91,17.51,14.13,0.07
409400,0.29,0.91,17.51,14.13,0.07
409490,0.26,0.91,17.51,14.13,0.04
409700,0.24,0.91,17.51,14.14,0.11
409800,0.31,0.91,17.51,14.14,0.04
409810,0.31,0.91,17.51,14.14,0.04
410050,0.35,0.93,17.52,14.14,0.04
410270,0.29,0.92,17.52,14.15,0.06
410300,0.26,0.92,17.52,14.15,0.04
410350,0.31,0.93,17.52,14.15,0.03
410560,0.28,0.91,17.52,14.15,0.05
410640,0.32,0.92,17.53,14.15,0.06
410730,0.34,0.93,17.53,14.15,0.12
410870,0.39,0.94,17.53,14.15,0.05
410940,0.34,0.93,17.53,14.16,0.1
410950,0.33,0.93,17.53,14.16,0.1
410970,0.3,0.93,17.53,14.16,0.1
410990,0.28,0.93,17.53,14.16,0.1
411030,0.3,0.93,17.53,14.16,0.04
411430,0.31,0.92,17.54,14.16,0.04
411480,0.31,0.94,17.54,14.16,0.04
411630,0.3,0.94,17.54,14.17,0.08
411730,0.32,0.92,17.54,14.17,0.07
411770,0.27,0.92,17.54,14.17,0.07
411780,0.27,0.92,17.54,14.17,0.04
411790,0.3,0.92,17.54,14.17,0.04
411850,0.29,0.92,17.54,14.17,0.07
412110,0.48,0.94,17.55,14.17,0.08
412130,0.55,0.94,17.55,14.17,0.08
412290,0.34,0.94,17.55,14.18,0.21
412380,0.32,0.93,17.55,14.18,0.06
412450,0.34,0.94,17.55,14.18,0.06
412460,0.33,0.93,17.55,14.18,0.06
412570,0.29,0.92,17.55,14.18,0.09
412590,0.28,0.93,17.55,14.18,0.09
412640,0.28,0.93,17.56,14.18,0.07
412790,0.28,0.94,17.56,14.18,0.07
412830,0.3,0.92,17.56,14.19,0.05
412880,0.26,0.93,17.56,14.19,0.09
413030,0.28,0.93,17.56,14.19,0.04
413210,0.29,0.92,17.56,14.19,0.06
413300,0.29,0.93,17.56,14.19,0.14
413330,0.28,0.93,17.56,14.19,0.14
413370,0.28,0.92,17.56,14.19,0.07
413610,0.3,0.95,17.57,14.2,0.1
413640,0.3,0.96,17.57,14.2,0.07
413770,0.31,0.95,17.57,14.2,0.08
413800,0.32,0.95,17.57,14.2,0.08
414030,0.29,0.95,17.57,14.2,0.06
414130,0.35,0.96,17.57,14.2,0.04
414160,0.3,0.96,17.58,14.2,0.04
414260,0.3,0.96,17.58,14.2,0.04
414290,0.33,0.96,17.58,14.21,0.04
414390,0.32,0.94,17.58,14.21,0.04
414400,0.32,0.94,17.58,14.21,0.04
414440,0.37,0.95,17.58,14.21,0.04
414610,0.31,0.92,17.58,14.21,0.05
414670,0.29,0.92,17.58,14.21,0.07
414800,0.27,0.92,17.58,14.21,0.08
414820,0.38,0.92,17.58,14.21,0.08
414860,0.31,0.93,17.58,14.21,0.06
415010,0.26,0.92,17.59,14.21,0.04
415060,0.3,0.94,17.59,14.21,0.05
415080,0.28,0.93,17.59,14.21,0.05
415130,0.29,0.94,17.59,14.22,0.05
415200,0.31,0.94,17.59,14.22,0.09
415340,0.39,0.93,17.59,14.22,0.06
415380,0.35,0.93,17.59,14.22,0.07
415400,0.36,0.93,17.59,14.22,0.07
415520,0.27,0.91,17.59,14.22,0.04
415760,0.32,0.93,17.6,14.22,0.06
415790,0.27,0.92,17.6,14.22,0.06
415800,0.32,0.92,17.6,14.22,0.04
415990,0.29,0.91,17.6,14.23,0.07
416140,0.38,0.91,17.6,14.23,0.1
416210,0.35,0.91,17.6,14.23,0.07
416290,0.33,0.9,17.61,14.23,0.04
416350,0.3,0.91,17.61,14.23,0.04
416390,0.33,0.91,17.61,14.23,0.04
416450,0.32,0.92,17.61,14.23,0.04
416620,0.28,0.93,17.61,14.24,0.06
416670,0.27,0.93,17.61,14.24,0.04
416770,0.4,0.92,17.61,14.24,0.05
416790,0.31,0.92,17.61,14.24,0.05
416910,0.32,0.94,17.62,14.24,0.03
417040,0.31,0.94,17.62,14.24,0.04
417190,0.27,0.92,17.62,14.24,0.08
417200,0.25,0.92,17.62,14.24,0.08
417270,0.21,0.91,17.62,14.24,0.05
417320,0.24,0.91,17.62,14.25,0.03
417330,0.27,0.92,17.62,14.25,0.03
417490,0.35,0.93,17.62,14.25,0.09
417660,0.25,0.94,17.62,14.25,0.04
417760,0.35,0.94,17.63,14.25,0.08
417830,0.28,0.95,17.63,14.25,0.04
417940,0.3,0.96,17.63,14.25,0.03
417950,0.29,0.95,17.63,14.25,0.03
417970,0.31,0.95,17.63,14.25,0.04
418110,0.3,0.96,17.63,14.25,0.04
418120,0.31,0.96,17.63,14.25,0.04
418160,0.29,0.96,17.63,14.26,0.04
418230,0.31,0.92,17.63,14.26,0.08
418330,0.28,0.92,17.63,14.26,0.04
418360,0.31,0.93,17.63,14.26,0.04
418390,0.34,0.94,17.63,14.26,0.05
418400,0.33,0.94,17.63,14.26,0.05
418760,0.52,0.92,17.64,14.26,0.08
418770,0.44,0.91,17.64,14.26,0.08
418790,0.25,0.91,17.64,14.26,0.08
418830,0.27,0.92,17.64,14.26,0.05
418870,0.25,0.91,17.64,14.26,0.06
418910,0.25,0.91,17.64,14.27,0.06
418970,0.26,0.93,17.64,14.27,0.06
419120,0.23,0.92,17.65,14.27,0.04
419130,0.26,0.93,17.65,14.27,0.04
419240,0.37,0.92,17.65,14.27,0.11
419280,0.33,0.93,17.65,14.27,0.05
419290,0.33,0.93,17.65,14.27,0.05
419480,0.36,0.93,17.65,14.27,0.04
419490,0.35,0.93,17.65,14.27,0.04
419560,0.32,0.92,17.65,14.27,0.09
419720,0.32,0.92,17.65,14.28,0.11
419770,0.32,0.92,17.65,14.28,0.09
420220,0.3,0.93,17.66,14.28,0.07
420280,0.28,0.93,17.66,14.28,0.09
420290,0.27,0.9,17.66,14.28,0.09
420420,0.31,0.89,17.66,14.28,0.06
420450,0.31,0.88,17.66,14.29,0.06
420610,0.38,0.89,17.67,14.29,0.04
420630,0.39,0.9,17.67,14.29,0.04
420840,0.35,0.92,17.67,14.29,0.04
420910,0.39,0.93,17.67,14.29,0.07
421150,0.3,0.89,17.67,14.29,0.05
421260,0.41,0.89,17.67,14.3,0.11
421270,0.42,0.89,17.67,14.3,0.11
421320,0.27,0.89,17.68,14.3,0.1
421360,0.29,0.89,17.68,14.3,0.1
421400,0.29,0.89,17.68,14.3,0.06
421480,0.36,0.92,17.68,14.3,0.07
421490,0.36,0.92,17.68,14.3,0.07
421690,0.37,0.9,17.68,14.3,0.07
421780,0.33,0.9,17.68,14.3,0.13
421820,0.32,0.9,17.68,14.3,0.04
421850,0.34,0.91,17.68,14.3,0.04
421920,0.31,0.9,17.69,14.31,0.04
422070,0.32,0.9,17.69,14.31,0.04
422080,0.33,0.9,17.69,14.31,0.04
422160,0.39,0.92,17.69,14.31,0.05
422170,0.41,0.91,17.69,14.31,0.05
422200,0.36,0.9,17.69,14.31,0.05
422310,0.36,0.91,17.69,14.31,0.04
422530,0.36,0.89,17.69,14.31,0.04
422660,0.34,0.9,17.7,14.32,0.06
422700,0.31,0.89,17.7,14.32,0.06
422730,0.33,0.9,17.7,14.32,0.06
423120,0.33,0.9,17.7,14.32,0.05
423290,0.55,0.89,17.71,14.32,0.09
423370,0.32,0.88,17.71,14.33,0.08
423430,0.29,0.87,17.71,14.33,0.06
423630,0.33,0.87,17.71,14.33,0.03
423750,0.43,0.87,17.71,14.33,0.07
423810,0.33,0.88,17.71,14.33,0.05
423830,0.32,0.88,17.71,14.33,0.05
424030,0.42,0.89,17.72,14.34,0.06
424160,0.3,0.88,17.72,14.34,0.04
424170,0.32,0.88,17.72,14.34,0.04
424210,0.37,0.88,17.72,14.34,0.04
424260,0.36,0.88,17.72,14.34,0.08
424410,0.27,0.88,17.72,14.34,0.07
424570,0.26,0.87,17.73,14.34,0.04
424590,0.24,0.87,17.73,14.35,0.04
424610,0.49,0.88,17.73,14.35,0.04
424630,0.38,0.87,17.73,14.35,0.04
424670,0.39,0.86,17.73,14.35,0.04
424680,0.4,0.87,17.73,14.35,0.06
424730,0.37,0.86,17.73,14.35,0.06
424750,0.26,0.86,17.73,14.35,0.12
424990,0.35,0.87,17.73,14.35,0.05
425030,0.32,0.87,17.74,14.35,0.05
425280,0.28,0.87,17.74,14.36,0.07
425310,0.28,0.87,17.74,14.36,0.07
425410,0.3,0.87,17.74,14.36,0.04
425470,0.28,0.87,17.74,14.36,0.06
425520,0.29,0.87,17.74,14.36,0.04
425740,0.28,0.87,17.75,14.37,0.06
425940,0.27,0.87,17.75,14.37,0.05
425980,0.3,0.87,17.75,14.37,0.05
426100,0.29,0.87,17.75,14.37,0.03
426120,0.26,0.87,17.75,14.37,0.03
426240,0.26,0.86,17.75,14.37,0.07
426330,0.38,0.88,17.76,14.37,0.05
426370,0.35,0.89,17.76,14.37,0.05
426420,0.43,0.89,17.76,14.37,0.05
426530,0.3,0.88,17.76,14.38,0.05
426560,0.3,0.88,17.76,14.38,0.04
426660,0.34,0.91,17.76,14.38,0.07
426680,0.37,0.91,17.76,14.38,0.07
426710,0.34,0.9,17.76,14.38,0.07
427000,0.65,0.89,17.77,14.38,0.05
427040,0.3,0.89,17.77,14.38,0.07
427070,0.3,0.9,17.77,14.39,0.07
427110,0.3,0.88,17.77,14.39,0.05
427200,0.3,0.88,17.77,14.39,0.07
427210,0.33,0.88,17.77,14.39,0.07
427260,0.36,0.89,17.77,14.39,0.14
427320,0.21,0.87,17.77,14.39,0.08
427360,0.19,0.86,17.77,14.39,0.08
427390,0.23,0.85,17.78,14.39,0.04
427400,0.2,0.85,17.78,14.39,0.04
427410,0.25,0.86,17.78,14.39,0.04
427500,0.23,0.87,17.78,14.39,0.08
427570,0.31,0.88,17.78,14.39,0.04
427790,0.34,0.86,17.78,14.4,0.12
427860,0.44,0.88,17.78,14.4,0.06
428030,0.31,0.89,17.79,14.4,0.04
428070,0.23,0.88,17.79,14.4,0.03
428150,0.37,0.89,17.79,14.4,0.08
428250,0.23,0.88,17.79,14.4,0.05
428310,0.27,0.88,17.79,14.41,0.05
428450,0.27,0.87,17.79,14.41,0.03
428470,0.32,0.88,17.79,14.41,0.05
428710,0.45,0.9,17.8,14.41,0.05
428840,0.28,0.88,17.8,14.41,0.05
428940,0.28,0.87,17.8,14.41,0.06
429080,0.29,0.88,17.8,14.42,0.06
429200,0.3,0.88,17.8,14.42,0.04
429240,0.23,0.87,17.81,14.42,0.05
429390,0.26,0.86,17.81,14.42,0.07
429470,0.29,0.85,17.81,14.42,0.05
429580,0.28,0.87,17.81,14.43,0.06
429700,0.31,0.88,17.81,14.43,0.05
429950,0.28,0.87,17.82,14.43,0.08
429960,0.27,0.87,17.82,14.43,0.05
429970,0.28,0.86,17.82,14.43,0.05
430030,0.28,0.87,17.82,14.43,0.06
430110,0.29,0.87,17.82,14.43,0.05
430150,0.33,0.88,17.82,14.43,0.04
430180,0.31,0.88,17.82,14.43,0.04
430460,0.34,0.86,17.82,14.44,0.04
430530,0.36,0.87,17.83,14.44,0.04
430710,0.34,0.89,17.83,14.44,0.05
430890,0.24,0.88,17.83,14.44,0.04
431040,0.21,0.88,17.83,14.45,0.04
431140,0.33,0.9,17.83,14.45,0.04
431300,0.21,0.89,17.84,14.45,0.12
431410,0.37,0.89,17.84,14.45,0.11
431450,0.33,0.89,17.84,14.45,0.11
431620,0.22,0.89,17.84,14.45,0.05
431650,0.25,0.89,17.84,14.45,0.05
431930,0.28,0.91,17.84,14.46,0.04
431940,0.29,0.91,17.84,14.46,0.04
431990,0.24,0.9,17.84,14.46,0.04
432170,0.28,0.91,17.85,14.46,0.04
432510,0.38,0.94,17.85,14.46,0.12
432520,0.4,0.95,17.85,14.46,0.12
432610,0.44,0.94,17.86,14.47,0.07
432740,0.35,0.94,17.86,14.47,0.12
432750,0.33,0.94,17.86,14.47,0.12
432790,0.29,0.93,17.86,14.47,0.07
433280,0.34,0.96,17.87,14.48,0.11
433420,0.33,0.95,17.87,14.48,0.05
433580,0.36,0.97,17.87,14.48,0.03
433680,0.32,0.98,17.88,14.48,0.04
433690,0.32,0.96,17.88,14.48,0.04
433760,0.41,0.96,17.88,14.48,0.05
433880,0.31,0.96,17.88,14.49,0.04
433920,0.37,0.92,17.88,14.49,0.04
433970,0.32,0.91,17.88,14.49,0.04
434010,0.33,0.92,17.88,14.49,0.04
434060,0.32,0.89,17.88,14.49,0.04
434290,0.32,0.9,17.89,14.49,0.07
434370,0.33,0.91,17.89,14.49,0.06
434470,0.33,0.93,17.89,14.49,0.18
434540,0.32,0.93,17.89,14.49,0.18
434690,0.31,0.92,17.89,14.5,0.07
434780,0.29,0.88,17.89,14.5,0.07
434920,0.29,0.9,17.9,14.5,0.07
434930,0.26,0.89,17.9,14.5,0.07
435000,0.25,0.87,17.9,14.5,0.11
435030,0.29,0.88,17.9,14.5,0.11
435290,0.29,0.92,17.9,14.5,0.04
435300,0.37,0.92,17.9,14.5,0.08
435440,0.29,0.93,17.9,14.51,0.03
435580,0.25,0.9,17.9,14.51,0.04
435620,0.25,0.87,17.9,14.51,0.04
435680,0.24,0.88,17.91,14.51,0.05
435740,0.32,0.89,17.91,14.51,0.04
435770,0.28,0.89,17.91,14.51,0.04
435880,0.32,0.9,17.91,14.51,0.06
435900,0.28,0.89,17.91,14.51,0.03
435960,0.26,0.88,17.91,14.51,0.04
436080,0.26,0.89,17.91,14.51,0.03
436150,0.24,0.89,17.91,14.51,0.02
436190,0.22,0.89,17.91,14.51,0.02
436250,0.33,0.92,17.91,14.51,0.04
436490,0.5,0.97,17.92,14.52,0.04
436550,0.44,0.96,17.92,14.52,0.05
436560,0.45,0.96,17.92,14.52,0.06
436720,0.36,0.93,17.92,14.52,0.09
436820,0.39,0.94,17.92,14.52,0.18
436830,0.38,0.93,17.92,14.52,0.18
436900,0.37,0.9,17.92,14.52,0.1
436920,0.35,0.89,17.92,14.52,0.12
436930,0.36,0.9,17.92,14.52,0.12
437140,0.51,0.93,17.93,14.53,0.06
437220,0.36,0.89,17.93,14.53,0.09
437350,0.37,0.89,17.93,14.53,0.14
437380,0.51,0.9,17.94,14.53,0.14
437530,0.29,0.91,17.94,14.53,0.05
437560,0.25,0.91,17.94,14.53,0.05
437580,0.22,0.91,17.94,14.53,0.03
437600,0.25,0.91,17.94,14.53,0.03
437710,0.37,0.92,17.94,14.53,0.06
437840,0.25,0.93,17.94,14.54,0.06
437850,0.27,0.93,17.94,14.54,0.06
438190,0.3,0.88,17.95,14.54,0.06
438200,0.31,0.89,17.95,14.54,0.06
438270,0.24,0.9,17.95,14.54,0.05
438360,0.22,0.89,17.95,14.54,0.04
438530,0.22,0.9,17.95,14.54,0.04
438770,0.26,0.9,17.96,14.55,0.03
438810,0.25,0.91,17.96,14.55,0.09
438830,0.26,0.91,17.96,14.55,0.09
438860,0.23,0.9,17.96,14.55,0.06
438870,0.24,0.9,17.96,14.55,0.06
438950,0.17,0.9,17.96,14.55,0.03
439040,0.21,0.89,17.96,14.55,0.05
439080,0.22,0.89,17.96,14.55,0.03
439130,0.26,0.9,17.96,14.55,0.03
439520,0.3,0.93,17.97,14.55,0.09
439600,0.34,0.94,17.97,14.56,0.05
439740,0.3,0.94,17.97,14.56,0.07
439990,0.34,0.92,17.98,14.56,0.08
440040,0.35,0.93,17.98,14.56,0.08
440060,0.37,0.93,17.98,14.56,0.08
440170,0.29,0.92,17.98,14.56,0.1
440260,0.33,0.93,17.98,14.56,0.08
440290,0.31,0.93,17.98,14.57,0.11
440360,0.27,0.94,17.98,14.57,0.07
440380,0.3,0.93,17.98,14.57,0.07
440390,0.33,0.93,17.98,14.57,0.07
440610,0.31,0.92,17.99,14.57,0.05
440630,0.36,0.93,17.99,14.57,0.05
440690,0.38,0.93,17.99,14.57,0.05
440800,0.3,0.91,17.99,14.57,0.06
441030,0.3,0.93,18.0,14.58,0.09
441310,0.22,0.88,18.0,14.58,0.06
441320,0.17,0.88,18.0,14.58,0.06
441380,0.25,0.88,18.0,14.58,0.05
441500,0.24,0.9,18.01,14.58,0.05
441710,0.27,0.94,18.01,14.59,0.04
441770,0.23,0.91,18.01,14.59,0.04
441790,0.26,0.91,18.01,14.59,0.06
441920,0.45,0.94,18.02,14.59,0.05
442020,0.41,0.92,18.02,14.59,0.09
442090,0.39,0.93,18.02,14.59,0.08
442190,0.4,0.92,18.02,14.59,0.07
442280,0.36,0.91,18.03,14.6,0.09
442510,0.41,0.92,18.03,14.6,0.13
442540,0.3,0.92,18.03,14.6,0.13
442550,0.42,0.93,18.03,14.6,0.13
442620,0.36,0.93,18.04,14.6,0.09
442910,0.47,0.93,18.04,14.61,0.06
442950,0.41,0.95,18.04,14.61,0.05
442970,0.34,0.94,18.04,14.61,0.05
443020,0.37,0.92,18.05,14.61,0.1
443090,0.33,0.91,18.05,14.61,0.11
443110,0.36,0.9,18.05,14.61,0.04
443190,0.29,0.91,18.05,14.61,0.05
443240,0.32,0.92,18.05,14.61,0.05
443350,0.46,0.92,18.05,14.61,0.06
443380,0.38,0.94,18.05,14.61,0.06
443460,0.37,0.93,18.06,14.61,0.05
443760,0.36,0.94,18.06,14.62,0.16
444010,0.49,0.97,18.07,14.62,0.06
444020,0.45,0.96,18.07,14.62,0.06
444120,0.42,0.93,18.07,14.62,0.03
444170,0.42,0.92,18.08,14.62,0.03
444200,0.36,0.92,18.08,14.62,0.06
444280,0.48,0.94,18.08,14.63,0.07
444360,0.39,0.92,18.08,14.63,0.07
444430,0.39,0.91,18.08,14.63,0.05
444590,0.46,0.97,18.09,14.63,0.09
444880,0.37,0.91,18.1,14.64,0.12
445030,0.42,0.92,18.1,14.64,0.15
445050,0.34,0.93,18.1,14.64,0.15
445100,0.3,0.92,18.1,14.64,0.11
445150,0.32,0.93,18.1,14.64,0.09
445240,0.39,0.93,18.1,14.64,0.1
445410,0.53,0.95,18.11,14.65,0.13
445440,0.5,0.94,18.11,14.65,0.11
445500,0.44,0.93,18.11,14.65,0.19
445510,0.41,0.93,18.11,14.65,0.19
445720,0.36,0.93,18.12,14.65,0.09
445760,0.31,0.93,18.12,14.65,0.06
445820,0.33,0.91,18.12,14.65,0.07
445830,0.33,0.91,18.12,14.65,0.07
445930,0.33,0.92,18.12,14.65,0.04
446210,0.51,0.92,18.13,14.66,0.09
446290,0.41,0.93,18.13,14.66,0.08
446350,0.72,0.95,18.13,14.66,0.14
446400,0.39,0.95,18.13,14.66,0.15
446470,0.46,0.95,18.13,14.66,0.11
446550,0.44,0.94,18.14,14.66,0.14
446570,0.4,0.94,18.14,14.66,0.14
446610,0.4,0.96,18.14,14.66,0.17
446740,0.42,0.96,18.14,14.66,0.09
446860,0.48,0.93,18.14,14.67,0.1
446900,0.37,0.93,18.14,14.67,0.1
446950,0.38,0.94,18.15,14.67,0.06
447160,0.39,0.93,18.15,14.67,0.05
447200,0.49,0.94,18.15,14.67,0.12
447220,0.47,0.96,18.15,14.67,0.12
447250,0.47,0.95,18.15,14.67,0.07
447290,0.47,0.95,18.15,14.67,0.07
447340,0.45,0.97,18.16,14.67,0.1
447360,0.44,0.98,18.16,14.67,0.09
447370,0.42,0.95,18.16,14.67,0.09
447390,0.41,0.94,18.16,14.68,0.09
447480,0.49,0.94,18.16,14.68,0.08
447520,0.53,0.96,18.16,14.68,0.08
447530,0.59,0.97,18.16,14.68,0.08
447540,0.6,0.97,18.16,14.68,0.17
447600,0.57,0.97,18.16,14.68,0.12
447620,0.54,0.98,18.16,14.68,0.12
447790,0.43,0.94,18.17,14.68,0.19
447840,0.52,0.94,18.17,14.68,0.22
447850,0.51,0.93,18.17,14.68,0.22
447980,0.42,0.93,18.18,14.69,0.15
448070,0.56,0.95,18.18,14.69,0.15
448190,0.45,0.91,18.18,14.69,0.11
448330,0.5,0.94,18.18,14.69,0.21
448340,0.51,0.92,18.18,14.69,0.21
448430,0.54,0.93,18.19,14.69,0.12
448490,0.48,0.92,18.19,14.7,0.07
448550,0.41,0.92,18.19,14.7,0.06
448560,0.42,0.93,18.19,14.7,0.06
448570,0.43,0.92,18.19,14.7,0.06
448660,0.37,0.92,18.19,14.7,0.05
448910,0.47,0.96,18.2,14.7,0.07
448960,0.52,0.97,18.2,14.7,0.06
449030,0.38,0.96,18.2,14.7,0.07
449090,0.52,0.97,18.2,14.7,0.05
449130,0.4,0.92,18.2,14.71,0.05
449270,0.41,0.9,18.2,14.71,0.07
449300,0.45,0.9,18.2,14.71,0.04
449370,0.36,0.89,18.2,14.71,0.12
449490,0.41,0.91,18.21,14.71,0.07
449600,0.37,0.92,18.21,14.71,0.09
449830,0.38,0.91,18.21,14.72,0.1
449970,0.48,0.93,18.22,14.72,0.07
450000,0.44,0.92,18.22,14.72,0.06
450010,0.49,0.91,18.22,14.72,0.06
450050,0.5,0.91,18.22,14.72,0.06
450110,0.51,0.92,18.22,14.72,0.09
450120,0.5,0.92,18.22,14.72,0.07
450170,0.51,0.92,18.22,14.72,0.07
450320,0.57,0.89,18.23,14.72,0.12
450380,0.51,0.89,18.23,14.72,0.14
450770,0.43,0.9,18.24,14.73,0.09
450800,0.41,0.91,18.24,14.73,0.07
450820,0.4,0.91,18.24,14.73,0.07
450850,0.43,0.9,18.24,14.73,0.1
450910,0.41,0.91,18.24,14.73,0.05
450990,0.42,0.94,18.24,14.73,0.07
451110,0.35,0.92,18.24,14.74,0.06
451220,0.38,0.92,18.25,14.74,0.06
451230,0.43,0.92,18.25,14.74,0.06
451410,0.36,0.91,18.25,14.74,0.08
451460,0.34,0.91,18.25,14.74,0.05
451470,0.35,0.92,18.25,14.74,0.05
451650,0.34,0.9,18.25,14.74,0.07
451960,0.28,0.89,18.26,14.75,0.05
452020,0.34,0.9,18.26,14.75,0.12
452140,0.3,0.88,18.26,14.75,0.12
452160,0.27,0.88,18.26,14.75,0.07
452210,0.53,0.91,18.26,14.75,0.07
452240,0.49,0.92,18.26,14.75,0.09
452270,0.47,0.91,18.27,14.75,0.09
452320,0.52,0.91,18.27,14.75,0.13
452410,0.57,0.92,18.27,14.75,0.08
452530,0.41,0.93,18.27,14.75,0.07
452700,0.52,0.95,18.28,14.76,0.08
452720,0.51,0.93,18.28,14.76,0.08
452830,0.42,0.91,18.28,14.76,0.15
452920,0.42,0.92,18.29,14.76,0.27
453030,0.5,0.95,18.29,14.76,0.18
453090,0.63,0.95,18.29,14.76,0.14
453220,0.54,0.95,18.29,14.77,0.17
453450,0.7,0.94,18.3,14.77,0.08
453630,0.63,0.94,18.3,14.77,0.12
453660,0.63,0.94,18.3,14.77,0.12
453670,0.68,0.94,18.3,14.77,0.12
453690,0.71,0.95,18.31,14.77,0.12
453700,0.72,0.95,18.31,14.77,0.12
453730,0.71,0.95,18.31,14.77,0.11
453740,0.72,0.95,18.31,14.77,0.11
453790,0.7,0.94,18.31,14.77,0.21
453840,0.56,0.94,18.31,14.78,0.13
453870,0.69,0.97,18.31,14.78,0.13
453920,0.79,0.97,18.31,14.78,0.13
453940,0.79,0.96,18.32,14.78,0.13
453960,0.8,0.97,18.32,14.78,0.11
454010,0.83,0.97,18.32,14.78,0.11
454140,0.78,0.96,18.33,14.78,0.09
454150,0.79,0.97,18.33,14.78,0.09
454340,0.82,0.95,18.34,14.78,0.13
454470,0.79,0.95,18.34,14.79,0.13
454530,0.74,0.91,18.34,14.79,0.1
454670,0.69,0.9,18.35,14.79,0.11
454680,0.7,0.91,18.35,14.79,0.11
454800,0.65,0.96,18.35,14.79,0.17
454860,0.55,0.94,18.35,14.79,0.16
454910,0.58,0.95,18.36,14.79,0.16
454920,0.56,0.96,18.36,14.79,0.08
455050,0.64,0.93,18.36,14.8,0.07
455070,0.61,0.92,18.36,14.8,0.07
455300,0.68,0.92,18.37,14.8,0.11
455560,0.5,0.9,18.38,14.81,0.09
455570,0.56,0.9,18.38,14.81,0.09
455590,0.56,0.9,18.38,14.81,0.09
455620,0.59,0.9,18.38,14.81,0.09
455640,0.58,0.9,18.38,14.81,0.1
455660,0.57,0.91,18.38,14.81,0.1
455930,0.64,0.96,18.39,14.81,0.19
456000,0.66,0.94,18.39,14.81,0.21
456150,0.51,0.94,18.39,14.82,0.24
456210,0.61,0.92,18.39,14.82,0.2
456220,0.53,0.92,18.39,14.82,0.2
456270,0.55,0.92,18.39,14.82,0.18
456290,0.53,0.93,18.39,14.82,0.18
456300,0.54,0.9,18.39,14.82,0.19
456370,0.51,0.9,18.4,14.82,0.29
456810,0.57,0.94,18.41,14.83,0.12
456880,0.61,0.94,18.41,14.83,0.14
456930,0.68,0.93,18.41,14.83,0.23
456980,0.62,0.93,18.41,14.83,0.18
457060,0.6,0.95,18.41,14.83,0.15
457120,0.59,0.95,18.42,14.83,0.13
457230,0.59,0.96,18.42,14.84,0.16
457270,0.62,0.96,18.42,14.84,0.13
457290,0.58,0.93,18.42,14.84,0.13
457350,0.6,0.93,18.42,14.84,0.12
457440,0.51,0.89,18.43,14.84,0.13
457570,0.54,0.91,18.43,14.84,0.09
457610,0.49,0.91,18.43,14.84,0.09
457630,0.49,0.9,18.43,14.85,0.17
457640,0.45,0.89,18.43,14.85,0.17
457800,0.5,0.88,18.44,14.85,0.13
457860,0.61,0.89,18.44,14.85,0.14
457940,0.54,0.93,18.44,14.85,0.19
458070,0.6,0.94,18.45,14.85,0.13
458150,0.62,0.93,18.45,14.86,0.21
458170,0.71,0.93,18.45,14.86,0.23
458200,0.57,0.9,18.45,14.86,0.23
458240,0.58,0.91,18.45,14.86,0.25
458260,0.61,0.9,18.45,14.86,0.25
458420,0.61,0.94,18.46,14.86,0.25
458530,0.63,0.94,18.46,14.87,0.31
458700,0.58,0.94,18.47,14.87,0.17
458770,0.63,0.93,18.47,14.87,0.22
458850,0.59,0.93,18.47,14.87,0.1
458880,0.54,0.92,18.47,14.88,0.14
459040,0.6,0.89,18.48,14.88,0.17
459150,0.55,0.88,18.48,14.88,0.22
459270,0.64,0.87,18.49,14.88,0.2
459290,0.66,0.88,18.49,14.89,0.2
459340,0.54,0.87,18.49,14.89,0.05
459370,0.58,0.88,18.49,14.89,0.16
459400,0.52,0.88,18.49,14.89,0.16
459450,0.55,0.89,18.49,14.89,0.14
459490,0.49,0.89,18.49,14.89,0.12
459510,0.49,0.89,18.49,14.89,0.12
459650,0.49,0.89,18.5,14.89,0.15
459790,0.5,0.89,18.5,14.9,0.08
459800,0.47,0.89,18.5,14.9,0.08
459830,0.47,0.89,18.5,14.9,0.08
460070,0.52,0.89,18.51,14.9,0.08
460190,0.44,0.87,18.51,14.91,0.08
460220,0.49,0.87,18.51,14.91,0.06
460280,0.54,0.89,18.51,14.91,0.11
460350,0.56,0.9,18.51,14.91,0.11
460460,0.56,0.9,18.51,14.91,0.06
460550,0.54,0.9,18.52,14.92,0.12
460590,0.52,0.9,18.52,14.92,0.13
460750,0.46,0.88,18.52,14.92,0.13
460850,0.6,0.9,18.52,14.92,0.11
460870,0.62,0.9,18.52,14.92,0.13
460930,0.68,0.9,18.52,14.92,0.13
461010,0.59,0.9,18.53,14.92,0.07
461050,0.59,0.89,18.53,14.92,0.1
461110,0.51,0.86,18.53,14.93,0.13
461260,0.37,0.85,18.53,14.93,0.14
461380,0.37,0.87,18.54,14.93,0.09
461620,0.41,0.88,18.54,14.93,0.09
461750,0.34,0.88,18.54,14.94,0.07
461880,0.37,0.9,18.55,14.94,0.11
461890,0.41,0.9,18.55,14.94,0.11
461930,0.4,0.91,18.55,14.94,0.11
462010,0.4,0.9,18.55,14.94,0.14
462040,0.39,0.92,18.55,14.94,0.14
462190,0.39,0.95,18.55,14.94,0.18
462350,0.36,0.89,18.55,14.95,0.23
462360,0.35,0.89,18.55,14.95,0.3
462520,0.44,0.91,18.56,14.95,0.22
462660,0.49,0.93,18.56,14.95,0.17
462710,0.47,0.92,18.56,14.95,0.17
462860,0.53,0.92,18.56,14.96,0.19
463250,0.39,0.88,18.57,14.96,0.12
463450,0.43,0.9,18.58,14.97,0.14
463570,0.47,0.91,18.58,14.97,0.16
463680,0.47,0.93,18.58,14.97,0.08
463720,0.51,0.93,18.58,14.97,0.08
463820,0.6,0.93,18.58,14.97,0.09
463950,0.56,0.92,18.59,14.98,0.08
463960,0.56,0.92,18.59,14.98,0.08
463980,0.49,0.93,18.59,14.98,0.09
464100,0.41,0.9,18.59,14.98,0.08
464190,0.47,0.9,18.59,14.98,0.08
464230,0.59,0.91,18.59,14.98,0.18
464360,0.48,0.92,18.59,14.98,0.11
464450,0.71,0.92,18.6,14.99,0.1
464520,0.64,0.97,18.6,14.99,0.14
464560,0.7,0.97,18.6,14.99,0.14
464600,0.62,0.97,18.6,14.99,0.21
464850,0.42,0.92,18.61,14.99,0.18
464860,0.44,0.93,18.61,14.99,0.18
464950,0.48,0.91,18.62,15.0,0.13
465040,0.62,0.91,18.62,15.0,0.1
465090,0.55,0.92,18.62,15.0,0.13
465100,0.57,0.93,18.62,15.0,0.13
465150,0.52,0.93,18.62,15.0,0.08
465240,0.51,0.92,18.62,15.01,0.15
465320,0.68,0.92,18.63,15.01,0.17
465340,0.61,0.91,18.63,15.01,0.17
465540,0.6,0.91,18.63,15.01,0.11
465570,0.5,0.9,18.63,15.01,0.11
466080,0.49,0.93,18.64,15.02,0.12
466190,0.62,0.96,18.64,15.03,0.11
466200,0.58,0.96,18.64,15.03,0.11
466340,0.49,0.92,18.65,15.03,0.13
466410,0.43,0.91,18.65,15.03,0.11
466510,0.47,0.91,18.65,15.03,0.06
466690,0.63,0.91,18.65,15.04,0.1
466840,0.57,0.93,18.66,15.04,0.12
467130,0.47,0.93,18.66,15.05,0.07
467180,0.45,0.93,18.67,15.05,0.06
467460,0.53,0.95,18.67,15.06,0.1
467660,0.47,0.94,18.68,15.06,0.06
467930,0.49,0.93,18.68,15.07,0.05
468030,0.55,0.93,18.68,15.07,0.04
468060,0.5,0.92,18.68,15.07,0.08
468080,0.43,0.92,18.68,15.07,0.08
468130,0.42,0.91,18.68,15.07,0.06
468180,0.41,0.91,18.68,15.07,0.09
468200,0.58,0.92,18.69,15.07,0.09
468310,0.48,0.93,18.69,15.07,0.11
468370,0.52,0.95,18.69,15.07,0.07
468410,0.51,0.94,18.69,15.08,0.07
468470,0.46,0.93,18.69,15.08,0.1
468500,0.52,0.93,18.69,15.08,0.08
468510,0.54,0.93,18.69,15.08,0.08
468580,0.48,0.91,18.69,15.08,0.09
468720,0.48,0.93,18.7,15.08,0.07
468760,0.44,0.92,18.7,15.08,0.07
468880,0.5,0.93,18.7,15.09,0.06
468970,0.58,0.92,18.7,15.09,0.11
469120,0.42,0.9,18.71,15.09,0.12
469240,0.44,0.91,18.71,15.09,0.07
469370,0.45,0.95,18.71,15.09,0.08
469380,0.45,0.94,18.71,15.1,0.08
469460,0.47,0.95,18.71,15.1,0.13
469600,0.44,0.91,18.72,15.1,0.13
469710,0.55,0.96,18.72,15.11,0.12
469900,0.53,0.94,18.73,15.11,0.12
469990,0.52,0.95,18.73,15.11,0.11
470010,0.48,0.94,18.73,15.11,0.11
470050,0.69,0.96,18.73,15.11,0.1
470060,0.67,0.96,18.73,15.11,0.1
470170,0.48,0.94,18.73,15.12,0.14
470180,0.52,0.94,18.73,15.12,0.14
470190,0.48,0.94,18.73,15.12,0.14
470230,0.52,0.95,18.73,15.12,0.09
470310,0.52,0.95,18.74,15.12,0.06
470420,0.48,0.94,18.74,15.12,0.08
470440,0.48,0.95,18.74,15.12,0.08
470460,0.51,0.95,18.74,15.12,0.1
470490,0.44,0.93,18.74,15.12,0.1
471140,0.4,0.91,18.76,15.14,0.07
471190,0.43,0.91,18.76,15.15,0.04
471230,0.4,0.89,18.76,15.15,0.04
471240,0.35,0.89,18.76,15.15,0.14
471360,0.39,0.9,18.76,15.15,0.06
471460,0.59,0.93,18.76,15.15,0.1
471480,0.51,0.93,18.76,15.15,0.05
471490,0.5,0.93,18.77,15.15,0.05
471660,0.46,0.92,18.77,15.15,0.06
471690,0.51,0.92,18.77,15.16,0.06
471770,0.53,0.91,18.77,15.16,0.09
471780,0.51,0.91,18.77,15.16,0.09
471860,0.41,0.91,18.77,15.16,0.07
472020,0.53,0.92,18.78,15.16,0.05
472320,0.49,0.92,18.78,15.17,0.07
472400,0.48,0.89,18.78,15.17,0.07
472410,0.52,0.89,18.78,15.17,0.07
472580,0.57,0.9,18.79,15.18,0.05
472850,0.57,0.91,18.79,15.18,0.11
472860,0.57,0.91,18.79,15.18,0.07
472870,0.58,0.91,18.79,15.18,0.07
472900,0.56,0.91,18.79,15.18,0.07
473080,0.5,0.89,18.8,15.19,0.12
473100,0.51,0.89,18.8,15.19,0.1
473130,0.41,0.89,18.8,15.19,0.1
473140,0.5,0.9,18.8,15.19,0.1
473180,0.5,0.9,18.8,15.19,0.08
473230,0.49,0.89,18.8,15.19,0.13
473260,0.5,0.9,18.8,15.19,0.13
473380,0.52,0.91,18.8,15.19,0.11
473640,0.47,0.91,18.81,15.2,0.12
473770,0.56,0.9,18.81,15.2,0.17
473890,0.5,0.92,18.81,15.2,0.11
474180,0.45,0.92,18.82,15.21,0.04
474230,0.42,0.91,18.82,15.21,0.04
474290,0.43,0.92,18.82,15.21,0.05
474310,0.46,0.92,18.82,15.21,0.05
474380,0.48,0.92,18.82,15.21,0.08
474480,0.55,0.91,18.82,15.22,0.1
474630,0.51,0.9,18.83,15.22,0.08
474740,0.45,0.89,18.83,15.22,0.07
474840,0.39,0.89,18.83,15.22,0.05
474890,0.41,0.9,18.83,15.22,0.05
474910,0.45,0.91,18.83,15.22,0.05
474950,0.44,0.9,18.83,15.23,0.05
475130,0.44,0.91,18.84,15.23,0.11
475150,0.43,0.91,18.84,15.23,0.04
475360,0.41,0.88,18.84,15.24,0.06
475450,0.51,0.89,18.84,15.24,0.2
475490,0.49,0.91,18.84,15.24,0.2
475580,0.47,0.92,18.84,15.24,0.13
475680,0.44,0.91,18.85,15.24,0.11
476090,0.47,0.92,18.85,15.25,0.11
476170,0.46,0.9,18.86,15.25,0.09
476330,0.42,0.89,18.86,15.26,0.07
476430,0.42,0.87,18.86,15.26,0.07
476440,0.43,0.86,18.86,15.26,0.07
476820,0.36,0.86,18.87,15.27,0.06
476830,0.38,0.87,18.87,15.27,0.06
476950,0.38,0.86,18.87,15.27,0.07
477050,0.39,0.87,18.87,15.27,0.06
477200,0.48,0.89,18.88,15.27,0.05
477330,0.41,0.89,18.88,15.28,0.08
477390,0.34,0.87,18.88,15.28,0.08
477480,0.31,0.86,18.88,15.28,0.08
477490,0.32,0.86,18.88,15.28,0.08
477560,0.34,0.87,18.88,15.28,0.11
477800,0.3,0.86,18.88,15.28,0.1
477830,0.3,0.86,18.88,15.28,0.1
477990,0.35,0.89,18.89,15.29,0.1
478070,0.44,0.91,18.89,15.29,0.12
478170,0.3,0.89,18.89,15.29,0.04
478180,0.3,0.89,18.89,15.29,0.04
478190,0.3,0.9,18.89,15.29,0.04
478260,0.39,0.91,18.89,15.29,0.04
478420,0.43,0.88,18.89,15.29,0.07
478580,0.3,0.86,18.9,15.3,0.03
478590,0.31,0.86,18.9,15.3,0.03
478620,0.3,0.87,18.9,15.3,0.06
478630,0.32,0.87,18.9,15.3,0.06
478810,0.33,0.88,18.9,15.3,0.05
478900,0.38,0.9,18.9,15.3,0.05
479020,0.37,0.9,18.9,15.3,0.1
479070,0.4,0.9,18.9,15.3,0.07
479090,0.39,0.9,18.9,15.3,0.07
479160,0.44,0.9,18.91,15.3,0.06
479170,0.45,0.9,18.91,15.31,0.06
479240,0.46,0.9,18.91,15.31,0.07
479540,0.4,0.88,18.91,15.31,0.08
479660,0.5,0.87,18.91,15.31,0.07
479670,0.49,0.88,18.91,15.31,0.07
479750,0.5,0.87,18.91,15.31,0.11
479800,0.56,0.87,18.92,15.31,0.13
479990,0.31,0.87,18.92,15.32,0.08
480010,0.34,0.87,18.92,15.32,0.05
480360,0.37,0.9,18.92,15.32,0.05
480380,0.46,0.9,18.92,15.32,0.05
480560,0.3,0.88,18.93,15.33,0.08
480650,0.4,0.9,18.93,15.33,0.06
480660,0.34,0.9,18.93,15.33,0.1
480730,0.3,0.86,18.93,15.33,0.07
480810,0.31,0.86,18.93,15.33,0.03
480820,0.32,0.87,18.93,15.33,0.03
480850,0.32,0.87,18.93,15.33,0.04
480930,0.3,0.86,18.93,15.33,0.03
481170,0.4,0.86,18.93,15.34,0.05
481190,0.32,0.85,18.93,15.34,0.05
481330,0.4,0.88,18.94,15.34,0.07
481340,0.36,0.88,18.94,15.34,0.07
481420,0.27,0.85,18.94,15.34,0.05
481500,0.27,0.85,18.94,15.34,0.09
481510,0.39,0.85,18.94,15.34,0.09
481520,0.4,0.85,18.94,15.34,0.09
481610,0.33,0.87,18.94,15.34,0.05
481690,0.36,0.87,18.94,15.34,0.04
481720,0.36,0.87,18.94,15.35,0.04
481780,0.35,0.87,18.94,15.35,0.06
481940,0.37,0.86,18.95,15.35,0.06
482150,0.33,0.85,18.95,15.35,0.07
482220,0.38,0.86,18.95,15.35,0.06
482330,0.33,0.86,18.95,15.36,0.08
482580,0.37,0.89,18.96,15.36,0.04
482640,0.36,0.88,18.96,15.36,0.12
482670,0.35,0.87,18.96,15.36,0.12
482760,0.32,0.86,18.96,15.36,0.09
483070,0.38,0.88,18.97,15.37,0.09
483110,0.29,0.87,18.97,15.37,0.09
483140,0.29,0.87,18.97,15.37,0.07
483240,0.35,0.9,18.97,15.37,0.05
483290,0.42,0.92,18.97,15.37,0.05
483340,0.32,0.88,18.97,15.37,0.07
483420,0.35,0.9,18.97,15.37,0.05
483480,0.33,0.89,18.97,15.38,0.09
483610,0.35,0.87,18.97,15.38,0.05
483630,0.36,0.87,18.97,15.38,0.05
483660,0.32,0.86,18.98,15.38,0.08
483950,0.35,0.87,18.98,15.38,0.03
484060,0.34,0.87,18.98,15.38,0.06
484110,0.35,0.88,18.98,15.39,0.05
484180,0.44,0.9,18.98,15.39,0.05
484310,0.38,0.88,18.99,15.39,0.1
484360,0.36,0.88,18.99,15.39,0.07
484380,0.32,0.85,18.99,15.39,0.06
484430,0.3,0.84,18.99,15.39,0.06
484460,0.3,0.84,18.99,15.39,0.07
484710,0.31,0.85,18.99,15.39,0.04
484750,0.44,0.85,18.99,15.4,0.08
484800,0.3,0.84,18.99,15.4,0.09
484890,0.32,0.86,19.0,15.4,0.12
484900,0.32,0.86,19.0,15.4,0.12
485020,0.37,0.84,19.0,15.4,0.08
485090,0.36,0.84,19.0,15.4,0.1
485410,0.31,0.85,19.0,15.41,0.04
485420,0.29,0.85,19.0,15.41,0.04
485720,0.31,0.86,19.01,15.41,0.04
485760,0.3,0.85,19.01,15.41,0.03
485880,0.35,0.86,19.01,15.42,0.05
485900,0.34,0.86,19.01,15.42,0.05
485930,0.36,0.86,19.01,15.42,0.05
486070,0.39,0.88,19.01,15.42,0.04
486350,0.35,0.87,19.02,15.42,0.04
486450,0.32,0.85,19.02,15.43,0.05
486490,0.34,0.84,19.02,15.43,0.09
486530,0.34,0.85,19.02,15.43,0.09
486540,0.32,0.85,19.02,15.43,0.05
486680,0.39,0.87,19.02,15.43,0.06
486690,0.35,0.87,19.02,15.43,0.06
486700,0.34,0.87,19.02,15.43,0.06
486840,0.43,0.87,19.03,15.43,0.05
486980,0.32,0.87,19.03,15.44,0.04
487520,0.31,0.85,19.04,15.44,0.06
487560,0.42,0.85,19.04,15.45,0.07
487590,0.41,0.85,19.04,15.45,0.07
487690,0.54,0.88,19.04,15.45,0.14
487720,0.34,0.87,19.04,15.45,0.14
487900,0.43,0.86,19.05,15.45,0.04
487930,0.41,0.88,19.05,15.45,0.07
488040,0.33,0.85,19.05,15.45,0.08
488250,0.33,0.84,19.05,15.46,0.05
488430,0.36,0.85,19.06,15.46,0.06
488460,0.48,0.85,19.06,15.46,0.07
488500,0.45,0.85,19.06,15.46,0.07
488530,0.34,0.85,19.06,15.46,0.13
488600,0.37,0.87,19.06,15.46,0.09
488670,0.32,0.87,19.06,15.46,0.09
488690,0.35,0.88,19.06,15.46,0.09
488920,0.48,0.89,19.06,15.47,0.06
488950,0.47,0.88,19.06,15.47,0.07
489180,0.35,0.85,19.07,15.47,0.03
489200,0.33,0.85,19.07,15.47,0.03
489220,0.34,0.85,19.07,15.47,0.03
489380,0.38,0.86,19.07,15.47,0.07
489400,0.38,0.87,19.07,15.47,0.07
489630,0.3,0.84,19.08,15.48,0.06
489740,0.41,0.86,19.08,15.48,0.07
489890,0.33,0.85,19.08,15.48,0.04
489900,0.32,0.85,19.08,15.48,0.05
490190,0.37,0.85,19.08,15.49,0.04
490480,0.33,0.84,19.09,15.49,0.04
490690,0.31,0.83,19.09,15.49,0.05
490730,0.27,0.82,19.09,15.49,0.05
490770,0.26,0.83,19.09,15.49,0.05
490840,0.34,0.84,19.09,15.49,0.05
490850,0.45,0.84,19.09,15.49,0.05
490950,0.34,0.84,19.1,15.5,0.04
491060,0.51,0.84,19.1,15.5,0.1
491090,0.27,0.83,19.1,15.5,0.1
491120,0.3,0.84,19.1,15.5,0.04
491180,0.28,0.84,19.1,15.5,0.04
491200,0.34,0.84,19.1,15.5,0.04
491210,0.36,0.84,19.1,15.5,0.04
491280,0.32,0.85,19.1,15.5,0.04
491400,0.33,0.85,19.1,15.5,0.06
491520,0.44,0.86,19.1,15.5,0.09
491660,0.39,0.84,19.11,15.51,0.05
491760,0.41,0.86,19.11,15.51,0.04
492210,0.32,0.87,19.11,15.51,0.04
492220,0.3,0.87,19.11,15.51,0.04
492620,0.31,0.86,19.12,15.52,0.05
492630,0.33,0.86,19.12,15.52,0.05
492640,0.4,0.87,19.12,15.52,0.05
492660,0.36,0.86,19.12,15.52,0.04
492700,0.3,0.86,19.12,15.52,0.04
493010,0.29,0.85,19.12,15.52,0.07
493030,0.31,0.84,19.12,15.52,0.1
493050,0.25,0.84,19.12,15.52,0.1
493120,0.24,0.84,19.13,15.52,0.04
493160,0.3,0.85,19.13,15.52,0.03
493200,0.36,0.84,19.13,15.53,0.05
493330,0.3,0.85,19.13,15.53,0.04
493420,0.33,0.87,19.13,15.53,0.04
493430,0.31,0.86,19.13,15.53,0.04
493520,0.32,0.84,19.13,15.53,0.04
493570,0.34,0.85,19.13,15.53,0.06
493930,0.27,0.85,19.14,15.54,0.03
493940,0.28,0.85,19.14,15.54,0.03
494180,0.33,0.84,19.14,15.54,0.04
494230,0.33,0.84,19.14,15.54,0.07
494290,0.31,0.84,19.14,15.54,0.06
494460,0.27,0.84,19.14,15.54,0.04
494670,0.27,0.84,19.15,15.55,0.03
494750,0.23,0.83,19.15,15.55,0.04
494910,0.24,0.84,19.15,15.55,0.05
494980,0.23,0.83,19.15,15.55,0.07
495110,0.28,0.84,19.15,15.55,0.07
495170,0.26,0.84,19.15,15.55,0.07
495280,0.33,0.84,19.16,15.55,0.05
495370,0.29,0.84,19.16,15.55,0.05
495620,0.39,0.84,19.16,15.56,0.05
495680,0.3,0.84,19.16,15.56,0.06
495810,0.28,0.84,19.16,15.56,0.06
495960,0.27,0.85,19.17,15.56,0.04
496120,0.37,0.87,19.17,15.57,0.07
496180,0.34,0.88,19.17,15.57,0.05
496330,0.48,0.86,19.17,15.57,0.1
496370,0.45,0.85,19.17,15.57,0.1
496560,0.43,0.83,19.17,15.57,0.07
496660,0.46,0.84,19.18,15.57,0.11
496900,0.3,0.85,19.18,15.58,0.04
497080,0.29,0.84,19.18,15.58,0.08
497210,0.22,0.83,19.18,15.58,0.04
497320,0.21,0.84,19.19,15.58,0.05
497430,0.35,0.84,19.19,15.58,0.05
497460,0.36,0.84,19.19,15.58,0.03
497550,0.27,0.84,19.19,15.59,0.04
497570,0.22,0.83,19.19,15.59,0.04
497780,0.26,0.84,19.19,15.59,0.04
497880,0.24,0.83,19.19,15.59,0.03
497940,0.24,0.83,19.19,15.59,0.04
498060,0.25,0.83,19.2,15.59,0.07
498070,0.27,0.83,19.2,15.59,0.07
498260,0.23,0.84,19.2,15.59,0.03
498300,0.26,0.84,19.2,15.59,0.03
498310,0.32,0.85,19.2,15.59,0.03
498410,0.24,0.85,19.2,15.6,0.03
498440,0.23,0.85,19.2,15.6,0.04
498750,0.22,0.83,19.2,15.6,0.06
498800,0.22,0.84,19.2,15.6,0.04
499020,0.19,0.84,19.21,15.6,0.03
499260,0.3,0.85,19.21,15.61,0.06
499540,0.33,0.87,19.21,15.61,0.02
499570,0.29,0.86,19.21,15.61,0.08
499580,0.27,0.86,19.21,15.61,0.08
499590,0.25,0.86,19.21,15.61,0.08
499600,0.24,0.86,19.21,15.61,0.08
499690,0.25,0.86,19.22,15.61,0.03
499700,0.24,0.86,19.22,15.61,0.03
499820,0.23,0.85,19.22,15.61,0.04
499940,0.22,0.85,19.22,15.62,0.05
499980,0.22,0.85,19.22,15.62,0.03
500140,0.22,0.85,19.22,15.62,0.05
500380,0.21,0.85,19.23,15.62,0.03
500560,0.26,0.85,19.23,15.63,0.04
500630,0.3,0.85,19.23,15.63,0.07
500820,0.31,0.87,19.23,15.63,0.04
500830,0.32,0.87,19.23,15.63,0.04
500890,0.31,0.87,19.23,15.63,0.04
501000,0.36,0.87,19.24,15.63,0.05
501090,0.26,0.86,19.24,15.63,0.12
501180,0.21,0.86,19.24,15.64,0.04
501250,0.31,0.85,19.24,15.64,0.04
501310,0.32,0.84,19.24,15.64,0.03
501420,0.28,0.85,19.24,15.64,0.05
501470,0.32,0.86,19.25,15.64,0.05
501590,0.3,0.89,19.25,15.64,0.11
501720,0.29,0.88,19.25,15.64,0.04
501970,0.29,0.87,19.25,15.65,0.03
501990,0.26,0.87,19.25,15.65,0.03
502230,0.28,0.85,19.26,15.65,0.05
502240,0.3,0.86,19.26,15.65,0.05
502390,0.28,0.86,19.26,15.65,0.04
502400,0.27,0.86,19.26,15.65,0.04
502420,0.25,0.85,19.26,15.65,0.04
502530,0.24,0.85,19.26,15.65,0.05
502570,0.28,0.85,19.26,15.65,0.08
502630,0.37,0.85,19.26,15.66,0.06
502740,0.24,0.86,19.26,15.66,0.03
502810,0.31,0.87,19.26,15.66,0.03
502870,0.29,0.87,19.26,15.66,0.03
503260,0.27,0.86,19.27,15.66,0.05
503320,0.28,0.86,19.27,15.67,0.05
503510,0.27,0.87,19.28,15.67,0.05
503560,0.28,0.87,19.28,15.67,0.05
503640,0.27,0.87,19.28,15.67,0.05
503890,0.37,0.86,19.28,15.67,0.05
504250,0.34,0.87,19.29,15.68,0.04
504420,0.34,0.88,19.29,15.68,0.07
504520,0.25,0.86,19.29,15.68,0.09
504580,0.28,0.86,19.29,15.69,0.05
504620,0.29,0.86,19.29,15.69,0.07
504690,0.26,0.86,19.29,15.69,0.07
504850,0.35,0.86,19.3,15.69,0.06
504920,0.31,0.86,19.3,15.69,0.05
504990,0.31,0.87,19.3,15.69,0.04
505090,0.29,0.87,19.3,15.69,0.06
505110,0.35,0.87,19.3,15.69,0.06
505140,0.36,0.89,19.3,15.69,0.04
505170,0.28,0.88,19.3,15.69,0.04
505290,0.28,0.88,19.3,15.7,0.04
505330,0.38,0.88,19.3,15.7,0.03
505350,0.26,0.88,19.3,15.7,0.03
505410,0.26,0.89,19.31,15.7,0.03
505430,0.27,0.89,19.31,15.7,0.03
505470,0.24,0.86,19.31,15.7,0.04
505520,0.28,0.88,19.31,15.7,0.04
505630,0.28,0.87,19.31,15.7,0.05
505640,0.26,0.87,19.31,15.7,0.05
505680,0.23,0.87,19.31,15.7,0.04
505850,0.42,0.89,19.31,15.7,0.09
505940,0.38,0.87,19.31,15.71,0.06
505990,0.31,0.88,19.31,15.71,0.04
506220,0.31,0.9,19.32,15.71,0.04
506390,0.28,0.89,19.32,15.71,0.04
506490,0.3,0.9,19.32,15.71,0.04
506630,0.41,0.88,19.32,15.72,0.07
506910,0.33,0.9,19.33,15.72,0.05
507010,0.33,0.9,19.33,15.72,0.04
507040,0.37,0.9,19.33,15.72,0.04
507110,0.28,0.89,19.33,15.72,0.05
507490,0.43,0.87,19.34,15.73,0.05
507630,0.42,0.84,19.34,15.73,0.06
507760,0.45,0.86,19.34,15.73,0.05
507870,0.45,0.86,19.34,15.73,0.07
508090,0.31,0.87,19.34,15.74,0.08
508100,0.29,0.87,19.34,15.74,0.08
508130,0.26,0.86,19.34,15.74,0.08
508220,0.26,0.86,19.34,15.74,0.03
508450,0.38,0.88,19.35,15.74,0.03
508460,0.31,0.87,19.35,15.74,0.03
508580,0.32,0.86,19.35,15.74,0.04
508600,0.28,0.86,19.35,15.74,0.04
508610,0.28,0.86,19.35,15.74,0.04
508730,0.32,0.86,19.35,15.74,0.04
508940,0.28,0.88,19.36,15.75,0.06
508960,0.3,0.88,19.36,15.75,0.06
509200,0.25,0.87,19.36,15.75,0.05
509240,0.28,0.87,19.36,15.75,0.09
509700,0.28,0.9,19.37,15.76,0.04
509780,0.29,0.89,19.37,15.76,0.04
509820,0.32,0.9,19.37,15.76,0.04
509910,0.27,0.88,19.37,15.76,0.05
509990,0.26,0.88,19.37,15.76,0.04
510290,0.29,0.9,19.38,15.77,0.04
510470,0.3,0.88,19.38,15.77,0.06
510490,0.33,0.87,19.38,15.77,0.06
510510,0.31,0.88,19.38,15.77,0.06
510560,0.41,0.88,19.38,15.77,0.06
510680,0.39,0.89,19.39,15.77,0.07
510710,0.3,0.89,19.39,15.77,0.07
510890,0.31,0.9,19.39,15.78,0.05
510990,0.34,0.9,19.39,15.78,0.04
511080,0.27,0.88,19.39,15.78,0.04
511200,0.22,0.86,19.39,15.78,0.05
511330,0.39,0.89,19.4,15.78,0.05
511390,0.44,0.89,19.4,15.78,0.06
511460,0.36,0.88,19.4,15.78,0.07
511480,0.29,0.87,19.4,15.78,0.07
511720,0.33,0.88,19.4,15.79,0.04
511740,0.32,0.89,19.4,15.79,0.07
511770,0.36,0.87,19.4,15.79,0.07
511860,0.28,0.88,19.41,15.79,0.04
511900,0.26,0.89,19.41,15.79,0.04
512050,0.39,0.89,19.41,15.79,0.05
512060,0.31,0.89,19.41,15.79,0.05
512250,0.33,0.9,19.41,15.79,0.06
512350,0.39,0.9,19.41,15.8,0.03
512430,0.31,0.9,19.41,15.8,0.04
512500,0.27,0.9,19.42,15.8,0.03
512580,0.29,0.91,19.42,15.8,0.03
512610,0.29,0.92,19.42,15.8,0.03
512730,0.32,0.91,19.42,15.8,0.04
512800,0.27,0.9,19.42,15.8,0.07
513200,0.28,0.9,19.43,15.81,0.06
513220,0.29,0.9,19.43,15.81,0.06
513270,0.3,0.91,19.43,15.81,0.05
513280,0.25,0.9,19.43,15.81,0.05
513580,0.28,0.9,19.43,15.81,0.04
513730,0.27,0.88,19.43,15.82,0.05
513900,0.26,0.89,19.44,15.82,0.03
514020,0.23,0.89,19.44,15.82,0.03
514090,0.27,0.89,19.44,15.82,0.03
514130,0.25,0.89,19.44,15.82,0.03
514160,0.27,0.89,19.44,15.82,0.07
514170,0.26,0.89,19.44,15.82,0.07
514340,0.27,0.88,19.44,15.82,0.04
514420,0.25,0.88,19.44,15.82,0.04
514460,0.23,0.88,19.44,15.83,0.05
514550,0.19,0.88,19.45,15.83,0.03
514560,0.22,0.88,19.45,15.83,0.03
514610,0.24,0.88,19.45,15.83,0.03
514620,0.23,0.88,19.45,15.83,0.06
514660,0.27,0.89,19.45,15.83,0.06
514830,0.23,0.87,19.45,15.83,0.04
515110,0.33,0.89,19.45,15.83,0.06
515280,0.23,0.89,19.46,15.84,0.05
515310,0.25,0.89,19.46,15.84,0.05
515370,0.3,0.9,19.46,15.84,0.04
515460,0.26,0.89,19.46,15.84,0.04
515530,0.28,0.89,19.46,15.84,0.04
515550,0.28,0.88,19.46,15.84,0.04
515630,0.26,0.89,19.46,15.84,0.04
515650,0.27,0.88,19.46,15.84,0.05
515690,0.33,0.89,19.46,15.84,0.05
515960,0.24,0.88,19.46,15.85,0.03
516050,0.24,0.88,19.47,15.85,0.04
516090,0.24,0.88,19.47,15.85,0.07
516110,0.21,0.88,19.47,15.85,0.07
516170,0.45,0.88,19.47,15.85,0.06
516230,0.28,0.89,19.47,15.85,0.05
516430,0.23,0.88,19.47,15.85,0.04
516690,0.27,0.89,19.48,15.86,0.1
516890,0.26,0.89,19.48,15.86,0.06
516910,0.26,0.88,19.48,15.86,0.1
516980,0.22,0.88,19.48,15.86,0.06
517010,0.21,0.89,19.48,15.86,0.06
517060,0.31,0.89,19.48,15.86,0.04
517140,0.2,0.87,19.48,15.86,0.12
517320,0.21,0.88,19.48,15.86,0.05
517360,0.23,0.89,19.49,15.87,0.05
517610,0.2,0.89,19.49,15.87,0.04
517660,0.26,0.89,19.49,15.87,0.07
517670,0.25,0.89,19.49,15.87,0.07
517790,0.23,0.89,19.49,15.87,0.08
517850,0.3,0.91,19.49,15.87,0.09
517920,0.28,0.91,19.49,15.87,0.05
518070,0.25,0.9,19.49,15.87,0.05
518110,0.3,0.9,19.49,15.88,0.04
518130,0.26,0.9,19.5,15.88,0.04
518510,0.24,0.9,19.5,15.88,0.04
518530,0.27,0.9,19.5,15.88,0.04
518560,0.24,0.9,19.5,15.88,0.04
518730,0.28,0.91,19.5,15.88,0.04
518740,0.28,0.92,19.5,15.88,0.04
518750,0.28,0.92,19.5,15.88,0.04
518780,0.31,0.94,19.5,15.88,0.04
518820,0.31,0.95,19.5,15.88,0.05
518840,0.36,0.96,19.5,15.88,0.05
518940,0.35,0.96,19.5,15.89,0.06
519020,0.31,0.95,19.51,15.89,0.06
519130,0.38,0.94,19.51,15.89,0.1
519170,0.35,0.94,19.51,15.89,0.1
519210,0.38,0.95,19.51,15.89,0.04
519230,0.34,0.94,19.51,15.89,0.04
519390,0.33,0.94,19.51,15.89,0.05
519560,0.64,0.97,19.52,15.9,0.11
519720,0.4,0.94,19.52,15.9,0.11
519760,0.39,0.93,19.52,15.9,0.11
519850,0.38,0.92,19.52,15.9,0.05
519880,0.37,0.94,19.52,15.9,0.05
520030,0.37,0.92,19.53,15.9,0.05
520290,0.36,0.92,19.53,15.91,0.06
520330,0.28,0.89,19.53,15.91,0.11
520450,0.38,0.87,19.53,15.91,0.03
520660,0.3,0.87,19.54,15.91,0.05
520670,0.4,0.87,19.54,15.91,0.05
520790,0.42,0.91,19.54,15.91,0.04
520810,0.47,0.92,19.54,15.91,0.07
520900,0.29,0.9,19.54,15.91,0.13
521130,0.35,0.9,19.54,15.92,0.11
521140,0.34,0.9,19.54,15.92,0.11
521160,0.36,0.89,19.54,15.92,0.15
521180,0.32,0.9,19.54,15.92,0.15
521290,0.34,0.89,19.54,15.92,0.07
521480,0.36,0.88,19.55,15.92,0.05
521500,0.34,0.87,19.55,15.92,0.05
521560,0.3,0.88,19.55,15.92,0.07
521690,0.33,0.9,19.55,15.92,0.11
521720,0.29,0.9,19.55,15.92,0.11
521740,0.34,0.91,19.55,15.92,0.11
521800,0.38,0.92,19.55,15.93,0.05
521940,0.34,0.91,19.55,15.93,0.05
521970,0.31,0.91,19.55,15.93,0.05
522160,0.32,0.93,19.56,15.93,0.06
522200,0.29,0.91,19.56,15.93,0.07
522510,0.46,0.97,19.57,15.94,0.06
522570,0.49,0.97,19.57,15.94,0.08
522610,0.48,0.94,19.57,15.94,0.08
522620,0.44,0.93,19.57,15.94,0.08
522820,0.45,0.88,19.57,15.94,0.11
522940,0.4,0.87,19.57,15.94,0.04
522980,0.4,0.87,19.57,15.94,0.04
523140,0.33,0.82,19.58,15.94,0.07
523230,0.28,0.78,19.58,15.95,0.06
523350,0.3,0.79,19.58,15.95,0.04
523380,0.28,0.79,19.58,15.95,0.05
523390,0.31,0.79,19.58,15.95,0.05
523640,0.4,0.82,19.59,15.95,0.09
523750,0.37,0.81,19.59,15.95,0.12
523990,0.38,0.81,19.59,15.96,0.1
524080,0.32,0.82,19.59,15.96,0.11
524100,0.31,0.82,19.59,15.96,0.05
524260,0.41,0.85,19.6,15.96,0.05
524340,0.45,0.87,19.6,15.96,0.05
524390,0.47,0.88,19.6,15.96,0.05
524420,0.45,0.88,19.6,15.96,0.08
524450,0.51,0.88,19.6,15.96,0.08
524480,0.5,0.88,19.6,15.97,0.05
524580,0.36,0.86,19.61,15.97,0.12
524600,0.36,0.87,19.61,15.97,0.12
524610,0.34,0.87,19.61,15.97,0.12
524740,0.39,0.84,19.61,15.97,0.1
524760,0.37,0.84,19.61,15.97,0.1
524830,0.35,0.86,19.61,15.97,0.2
524950,0.31,0.86,19.61,15.97,0.1
524970,0.35,0.87,19.61,15.97,0.1
525060,0.4,0.88,19.62,15.97,0.09
525090,0.34,0.85,19.62,15.98,0.09
525100,0.35,0.85,19.62,15.98,0.09
525140,0.36,0.85,19.62,15.98,0.12
525240,0.36,0.84,19.62,15.98,0.08
525320,0.37,0.85,19.62,15.98,0.1
525510,0.34,0.84,19.63,15.98,0.1
525560,0.44,0.84,19.63,15.98,0.04
525970,0.38,0.85,19.64,15.99,0.13
526020,0.31,0.84,19.64,15.99,0.1
526040,0.5,0.86,19.64,15.99,0.1
526080,0.48,0.87,19.64,15.99,0.11
526140,0.38,0.86,19.64,15.99,0.08
526200,0.36,0.86,19.65,15.99,0.08
526250,0.4,0.86,19.65,16.0,0.08
526260,0.37,0.87,19.65,16.0,0.12
526290,0.39,0.86,19.65,16.0,0.12
526320,0.6,0.87,19.65,16.0,0.25
526530,0.33,0.86,19.65,16.0,0.14
526540,0.31,0.86,19.65,16.0,0.14
526620,0.29,0.84,19.65,16.0,0.14
526750,0.36,0.84,19.66,16.0,0.1
526770,0.34,0.84,19.66,16.0,0.1
526800,0.31,0.84,19.66,16.01,0.08
526830,0.37,0.84,19.66,16.01,0.08
527050,0.34,0.84,19.67,16.01,0.04
527080,0.32,0.84,19.67,16.01,0.04
527100,0.31,0.84,19.67,16.01,0.07
527150,0.26,0.82,19.67,16.01,0.07
527270,0.36,0.85,19.67,16.01,0.08
527290,0.37,0.84,19.67,16.01,0.07
527310,0.35,0.84,19.67,16.01,0.07
527420,0.37,0.85,19.67,16.02,0.11
527520,0.32,0.85,19.68,16.02,0.1
527530,0.33,0.84,19.68,16.02,0.1
527670,0.32,0.85,19.68,16.02,0.07
527690,0.31,0.85,19.68,16.02,0.07
527770,0.33,0.84,19.68,16.02,0.05
527800,0.27,0.83,19.68,16.02,0.05
527990,0.3,0.85,19.69,16.03,0.05
528070,0.31,0.84,19.69,16.03,0.12
528090,0.27,0.84,19.69,16.03,0.12
528150,0.33,0.85,19.69,16.03,0.06
528210,0.3,0.84,19.7,16.03,0.11
528300,0.2,0.83,19.7,16.03,0.05
528470,0.42,0.82,19.7,16.04,0.05
528490,0.39,0.83,19.7,16.04,0.04
528550,0.28,0.83,19.7,16.04,0.05
528620,0.26,0.85,19.7,16.04,0.07
528700,0.29,0.85,19.71,16.04,0.06
528990,0.27,0.83,19.71,16.05,0.05
529020,0.27,0.83,19.71,16.05,0.06
529070,0.28,0.83,19.71,16.05,0.06
529100,0.37,0.85,19.71,16.05,0.05
529260,0.42,0.91,19.72,16.05,0.06
529360,0.42,0.89,19.72,16.05,0.05
529450,0.45,0.88,19.73,16.05,0.1
529560,0.42,0.88,19.73,16.05,0.08
529870,0.45,0.9,19.74,16.06,0.09
529900,0.4,0.9,19.74,16.06,0.09
529930,0.45,0.9,19.74,16.06,0.04
530110,0.46,0.89,19.75,16.06,0.07
530140,0.37,0.89,19.75,16.07,0.07
530160,0.38,0.88,19.75,16.07,0.06
530240,0.33,0.89,19.75,16.07,0.15
530360,0.55,0.91,19.76,16.07,0.14
530500,0.38,0.9,19.76,16.07,0.09
530590,0.33,0.89,19.76,16.07,0.05
530620,0.28,0.9,19.76,16.07,0.05
531080,0.31,0.87,19.78,16.08,0.05
531320,0.36,0.91,19.78,16.08,0.1
531400,0.34,0.91,19.78,16.08,0.1
531460,0.37,0.95,19.78,16.09,0.08
531570,0.4,0.9,19.79,16.09,0.11
531650,0.43,0.94,19.79,16.09,0.11
531750,0.49,0.94,19.79,16.09,0.1
531760,0.45,0.94,19.79,16.09,0.1
531840,0.44,0.92,19.79,16.09,0.09
531900,0.42,0.93,19.8,16.09,0.14
531910,0.42,0.92,19.8,16.09,0.14
531980,0.37,0.94,19.8,16.09,0.1
532010,0.38,0.93,19.8,16.09,0.1
532130,0.44,0.94,19.8,16.09,0.21
532490,0.42,0.97,19.81,16.1,0.05
532630,0.41,0.93,19.82,16.1,0.16
532640,0.36,0.92,19.82,16.1,0.16
532650,0.37,0.92,19.82,16.1,0.16
532750,0.4,0.94,19.82,16.1,0.33
533040,0.44,0.94,19.83,16.11,0.08
533060,0.43,0.94,19.83,16.11,0.08
533160,0.37,0.95,19.83,16.11,0.08
533180,0.39,0.94,19.83,16.11,0.08
533350,0.49,0.91,19.83,16.11,0.12
533470,0.44,0.91,19.84,16.12,0.16
533510,0.44,0.91,19.84,16.12,0.16
533550,0.45,0.91,19.84,16.12,0.2
533780,0.55,0.92,19.85,16.12,0.14
534000,0.47,0.93,19.85,16.13,0.11
534010,0.52,0.92,19.85,16.13,0.11
534170,0.39,0.93,19.85,16.13,0.14
534200,0.4,0.92,19.85,16.13,0.18
534210,0.38,0.92,19.85,16.13,0.18
534230,0.42,0.92,19.86,16.13,0.18
534350,0.53,0.92,19.86,16.13,0.13
534430,0.45,0.95,19.86,16.14,0.15
534500,0.46,0.96,19.86,16.14,0.1
534580,0.36,0.94,19.86,16.14,0.11
534730,0.42,0.92,19.87,16.14,0.1
534850,0.44,0.92,19.87,16.14,0.06
534950,0.35,0.92,19.87,16.14,0.06
535040,0.36,0.92,19.87,16.15,0.1
535090,0.36,0.92,19.87,16.15,0.13
535150,0.35,0.9,19.88,16.15,0.07
535490,0.45,0.92,19.88,16.15,0.07
535520,0.53,0.93,19.88,16.15,0.08
535540,0.45,0.92,19.88,16.15,0.08
535550,0.41,0.91,19.88,16.15,0.08
535580,0.41,0.91,19.88,16.15,0.1
535620,0.43,0.9,19.89,16.16,0.09
535680,0.59,0.93,19.89,16.16,0.19
535750,0.52,0.94,19.89,16.16,0.11
536030,0.3,0.9,19.9,16.16,0.04
536100,0.34,0.91,19.9,16.16,0.06
536110,0.39,0.91,19.9,16.16,0.06
536140,0.34,0.91,19.9,16.16,0.06
536240,0.39,0.94,19.9,16.17,0.11
536280,0.36,0.9,19.91,16.17,0.08
536410,0.4,0.9,19.91,16.17,0.05
536430,0.44,0.92,19.91,16.17,0.05
536470,0.46,0.92,19.91,16.17,0.09
536580,0.41,0.92,19.91,16.17,0.07
537120,0.44,0.95,19.93,16.19,0.15
537170,0.52,0.94,19.93,16.19,0.15
537210,0.47,0.94,19.93,16.19,0.15
537320,0.4,0.94,19.93,16.2,0.13
537460,0.61,0.93,19.94,16.2,0.12
537510,0.57,0.93,19.94,16.2,0.13
537640,0.47,0.89,19.94,16.21,0.08
537730,0.43,0.9,19.94,16.21,0.11
537800,0.35,0.88,19.94,16.21,0.11
537840,0.32,0.88,19.94,16.21,0.08
537990,0.4,0.91,19.95,16.22,0.1
538030,0.45,0.91,19.95,16.22,0.07
538080,0.44,0.92,19.95,16.22,0.07
538260,0.58,0.92,19.96,16.22,0.22
538330,0.67,0.94,19.96,16.22,0.24
538340,0.67,0.93,19.96,16.22,0.24
538520,0.56,0.95,19.97,16.23,0.16
538570,0.55,0.95,19.97,16.23,0.38
538690,0.48,0.93,19.97,16.23,0.08
538720,0.46,0.94,19.98,16.24,0.08
538760,0.47,0.92,19.98,16.24,0.12
538840,0.53,0.96,19.98,16.24,0.08
539120,0.57,0.94,19.99,16.24,0.25
539170,0.59,0.93,19.99,16.25,0.16
539210,0.62,0.94,19.99,16.25,0.16
539290,0.57,0.97,19.99,16.25,0.09
539400,0.51,0.96,19.99,16.25,0.16
539450,0.48,0.92,19.99,16.25,0.16
539490,0.45,0.92,19.99,16.25,0.1
539570,0.61,0.93,20.0,16.25,0.14
539640,0.57,0.93,20.0,16.25,0.19
539650,0.55,0.93,20.0,16.25,0.19
539670,0.6,0.93,20.0,16.25,0.19
539680,0.65,0.94,20.0,16.26,0.19
539700,0.68,0.95,20.0,16.26,0.14
539740,0.74,0.92,20.0,16.26,0.14
539760,0.76,0.93,20.0,16.26,0.12
539850,0.67,0.94,20.0,16.26,0.12
540000,0.49,0.96,20.01,16.26,0.12
540220,0.6,0.95,20.01,16.26,0.13
540320,0.53,0.91,20.02,16.27,0.18
540440,0.73,0.97,20.02,16.27,0.11
540660,0.8,0.94,20.03,16.27,0.09
540670,0.8,0.94,20.03,16.27,0.09
540700,0.79,0.92,20.03,16.27,0.09
540710,0.8,0.91,20.04,16.27,0.09
540720,0.8,0.91,20.04,16.27,0.12
540980,0.84,0.91,20.05,16.28,0.09
541080,0.73,0.9,20.05,16.28,0.11
541290,0.64,0.91,20.06,16.28,0.1
541380,0.65,0.92,20.06,16.29,0.12
541500,0.75,0.93,20.06,16.29,0.13
541560,0.62,0.92,20.07,16.29,0.1
541620,0.55,0.91,20.07,16.29,0.18
541770,0.53,0.88,20.07,16.3,0.12
541800,0.56,0.88,20.07,16.3,0.09
541810,0.6,0.88,20.07,16.3,0.09
541870,0.64,0.89,20.07,16.3,0.07
542090,0.57,0.91,20.08,16.3,0.13
542150,0.55,0.91,20.08,16.3,0.18
542170,0.59,0.89,20.08,16.3,0.1
542350,0.56,0.86,20.09,16.31,0.09
542390,0.51,0.86,20.09,16.31,0.09
542410,0.55,0.87,20.09,16.31,0.1
542440,0.56,0.88,20.09,16.31,0.1
542490,0.56,0.87,20.09,16.31,0.13
542610,0.53,0.87,20.1,16.31,0.23
542650,0.53,0.87,20.1,16.31,0.2
542660,0.49,0.86,20.1,16.31,0.2
542740,0.53,0.88,20.1,16.31,0.16
542810,0.67,0.9,20.1,16.32,0.1
542890,0.5,0.89,20.1,16.32,0.14
543080,0.61,0.87,20.11,16.32,0.14
543100,0.69,0.89,20.11,16.32,0.14
543180,0.79,0.93,20.12,16.32,0.23
543200,0.71,0.93,20.12,16.32,0.23
543510,0.61,0.96,20.13,16.33,0.15
543550,0.59,0.92,20.13,16.34,0.19
543590,0.61,0.94,20.13,16.34,0.19
543780,0.59,0.89,20.14,16.34,0.18
543790,0.62,0.88,20.14,16.34,0.18
543900,0.62,0.89,20.14,16.34,0.15
543930,0.65,0.89,20.14,16.34,0.15
544330,0.49,0.86,20.15,16.35,0.17
544380,0.47,0.86,20.15,16.36,0.15
544630,0.63,0.87,20.16,16.36,0.28
544650,0.66,0.87,20.16,16.36,0.28
544730,0.53,0.86,20.16,16.36,0.23
544820,0.61,0.88,20.16,16.37,0.2
544950,0.47,0.86,20.17,16.37,0.09
544980,0.47,0.86,20.17,16.37,0.1
545020,0.48,0.87,20.17,16.37,0.1
545180,0.62,0.87,20.17,16.37,0.13
545220,0.48,0.87,20.17,16.37,0.09
545390,0.61,0.93,20.17,16.37,0.04
545400,0.65,0.94,20.17,16.37,0.07
545430,0.72,0.93,20.18,16.37,0.07
545590,0.61,0.92,20.18,16.38,0.15
545730,0.54,0.92,20.18,16.38,0.1
545760,0.48,0.91,20.18,16.38,0.1
545780,0.48,0.9,20.18,16.38,0.1
546060,0.45,0.85,20.19,16.39,0.09
546410,0.54,0.85,20.21,16.41,0.08
546660,0.64,0.88,20.22,16.42,0.08
546690,0.47,0.87,20.22,16.42,0.08
547010,0.34,0.85,20.23,16.44,0.06
547320,0.55,0.95,20.25,16.45,0.12
547360,0.68,0.96,20.25,16.46,0.12
547440,0.64,0.95,20.25,16.46,0.12
547460,0.62,0.95,20.26,16.46,0.12
547500,0.67,0.96,20.26,16.46,0.15
547540,0.57,0.95,20.26,16.46,0.15
547560,0.58,0.94,20.26,16.46,0.08
547640,0.49,0.89,20.26,16.47,0.09
547690,0.52,0.89,20.27,16.47,0.09
547860,0.44,0.88,20.27,16.47,0.18
547940,0.51,0.9,20.27,16.48,0.14
548020,0.5,0.9,20.27,16.48,0.07
548070,0.42,0.89,20.28,16.48,0.1
548400,0.54,0.94,20.29,16.49,0.13
548500,0.71,0.94,20.29,16.49,0.15
548520,0.68,0.93,20.29,16.49,0.13
548740,0.38,0.88,20.29,16.49,0.05
548810,0.47,0.89,20.3,16.49,0.12
548890,0.43,0.89,20.3,16.5,0.13
548980,0.43,0.9,20.3,16.5,0.08
549010,0.46,0.89,20.3,16.5,0.13
549020,0.46,0.89,20.3,16.5,0.13
549060,0.55,0.91,20.3,16.5,0.36
549120,0.52,0.9,20.3,16.5,0.15
549240,0.48,0.9,20.31,16.5,0.12
549450,0.52,0.94,20.31,16.51,0.14
549570,0.55,0.94,20.31,16.51,0.11
549650,0.51,0.94,20.31,16.51,0.09
549710,0.49,0.93,20.32,16.51,0.12
550360,0.6,0.89,20.33,16.53,0.07
550660,0.35,0.87,20.33,16.53,0.05
550830,0.4,0.86,20.33,16.53,0.08
550910,0.56,0.92,20.34,16.54,0.07
551050,0.52,0.94,20.34,16.54,0.12
551240,0.55,0.91,20.35,16.54,0.09
551350,0.48,0.9,20.35,16.55,0.14
551400,0.51,0.9,20.35,16.55,0.16
551420,0.47,0.89,20.35,16.55,0.16
551440,0.46,0.89,20.35,16.55,0.16
551460,0.45,0.89,20.36,16.55,0.11
551510,0.6,0.88,20.36,16.55,0.11
551870,0.57,0.93,20.37,16.56,0.12
551910,0.5,0.91,20.37,16.56,0.11
552160,0.51,0.9,20.38,16.56,0.09
552200,0.51,0.9,20.38,16.57,0.11
552270,0.47,0.9,20.38,16.57,0.14
552350,0.47,0.9,20.38,16.57,0.25
552370,0.46,0.89,20.38,16.57,0.07
552390,0.4,0.89,20.38,16.57,0.07
552410,0.4,0.88,20.38,16.57,0.07
552440,0.52,0.9,20.39,16.57,0.07
552480,0.57,0.91,20.39,16.57,0.12
552630,0.64,0.92,20.39,16.57,0.08
552750,0.55,0.92,20.39,16.58,0.1
552910,0.65,0.94,20.4,16.58,0.06
553110,0.46,0.91,20.4,16.59,0.1
553130,0.48,0.92,20.4,16.59,0.1
553140,0.5,0.93,20.4,16.59,0.09
553390,0.59,0.96,20.41,16.59,0.1
553530,0.58,0.94,20.41,16.6,0.1
553550,0.54,0.91,20.41,16.6,0.1
553650,0.5,0.9,20.42,16.6,0.14
553700,0.45,0.9,20.42,16.6,0.08
553710,0.5,0.91,20.42,16.6,0.08
553750,0.54,0.92,20.42,16.6,0.07
553830,0.54,0.92,20.42,16.6,0.15
554000,0.57,0.89,20.42,16.61,0.1
554020,0.61,0.89,20.43,16.61,0.1
554090,0.49,0.89,20.43,16.61,0.09
554180,0.46,0.87,20.43,16.61,0.1
554190,0.45,0.88,20.43,16.61,0.1
554260,0.46,0.88,20.43,16.61,0.06
554320,0.48,0.9,20.43,16.61,0.1
554370,0.41,0.87,20.43,16.62,0.09
554390,0.46,0.88,20.44,16.62,0.09
554490,0.6,0.91,20.44,16.62,0.07
554680,0.63,0.92,20.44,16.62,0.06
554720,0.53,0.92,20.45,16.62,0.1
554860,0.46,0.87,20.45,16.63,0.14
554870,0.44,0.88,20.45,16.63,0.14
555000,0.54,0.9,20.45,16.63,0.13
555020,0.57,0.89,20.45,16.63,0.13
555080,0.59,0.88,20.46,16.63,0.14
555110,0.55,0.89,20.46,16.63,0.14
555170,0.55,0.9,20.46,16.64,0.1
555230,0.53,0.89,20.46,16.64,0.06
555290,0.56,0.89,20.46,16.64,0.09
555470,0.57,0.88,20.47,16.64,0.13
555570,0.49,0.9,20.47,16.65,0.14
555720,0.49,0.9,20.47,16.65,0.09
555730,0.51,0.91,20.47,16.65,0.09
555900,0.51,0.93,20.48,16.65,0.1
555910,0.53,0.93,20.48,16.65,0.1
555950,0.46,0.93,20.48,16.65,0.1
555960,0.49,0.94,20.48,16.65,0.12
556060,0.45,0.92,20.48,16.66,0.12
556110,0.46,0.93,20.48,16.66,0.08
556150,0.53,0.93,20.48,16.66,0.13
556190,0.43,0.92,20.48,16.66,0.13
556270,0.39,0.91,20.49,16.66,0.09
556300,0.38,0.9,20.49,16.66,0.09
556400,0.42,0.91,20.49,16.66,0.08
556470,0.53,0.94,20.49,16.66,0.1
556520,0.49,0.94,20.49,16.66,0.11
556550,0.48,0.95,20.49,16.66,0.11
556710,0.46,0.93,20.49,16.67,0.09
556740,0.42,0.93,20.5,16.67,0.09
556790,0.43,0.92,20.5,16.67,0.09
557010,0.43,0.93,20.5,16.67,0.06
557170,0.38,0.92,20.5,16.68,0.07
557220,0.54,0.96,20.5,16.68,0.1
557380,0.46,0.93,20.51,16.68,0.09
557510,0.48,0.97,20.51,16.68,0.08
557560,0.39,0.97,20.51,16.68,0.13
557600,0.51,0.95,20.51,16.69,0.07
557770,0.44,0.95,20.52,16.69,0.07
557780,0.49,0.94,20.52,16.69,0.07
557790,0.56,0.95,20.52,16.69,0.07
557800,0.57,0.95,20.52,16.69,0.07
557850,0.58,0.96,20.52,16.69,0.14
557900,0.51,0.95,20.52,16.69,0.1
558390,0.66,0.93,20.53,16.7,0.13
558430,0.66,0.94,20.53,16.7,0.15
558540,0.66,0.92,20.54,16.71,0.16
558630,0.64,0.92,20.54,16.71,0.06
558830,0.52,0.92,20.54,16.71,0.14
558960,0.59,0.9,20.55,16.72,0.13
559260,0.62,0.94,20.55,16.72,0.12
559320,0.6,0.93,20.56,16.73,0.24
559380,0.54,0.91,20.56,16.73,0.12
559420,0.49,0.91,20.56,16.73,0.12
559500,0.46,0.9,20.56,16.73,0.12
559940,0.57,0.96,20.57,16.74,0.12
560100,0.6,0.97,20.57,16.74,0.15
560620,0.6,0.93,20.59,16.76,0.11
560630,0.56,0.92,20.59,16.76,0.11
560640,0.52,0.92,20.59,16.76,0.07
561040,0.53,0.9,20.6,16.77,0.15
561060,0.5,0.9,20.6,16.77,0.08
561090,0.49,0.87,20.6,16.77,0.08
561210,0.44,0.85,20.6,16.77,0.13
561240,0.48,0.83,20.6,16.77,0.19
561260,0.48,0.84,20.61,16.77,0.19
561270,0.5,0.85,20.61,16.77,0.19
561390,0.53,0.87,20.61,16.78,0.14
561580,0.53,0.83,20.61,16.78,0.09
561590,0.48,0.82,20.61,16.78,0.09
561680,0.54,0.83,20.61,16.78,0.1
561690,0.54,0.83,20.62,16.78,0.1
561720,0.5,0.83,20.62,16.78,0.09
561740,0.52,0.83,20.62,16.79,0.09
561800,0.5,0.84,20.62,16.79,0.07
561830,0.64,0.85,20.62,16.79,0.07
561880,0.63,0.86,20.62,16.79,0.17
561910,0.67,0.87,20.62,16.79,0.18
562040,0.63,0.86,20.62,16.79,0.1
562210,0.57,0.89,20.63,16.8,0.09
562290,0.49,0.89,20.63,16.8,0.09
562300,0.48,0.88,20.63,16.8,0.09
562390,0.58,0.89,20.63,16.8,0.09
562410,0.57,0.89,20.63,16.8,0.09
562430,0.59,0.89,20.63,16.8,0.09
562510,0.59,0.89,20.64,16.8,0.06
562690,0.51,0.89,20.64,16.81,0.06
562800,0.51,0.9,20.64,16.81,0.08
562860,0.48,0.89,20.65,16.81,0.08
562870,0.48,0.88,20.65,16.81,0.08
562940,0.46,0.89,20.65,16.81,0.05
562990,0.49,0.89,20.65,16.81,0.06
563060,0.52,0.91,20.65,16.82,0.05
563100,0.5,0.9,20.65,16.82,0.06
563260,0.45,0.88,20.66,16.82,0.07
563350,0.39,0.86,20.66,16.82,0.08
563400,0.4,0.86,20.66,16.82,0.07
563730,0.38,0.87,20.67,16.83,0.06
563780,0.46,0.88,20.67,16.83,0.05
563790,0.48,0.88,20.67,16.83,0.05
563910,0.46,0.88,20.67,16.83,0.08
564310,0.49,0.89,20.68,16.84,0.08
564490,0.37,0.87,20.68,16.84,0.08
564540,0.37,0.87,20.68,16.85,0.07
564600,0.33,0.88,20.69,16.85,0.06
564660,0.42,0.88,20.69,16.85,0.06
564680,0.42,0.88,20.69,16.85,0.06
564770,0.51,0.87,20.69,16.85,0.11
564780,0.5,0.87,20.69,16.85,0.05
564860,0.32,0.87,20.69,16.85,0.08
565150,0.39,0.88,20.7,16.86,0.04
565170,0.35,0.88,20.7,16.86,0.04
565210,0.41,0.88,20.7,16.86,0.04
565250,0.37,0.88,20.7,16.86,0.04
565280,0.38,0.88,20.7,16.86,0.04
565470,0.3,0.87,20.7,16.86,0.06
565720,0.35,0.89,20.7,16.87,0.04
565820,0.38,0.86,20.71,16.87,0.04
566120,0.41,0.85,20.71,16.87,0.04
566180,0.42,0.85,20.71,16.87,0.05
566500,0.4,0.86,20.72,16.88,0.06
566560,0.38,0.86,20.72,16.88,0.05
566660,0.36,0.86,20.72,16.88,0.04
566730,0.33,0.86,20.72,16.88,0.04
566800,0.3,0.86,20.72,16.88,0.08
566880,0.38,0.86,20.72,16.88,0.08
566940,0.38,0.88,20.72,16.89,0.07
566990,0.35,0.87,20.72,16.89,0.07
567050,0.4,0.87,20.73,16.89,0.05
567100,0.38,0.86,20.73,16.89,0.06
567180,0.35,0.85,20.73,16.89,0.05
567320,0.44,0.86,20.73,16.89,0.06
567340,0.48,0.85,20.73,16.89,0.06
567430,0.38,0.86,20.73,16.89,0.05
567490,0.34,0.86,20.73,16.9,0.04
567750,0.34,0.87,20.74,16.9,0.05
567760,0.35,0.87,20.74,16.9,0.05
567890,0.34,0.87,20.74,16.9,0.06
567920,0.34,0.88,20.74,16.9,0.07
568150,0.45,0.87,20.74,16.91,0.04
568160,0.46,0.87,20.74,16.91,0.04
568190,0.41,0.87,20.74,16.91,0.04
568380,0.48,0.88,20.75,16.91,0.12
568410,0.44,0.89,20.75,16.91,0.12
568490,0.48,0.87,20.75,16.91,0.06
568750,0.39,0.87,20.76,16.92,0.04
568780,0.37,0.86,20.76,16.92,0.04
568870,0.32,0.84,20.76,16.92,0.07
568940,0.32,0.84,20.76,16.92,0.05
569000,0.3,0.84,20.76,16.92,0.06
569170,0.35,0.84,20.76,16.92,0.09
569490,0.37,0.88,20.77,16.93,0.05
569520,0.4,0.88,20.77,16.93,0.05
569560,0.43,0.9,20.77,16.93,0.05
569690,0.36,0.92,20.77,16.93,0.05
569720,0.41,0.92,20.77,16.93,0.08
569760,0.43,0.93,20.77,16.93,0.07
569850,0.5,0.94,20.77,16.93,0.06
569860,0.47,0.95,20.77,16.93,0.06
569930,0.37,0.88,20.78,16.93,0.09
570000,0.45,0.9,20.78,16.94,0.05
570080,0.51,0.89,20.78,16.94,0.07
570230,0.41,0.87,20.78,16.94,0.06
570290,0.41,0.87,20.78,16.94,0.11
570340,0.37,0.86,20.78,16.94,0.07
570450,0.39,0.86,20.79,16.94,0.07
570510,0.38,0.87,20.79,16.95,0.06
570550,0.35,0.87,20.79,16.95,0.06
570850,0.37,0.86,20.79,16.95,0.06
570900,0.44,0.87,20.79,16.95,0.08
571080,0.29,0.84,20.8,16.95,0.07
571100,0.3,0.84,20.8,16.95,0.07
571110,0.29,0.84,20.8,16.95,0.07
571210,0.53,0.89,20.8,16.96,0.06
571570,0.42,0.86,20.81,16.96,0.07
571620,0.4,0.86,20.81,16.96,0.06
571670,0.38,0.86,20.81,16.96,0.06
571720,0.39,0.86,20.81,16.96,0.06
571840,0.47,0.86,20.81,16.97,0.07
571850,0.4,0.86,20.81,16.97,0.07
571970,0.34,0.85,20.81,16.97,0.12
572010,0.28,0.85,20.81,16.97,0.12
572040,0.29,0.85,20.81,16.97,0.05
572060,0.31,0.86,20.82,16.97,0.05
572090,0.33,0.87,20.82,16.97,0.05
572220,0.36,0.86,20.82,16.97,0.06
572240,0.34,0.87,20.82,16.97,0.06
572410,0.43,0.89,20.82,16.97,0.09
572530,0.42,0.91,20.82,16.98,0.15
572580,0.47,0.93,20.82,16.98,0.11
572660,0.43,0.94,20.83,16.98,0.08
572670,0.51,0.94,20.83,16.98,0.08
572680,0.47,0.94,20.83,16.98,0.08
572710,0.46,0.93,20.83,16.98,0.09
572750,0.44,0.93,20.83,16.98,0.09
572920,0.63,0.92,20.83,16.98,0.12
572950,0.6,0.92,20.83,16.98,0.13
572960,0.54,0.91,20.83,16.98,0.13
573030,0.45,0.9,20.83,16.98,0.08
573260,0.38,0.89,20.84,16.99,0.04
573270,0.37,0.89,20.84,16.99,0.04
573320,0.32,0.88,20.84,16.99,0.08
573370,0.44,0.88,20.84,16.99,0.07
573380,0.41,0.87,20.84,16.99,0.07
573500,0.43,0.87,20.85,16.99,0.07
573520,0.42,0.87,20.85,16.99,0.07
573540,0.44,0.87,20.85,16.99,0.08
573640,0.36,0.87,20.85,16.99,0.11
573700,0.46,0.88,20.85,17.0,0.08
573750,0.37,0.89,20.85,17.0,0.09
573950,0.29,0.88,20.85,17.0,0.08
574040,0.36,0.9,20.86,17.0,0.07
574070,0.44,0.89,20.86,17.0,0.07
574150,0.48,0.89,20.86,17.0,0.09
574180,0.46,0.9,20.86,17.0,0.09
574300,0.34,0.89,20.86,17.0,0.09
574320,0.37,0.9,20.86,17.01,0.08
574400,0.55,0.9,20.86,17.01,0.14
574430,0.52,0.92,20.86,17.01,0.14
574460,0.57,0.92,20.87,17.01,0.11
574580,0.38,0.91,20.87,17.01,0.07
574890,0.41,0.91,20.87,17.02,0.06
574910,0.38,0.91,20.87,17.02,0.06
574920,0.41,0.9,20.87,17.02,0.13
575040,0.35,0.91,20.88,17.02,0.05
575060,0.34,0.91,20.88,17.02,0.05
575180,0.38,0.91,20.88,17.02,0.07
575220,0.36,0.91,20.88,17.02,0.07
575240,0.43,0.91,20.88,17.02,0.07
575280,0.46,0.91,20.88,17.02,0.06
575430,0.43,0.93,20.88,17.03,0.09
575500,0.37,0.92,20.89,17.03,0.07
575650,0.38,0.91,20.89,17.03,0.06
575660,0.37,0.92,20.89,17.03,0.06
575790,0.56,0.93,20.89,17.03,0.07
575960,0.39,0.92,20.89,17.04,0.07
576000,0.34,0.91,20.9,17.04,0.05
576050,0.37,0.91,20.9,17.04,0.05
576080,0.5,0.92,20.9,17.04,0.04
576130,0.55,0.93,20.9,17.04,0.06
576140,0.54,0.93,20.9,17.04,0.06
576170,0.54,0.92,20.9,17.04,0.06
576250,0.51,0.91,20.9,17.04,0.06
576370,0.47,0.9,20.9,17.04,0.07
576390,0.48,0.91,20.9,17.04,0.07
576460,0.48,0.92,20.9,17.04,0.08
576480,0.47,0.92,20.9,17.04,0.08
576510,0.48,0.92,20.9,17.04,0.08
576560,0.5,0.93,20.91,17.05,0.08
576650,0.42,0.92,20.91,17.05,0.06
576670,0.5,0.93,20.91,17.05,0.05
576740,0.52,0.94,20.91,17.05,0.1
576780,0.48,0.93,20.91,17.05,0.08
576800,0.42,0.93,20.91,17.05,0.08
576940,0.51,0.93,20.91,17.05,0.09
577030,0.45,0.91,20.92,17.06,0.09
577290,0.39,0.91,20.92,17.06,0.09
577330,0.42,0.92,20.92,17.06,0.05
577480,0.37,0.92,20.93,17.06,0.07
577620,0.42,0.94,20.93,17.07,0.07
577640,0.44,0.92,20.93,17.07,0.07
577650,0.41,0.91,20.93,17.07,0.07
577670,0.4,0.91,20.93,17.07,0.07
578010,0.48,0.92,20.93,17.07,0.08
578140,0.44,0.92,20.94,17.08,0.06
578260,0.36,0.91,20.94,17.08,0.03
578270,0.39,0.91,20.94,17.08,0.03
578450,0.41,0.9,20.94,17.08,0.09
578570,0.44,0.91,20.95,17.08,0.07
578660,0.35,0.89,20.95,17.09,0.05
579110,0.39,0.92,20.96,17.09,0.08
579400,0.34,0.92,20.96,17.1,0.07
579450,0.4,0.93,20.97,17.1,0.1
579630,0.46,0.94,20.97,17.1,0.07
579720,0.54,0.91,20.97,17.1,0.09
579790,0.45,0.91,20.97,17.11,0.07
579810,0.49,0.92,20.97,17.11,0.07
579890,0.48,0.92,20.98,17.11,0.07
579980,0.46,0.91,20.98,17.11,0.09
580000,0.46,0.91,20.98,17.11,0.09
580410,0.49,0.93,20.98,17.12,0.06
580460,0.54,0.94,20.99,17.12,0.1
580560,0.51,0.93,20.99,17.12,0.09
580590,0.61,0.94,20.99,17.12,0.09
580640,0.63,0.92,20.99,17.12,0.08
580800,0.45,0.86,20.99,17.13,0.06
580810,0.48,0.85,20.99,17.13,0.06
581040,0.53,0.85,21.0,17.13,0.15
581130,0.53,0.85,21.0,17.13,0.1
581140,0.53,0.86,21.0,17.13,0.1
581160,0.44,0.85,21.0,17.13,0.12
581230,0.51,0.86,21.0,17.13,0.12
581750,0.47,0.83,21.01,17.14,0.17
581830,0.45,0.83,21.02,17.15,0.07
581940,0.49,0.84,21.02,17.15,0.14
582040,0.45,0.83,21.02,17.15,0.12
582100,0.44,0.82,21.02,17.15,0.08
582240,0.37,0.81,21.03,17.15,0.06
582270,0.47,0.83,21.03,17.15,0.06
582310,0.6,0.82,21.03,17.16,0.12
582430,0.55,0.84,21.03,17.16,0.12
582680,0.43,0.86,21.04,17.17,0.08
583040,0.39,0.85,21.05,17.18,0.06
583160,0.37,0.83,21.05,17.18,0.05
583580,0.41,0.84,21.06,17.18,0.08
583690,0.42,0.84,21.06,17.19,0.09
583830,0.4,0.86,21.07,17.19,0.06
583940,0.36,0.85,21.07,17.19,0.07
583970,0.36,0.86,21.07,17.19,0.07
583990,0.38,0.86,21.07,17.19,0.05
584070,0.38,0.86,21.07,17.19,0.05
584100,0.37,0.87,21.07,17.19,0.06
584150,0.41,0.86,21.07,17.2,0.06
584220,0.37,0.87,21.07,17.2,0.07
584580,0.3,0.83,21.08,17.2,0.05
584650,0.36,0.84,21.08,17.2,0.04
584930,0.31,0.84,21.09,17.21,0.05
585000,0.32,0.84,21.09,17.21,0.05
585050,0.43,0.86,21.09,17.21,0.05
585220,0.38,0.86,21.09,17.21,0.04
585250,0.37,0.86,21.09,17.21,0.05
585270,0.32,0.85,21.09,17.21,0.05
585330,0.36,0.87,21.09,17.21,0.05
585410,0.37,0.87,21.09,17.22,0.04
585600,0.38,0.88,21.1,17.22,0.06
585670,0.44,0.85,21.1,17.22,0.07
585770,0.34,0.86,21.1,17.22,0.04
585890,0.38,0.86,21.1,17.22,0.03
585910,0.39,0.86,21.1,17.22,0.04
586080,0.35,0.87,21.1,17.23,0.06
586160,0.38,0.86,21.11,17.23,0.05
586220,0.39,0.86,21.11,17.23,0.05
586240,0.49,0.87,21.11,17.23,0.05
586250,0.47,0.88,21.11,17.23,0.05
586340,0.42,0.86,21.11,17.23,0.05
586360,0.37,0.85,21.11,17.23,0.05
586380,0.42,0.85,21.11,17.23,0.04
586390,0.4,0.85,21.11,17.23,0.04
586440,0.3,0.84,21.11,17.23,0.08
586480,0.36,0.85,21.11,17.23,0.08
586500,0.37,0.85,21.11,17.23,0.05
586520,0.39,0.85,21.11,17.23,0.05
586650,0.35,0.86,21.11,17.24,0.05
586710,0.41,0.85,21.12,17.24,0.05
586930,0.48,0.86,21.12,17.24,0.06
586940,0.47,0.86,21.12,17.24,0.06
586960,0.49,0.87,21.12,17.24,0.06
587040,0.38,0.87,21.12,17.24,0.05
587060,0.39,0.87,21.12,17.24,0.05
587580,0.41,0.87,21.13,17.25,0.07
587660,0.48,0.88,21.13,17.25,0.08
587670,0.51,0.88,21.13,17.25,0.08
587720,0.47,0.89,21.14,17.25,0.05
587750,0.43,0.87,21.14,17.25,0.05
587800,0.39,0.87,21.14,17.25,0.06
587940,0.34,0.86,21.14,17.25,0.07
588030,0.39,0.86,21.14,17.26,0.07
588180,0.37,0.86,21.14,17.26,0.06
588200,0.43,0.87,21.14,17.26,0.06
588250,0.39,0.87,21.15,17.26,0.11
588400,0.35,0.87,21.15,17.26,0.06
588490,0.38,0.86,21.15,17.26,0.18
588510,0.31,0.86,21.15,17.26,0.18
588530,0.34,0.87,21.15,17.26,0.18
588680,0.34,0.86,21.15,17.27,0.08
588820,0.39,0.88,21.16,17.27,0.08
588840,0.36,0.87,21.16,17.27,0.06
588950,0.4,0.89,21.16,17.27,0.06
588970,0.38,0.87,21.16,17.27,0.09
589020,0.43,0.87,21.16,17.27,0.07
589030,0.48,0.88,21.16,17.27,0.07
589060,0.45,0.88,21.16,17.27,0.07
589090,0.35,0.88,21.16,17.27,0.08
589120,0.33,0.88,21.16,17.27,0.08
589150,0.31,0.89,21.16,17.27,0.06
589540,0.36,0.88,21.17,17.28,0.1
589600,0.32,0.88,21.17,17.28,0.06
589670,0.31,0.87,21.17,17.28,0.06
589680,0.32,0.88,21.17,17.28,0.06
589810,0.35,0.87,21.17,17.28,0.06
589840,0.37,0.88,21.17,17.28,0.06
589860,0.33,0.88,21.17,17.28,0.05
589930,0.31,0.87,21.17,17.28,0.06
590000,0.31,0.87,21.17,17.28,0.07
590110,0.45,0.88,21.18,17.29,0.07
590270,0.34,0.88,21.18,17.29,0.05
590330,0.33,0.87,21.18,17.29,0.09
590340,0.31,0.87,21.18,17.29,0.15
590390,0.34,0.88,21.18,17.29,0.15
590410,0.41,0.88,21.18,17.29,0.05
590480,0.32,0.88,21.18,17.29,0.09
590630,0.31,0.87,21.18,17.3,0.04
590710,0.47,0.88,21.19,17.3,0.05
590770,0.37,0.88,21.19,17.3,0.05
590870,0.35,0.89,21.19,17.3,0.06
590970,0.5,0.88,21.19,17.3,0.07
591120,0.37,0.88,21.19,17.3,0.06
591240,0.35,0.88,21.19,17.31,0.04
591260,0.36,0.88,21.2,17.31,0.04
591350,0.64,0.91,21.2,17.31,0.04
591360,0.57,0.9,21.2,17.31,0.07
591380,0.44,0.89,21.2,17.31,0.07
591620,0.37,0.87,21.2,17.31,0.06
591680,0.37,0.88,21.2,17.31,0.05
591770,0.37,0.89,21.21,17.32,0.06
591790,0.37,0.88,21.21,17.32,0.06
592030,0.48,0.87,21.21,17.32,0.12
592270,0.39,0.88,21.22,17.32,0.07
592560,0.33,0.91,21.22,17.33,0.06
592720,0.36,0.92,21.22,17.33,0.05
592800,0.33,0.89,21.23,17.33,0.06
592960,0.28,0.88,21.23,17.34,0.06
593080,0.28,0.88,21.23,17.34,0.07
593160,0.34,0.89,21.23,17.34,0.07
593170,0.35,0.89,21.23,17.34,0.07
593400,0.35,0.89,21.24,17.34,0.16
593430,0.4,0.9,21.24,17.34,0.16
593510,0.28,0.88,21.24,17.35,0.09
593700,0.3,0.89,21.24,17.35,0.05
593990,0.28,0.87,21.25,17.35,0.05
594010,0.32,0.88,21.25,17.35,0.07
594110,0.33,0.88,21.25,17.35,0.05
594160,0.35,0.87,21.25,17.36,0.05
594270,0.55,0.91,21.25,17.36,0.06
594490,0.42,0.9,21.25,17.36,0.1
594630,0.37,0.9,21.26,17.37,0.06
594720,0.51,0.93,21.26,17.37,0.08
594760,0.49,0.91,21.26,17.37,0.08
594860,0.45,0.89,21.26,17.37,0.11
594940,0.34,0.89,21.26,17.37,0.07
595010,0.5,0.89,21.27,17.37,0.09
595120,0.35,0.89,21.27,17.37,0.08
595130,0.36,0.89,21.27,17.37,0.08
595190,0.34,0.89,21.27,17.38,0.07
595380,0.51,0.88,21.27,17.38,0.08
595500,0.51,0.88,21.28,17.38,0.1
595510,0.51,0.89,21.28,17.38,0.1
595670,0.33,0.9,21.28,17.39,0.05
595710,0.34,0.9,21.28,17.39,0.04
596060,0.41,0.9,21.29,17.39,0.11
596220,0.41,0.89,21.29,17.39,0.06
596350,0.44,0.89,21.3,17.4,0.06
596360,0.39,0.89,21.3,17.4,0.06
596380,0.38,0.89,21.3,17.4,0.06
596400,0.36,0.88,21.3,17.4,0.05
596600,0.31,0.86,21.3,17.4,0.08
596680,0.31,0.87,21.3,17.4,0.08
596710,0.35,0.88,21.3,17.4,0.04
596730,0.32,0.87,21.3,17.4,0.04
596920,0.44,0.88,21.31,17.41,0.05
597030,0.51,0.88,21.31,17.41,0.16
597040,0.51,0.88,21.31,17.41,0.16
597440,0.33,0.9,21.32,17.42,0.05
597530,0.31,0.89,21.32,17.42,0.06
597660,0.3,0.87,21.32,17.42,0.05
597670,0.33,0.87,21.32,17.42,0.05
598160,0.31,0.9,21.33,17.43,0.09
598280,0.47,0.91,21.33,17.43,0.13
598310,0.44,0.91,21.34,17.43,0.13
598370,0.33,0.91,21.34,17.43,0.1
598780,0.28,0.9,21.34,17.44,0.06
598810,0.32,0.9,21.34,17.44,0.05
598820,0.28,0.9,21.34,17.44,0.05
598840,0.31,0.9,21.34,17.44,0.05
598950,0.29,0.9,21.35,17.44,0.04
598960,0.29,0.9,21.35,17.44,0.04
599100,0.32,0.9,21.35,17.44,0.04
599130,0.27,0.9,21.35,17.44,0.04
599150,0.29,0.91,21.35,17.45,0.04
599220,0.28,0.9,21.35,17.45,0.08
599290,0.33,0.9,21.35,17.45,0.05
599340,0.3,0.9,21.35,17.45,0.11
599390,0.28,0.9,21.35,17.45,0.11
599450,0.29,0.89,21.35,17.45,0.04
599570,0.27,0.86,21.36,17.45,0.08
599780,0.38,0.9,21.36,17.46,0.04
599980,0.51,0.94,21.37,17.46,0.14
600510,0.27,0.9,21.38,17.47,0.05
600530,0.27,0.9,21.38,17.47,0.05
600580,0.36,0.89,21.38,17.47,0.06
600600,0.32,0.89,21.38,17.47,0.06
600650,0.42,0.9,21.38,17.47,0.06
600670,0.39,0.89,21.38,17.47,0.05
600780,0.28,0.89,21.38,17.47,0.06
601020,0.25,0.89,21.39,17.48,0.07
601110,0.3,0.9,21.39,17.48,0.04
601120,0.26,0.9,21.39,17.48,0.04
601250,0.26,0.87,21.39,17.48,0.04
601320,0.29,0.87,21.39,17.48,0.07
601600,0.34,0.85,21.4,17.48,0.07
601610,0.31,0.85,21.4,17.48,0.07
601690,0.3,0.85,21.4,17.49,0.09
602070,0.34,0.85,21.4,17.49,0.14
602530,0.23,0.83,21.41,17.5,0.1
602640,0.22,0.83,21.41,17.5,0.04
602690,0.18,0.82,21.41,17.5,0.04
602810,0.29,0.84,21.41,17.5,0.03
602970,0.24,0.84,21.41,17.5,0.05
603030,0.29,0.84,21.42,17.5,0.04
603040,0.3,0.85,21.42,17.5,0.04
603140,0.23,0.84,21.42,17.5,0.05
603190,0.26,0.85,21.42,17.5,0.03
603220,0.27,0.85,21.42,17.5,0.03
603480,0.49,0.89,21.42,17.51,0.06
603760,0.37,0.86,21.43,17.51,0.09
603800,0.34,0.85,21.43,17.51,0.05
603960,0.47,0.87,21.43,17.51,0.08
604100,0.4,0.86,21.43,17.52,0.06
604130,0.3,0.85,21.43,17.52,0.06
604300,0.36,0.87,21.44,17.52,0.07
604430,0.26,0.85,21.44,17.52,0.06
604460,0.25,0.85,21.44,17.52,0.04
604630,0.34,0.86,21.44,17.52,0.05
604710,0.23,0.84,21.44,17.52,0.04
604860,0.25,0.84,21.44,17.53,0.04
604890,0.27,0.84,21.44,17.53,0.04
605070,0.23,0.84,21.45,17.53,0.08
605120,0.27,0.85,21.45,17.53,0.05
605160,0.37,0.86,21.45,17.53,0.04
605180,0.38,0.87,21.45,17.53,0.04
605190,0.39,0.87,21.45,17.53,0.04
605210,0.41,0.88,21.45,17.53,0.04
605340,0.37,0.9,21.45,17.53,0.05
605390,0.35,0.9,21.45,17.53,0.05
605470,0.37,0.9,21.45,17.53,0.13
605570,0.39,0.89,21.46,17.54,0.07
605610,0.51,0.92,21.46,17.54,0.05
605920,0.38,0.89,21.46,17.54,0.05
605970,0.37,0.91,21.46,17.54,0.06
606000,0.37,0.9,21.46,17.54,0.06
606030,0.42,0.9,21.46,17.54,0.06
606090,0.39,0.89,21.47,17.55,0.1
606330,0.33,0.92,21.47,17.55,0.08
606340,0.32,0.91,21.47,17.55,0.08
606520,0.41,0.93,21.47,17.55,0.04
606580,0.39,0.94,21.47,17.55,0.07
606710,0.36,0.89,21.48,17.55,0.07
606810,0.29,0.86,21.48,17.56,0.09
607380,0.33,0.9,21.49,17.56,0.04
607390,0.32,0.9,21.49,17.56,0.04
607530,0.35,0.87,21.49,17.56,0.06
607630,0.31,0.86,21.49,17.56,0.05
607640,0.29,0.86,21.49,17.56,0.05
607680,0.31,0.86,21.49,17.56,0.03
607800,0.27,0.87,21.49,17.57,0.04
607930,0.29,0.85,21.49,17.57,0.04
608050,0.37,0.85,21.5,17.57,0.07
608080,0.28,0.85,21.5,17.57,0.07
608180,0.26,0.84,21.5,17.57,0.04
608220,0.25,0.84,21.5,17.57,0.04
608260,0.22,0.84,21.5,17.57,0.04
608490,0.3,0.9,21.5,17.57,0.06
608540,0.31,0.9,21.5,17.57,0.06
608560,0.35,0.9,21.5,17.57,0.06
608720,0.35,0.91,21.51,17.58,0.06
608760,0.3,0.89,21.51,17.58,0.07
609050,0.32,0.9,21.51,17.58,0.07
609070,0.37,0.9,21.51,17.58,0.09
609090,0.31,0.9,21.51,17.58,0.09
609100,0.31,0.89,21.51,17.58,0.09
609180,0.4,0.89,21.51,17.58,0.07
609310,0.45,0.95,21.52,17.58,0.07
609340,0.41,0.96,21.52,17.58,0.07
609420,0.31,0.9,21.52,17.59,0.06
609520,0.42,0.91,21.52,17.59,0.06
609530,0.45,0.92,21.52,17.59,0.06
609690,0.44,0.91,21.52,17.59,0.19
609750,0.35,0.91,21.53,17.59,0.11
609990,0.41,0.9,21.53,17.59,0.09
610000,0.38,0.9,21.53,17.59,0.09
610080,0.31,0.91,21.53,17.59,0.09
610130,0.33,0.91,21.53,17.6,0.09
610320,0.26,0.86,21.54,17.6,0.05
610580,0.31,0.87,21.54,17.6,0.09
610590,0.31,0.87,21.54,17.6,0.09
610750,0.3,0.87,21.54,17.6,0.03
610810,0.33,0.88,21.54,17.6,0.04
610840,0.33,0.88,21.55,17.6,0.04
610900,0.36,0.88,21.55,17.6,0.05
611010,0.35,0.89,21.55,17.61,0.05
611040,0.37,0.89,21.55,17.61,0.06
611260,0.45,0.88,21.55,17.61,0.04
611410,0.32,0.87,21.56,17.61,0.05
611680,0.3,0.88,21.56,17.62,0.11
611870,0.55,0.91,21.57,17.62,0.07
611890,0.64,0.92,21.57,17.62,0.11
612100,0.43,0.95,21.57,17.62,0.12
612170,0.39,0.93,21.58,17.62,0.11
612230,0.39,0.92,21.58,17.62,0.09
612300,0.32,0.91,21.58,17.63,0.11
612540,0.42,0.9,21.59,17.63,0.09
612550,0.4,0.9,21.59,17.63,0.09
612580,0.32,0.88,21.59,17.63,0.09
612970,0.35,0.9,21.6,17.64,0.05
612990,0.35,0.9,21.6,17.64,0.05
613060,0.31,0.88,21.6,17.64,0.05
613090,0.32,0.89,21.6,17.64,0.1
613130,0.28,0.89,21.6,17.64,0.1
613420,0.31,0.89,21.6,17.64,0.04
613440,0.3,0.89,21.61,17.64,0.04
613510,0.29,0.89,21.61,17.64,0.06
613560,0.25,0.89,21.61,17.64,0.16
613650,0.29,0.89,21.61,17.64,0.04
613660,0.26,0.9,21.61,17.64,0.04
613740,0.26,0.9,21.61,17.65,0.03
614060,0.25,0.88,21.62,17.65,0.04
614390,0.41,0.91,21.62,17.65,0.04
614420,0.39,0.92,21.63,17.65,0.08
614520,0.37,0.91,21.63,17.66,0.04
614550,0.37,0.9,21.63,17.66,0.04
614590,0.35,0.89,21.63,17.66,0.07
614690,0.27,0.88,21.63,17.66,0.04
614740,0.3,0.89,21.63,17.66,0.03
614850,0.34,0.9,21.63,17.66,0.05
614910,0.28,0.88,21.63,17.66,0.03
615040,0.35,0.89,21.64,17.66,0.04
615100,0.29,0.89,21.64,17.66,0.07
615180,0.39,0.89,21.64,17.66,0.05
615270,0.39,0.9,21.64,17.67,0.05
615310,0.39,0.89,21.64,17.67,0.07
615330,0.37,0.9,21.64,17.67,0.07
615350,0.37,0.9,21.64,17.67,0.07
615380,0.28,0.89,21.65,17.67,0.04
615590,0.43,0.91,21.65,17.67,0.07
615610,0.5,0.91,21.65,17.67,0.08
615670,0.36,0.93,21.66,17.67,0.07
615690,0.37,0.93,21.66,17.67,0.07
615710,0.38,0.93,21.66,17.67,0.07
615720,0.34,0.93,21.66,17.67,0.05
615760,0.46,0.94,21.66,17.67,0.05
615820,0.48,0.94,21.66,17.67,0.05
615840,0.52,0.95,21.66,17.67,0.07
615900,0.4,0.93,21.66,17.67,0.15
616010,0.26,0.89,21.67,17.68,0.08
616060,0.47,0.91,21.67,17.68,0.05
616100,0.34,0.9,21.67,17.68,0.08
616450,0.36,0.92,21.68,17.68,0.07
616520,0.42,0.94,21.68,17.68,0.04
616620,0.48,0.9,21.68,17.68,0.08
616700,0.29,0.9,21.68,17.69,0.06
616860,0.31,0.92,21.69,17.69,0.11
616870,0.32,0.92,21.69,17.69,0.11
616910,0.31,0.92,21.69,17.69,0.11
616930,0.29,0.91,21.69,17.69,0.09
617150,0.26,0.9,21.69,17.69,0.06
617190,0.39,0.9,21.69,17.69,0.04
617280,0.34,0.9,21.69,17.69,0.06
617320,0.35,0.9,21.69,17.69,0.06
617420,0.38,0.91,21.7,17.7,0.06
617450,0.29,0.91,21.7,17.7,0.06
617580,0.31,0.89,21.7,17.7,0.06
617700,0.32,0.91,21.7,17.7,0.06
617770,0.44,0.93,21.7,17.7,0.07
617830,0.39,0.92,21.7,17.7,0.08
617880,0.34,0.91,21.71,17.7,0.04
618090,0.49,0.95,21.71,17.7,0.07
618100,0.5,0.95,21.71,17.7,0.07
618120,0.52,0.95,21.71,17.71,0.06
618140,0.54,0.95,21.71,17.71,0.06
618170,0.35,0.93,21.71,17.71,0.06
618240,0.42,0.92,21.71,17.71,0.06
618260,0.38,0.93,21.71,17.71,0.06
618270,0.35,0.91,21.71,17.71,0.06
618280,0.35,0.92,21.71,17.71,0.06
618410,0.56,0.94,21.72,17.71,0.07
618430,0.6,0.95,21.72,17.71,0.04
618510,0.42,0.93,21.72,17.71,0.06
618650,0.35,0.93,21.72,17.71,0.1
618670,0.41,0.94,21.72,17.71,0.09
618720,0.44,0.96,21.72,17.71,0.12
618730,0.44,0.96,21.72,17.71,0.12
618760,0.38,0.96,21.73,17.71,0.12
618860,0.46,0.96,21.73,17.72,0.13
618960,0.35,0.93,21.73,17.72,0.09
618990,0.37,0.9,21.73,17.72,0.09
619020,0.44,0.93,21.73,17.72,0.13
619120,0.39,0.93,21.74,17.72,0.1
619330,0.42,0.94,21.74,17.72,0.13
619350,0.37,0.93,21.74,17.72,0.13
619540,0.37,0.91,21.75,17.73,0.07
619630,0.34,0.88,21.75,17.73,0.13
619640,0.35,0.88,21.75,17.73,0.13
619650,0.32,0.89,21.75,17.73,0.13
619660,0.33,0.88,21.75,17.73,0.13
619680,0.33,0.87,21.75,17.73,0.09
619690,0.36,0.88,21.75,17.73,0.09
619730,0.33,0.87,21.75,17.73,0.09
620020,0.42,0.92,21.76,17.74,0.17
620070,0.36,0.91,21.76,17.74,0.1
620090,0.41,0.93,21.76,17.74,0.1
620110,0.42,0.89,21.76,17.74,0.12
620130,0.34,0.91,21.76,17.74,0.12
620360,0.39,0.92,21.76,17.74,0.13
620500,0.58,0.97,21.77,17.74,0.11
620600,0.3,0.85,21.77,17.74,0.28
620860,0.43,0.88,21.78,17.75,0.07
620960,0.41,0.9,21.78,17.75,0.12
621080,0.47,0.9,21.78,17.75,0.12
621090,0.43,0.89,21.79,17.75,0.12
621150,0.6,0.89,21.79,17.75,0.18
621220,0.66,0.92,21.79,17.75,0.15
621230,0.7,0.91,21.79,17.75,0.15
621520,0.4,0.93,21.79,17.76,0.23
621530,0.38,0.92,21.79,17.76,0.23
621650,0.57,0.89,21.8,17.76,0.29
621710,0.5,0.9,21.8,17.76,0.17
621880,0.69,0.9,21.8,17.76,0.19
621900,0.51,0.9,21.8,17.76,0.14
621910,0.55,0.89,21.8,17.76,0.14
622040,0.33,0.89,21.8,17.77,0.15
622080,0.36,0.89,21.8,17.77,0.24
622110,0.35,0.88,21.8,17.77,0.24
622210,0.68,0.93,21.81,17.77,0.15
622350,0.67,0.93,21.81,17.77,0.1
622370,0.61,0.92,21.81,17.77,0.1
622800,0.49,0.91,21.82,17.78,0.14
622810,0.56,0.89,21.82,17.78,0.14
623110,0.61,0.92,21.83,17.78,0.19
623140,0.55,0.93,21.83,17.78,0.19
623320,0.51,0.96,21.83,17.79,0.24
623510,0.56,0.93,21.84,17.79,0.25
623570,0.42,0.9,21.84,17.79,0.19
623640,0.41,0.89,21.84,17.79,0.11
623680,0.37,0.89,21.84,17.79,0.11
623690,0.4,0.89,21.84,17.79,0.11
623710,0.48,0.89,21.84,17.79,0.15
623810,0.35,0.9,21.84,17.8,0.12
623890,0.49,0.89,21.84,17.8,0.19
623900,0.41,0.88,21.84,17.8,0.19
623910,0.37,0.88,21.84,17.8,0.19
623980,0.58,0.86,21.84,17.8,0.24
624020,0.35,0.86,21.84,17.8,0.19
624030,0.36,0.86,21.84,17.8,0.19
624040,0.39,0.86,21.84,17.8,0.19
624150,0.35,0.86,21.85,17.8,0.19
624430,0.55,0.88,21.85,17.8,0.13
624670,0.54,0.9,21.86,17.81,0.35
624700,0.7,0.9,21.86,17.81,0.35
624710,0.48,0.89,21.86,17.81,0.35
624740,0.39,0.88,21.86,17.81,0.21
624810,0.42,0.92,21.86,17.81,0.19
624880,0.49,0.9,21.87,17.81,0.19
624910,0.52,0.9,21.87,17.81,0.24
624920,0.42,0.89,21.87,17.81,0.24
624930,0.43,0.89,21.87,17.81,0.24
625230,0.58,0.9,21.88,17.82,0.24
625250,0.57,0.9,21.88,17.82,0.24
625570,0.56,0.92,21.89,17.83,0.24
625640,0.53,0.9,21.89,17.83,0.25
625740,0.58,0.93,21.89,17.83,0.18
625760,0.67,0.92,21.89,17.83,0.18
625870,0.56,0.92,21.89,17.83,0.15
625970,0.62,0.91,21.9,17.83,0.24
626110,0.82,0.95,21.9,17.84,0.18
626400,0.82,0.94,21.92,17.84,0.19
626410,0.81,0.94,21.92,17.84,0.19
626470,0.79,0.95,21.92,17.84,0.15
626540,0.77,0.97,21.92,17.84,0.1
626690,0.64,0.96,21.93,17.84,-0.01
626720,0.65,0.96,21.93,17.85,0.11
626730,0.6,0.95,21.93,17.85,0.11
626860,0.57,0.91,21.93,17.85,0.13
626870,0.54,0.91,21.94,17.85,0.13
626880,0.5,0.9,21.94,17.85,0.1
626900,0.49,0.9,21.94,17.85,0.1
626920,0.51,0.9,21.94,17.85,0.1
627030,0.56,0.91,21.94,17.85,0.12
627130,0.53,0.92,21.94,17.85,0.19
627550,0.52,0.94,21.95,17.86,0.11
627660,0.56,0.91,21.96,17.86,0.14
627750,0.51,0.89,21.96,17.86,0.13
627900,0.59,0.95,21.96,17.87,0.08
627990,0.57,0.97,21.97,17.87,0.13
628030,0.59,0.96,21.97,17.87,0.17
628070,0.6,0.97,21.97,17.87,0.17
628190,0.53,0.88,21.97,17.87,0.14
628260,0.63,0.89,21.97,17.88,0.09
628300,0.56,0.89,21.98,17.88,0.09
628410,0.6,0.89,21.98,17.88,0.08
628490,0.58,0.87,21.98,17.88,0.12
628570,0.56,0.87,21.98,17.88,0.08
628630,0.68,0.87,21.98,17.88,0.23
628740,0.64,0.89,21.99,17.89,0.14
628760,0.6,0.9,21.99,17.89,0.14
628880,0.59,0.91,21.99,17.89,0.18
629060,0.61,0.93,22.0,17.89,0.1
629160,0.51,0.91,22.0,17.9,0.16
629250,0.45,0.86,22.0,17.9,0.06
629420,0.47,0.9,22.01,17.9,0.16
629530,0.65,0.9,22.01,17.9,0.1
629700,0.45,0.89,22.02,17.91,0.09
630040,0.56,0.9,22.03,17.91,0.11
630060,0.51,0.89,22.03,17.91,0.21
630090,0.51,0.9,22.03,17.91,0.21
630190,0.52,0.9,22.03,17.91,0.27
630280,0.58,0.9,22.03,17.92,0.22
630420,0.61,0.92,22.04,17.92,0.18
630500,0.54,0.9,22.04,17.92,0.14
630510,0.5,0.9,22.04,17.92,0.14
630610,0.5,0.89,22.05,17.92,0.23
630620,0.52,0.89,22.05,17.92,0.23
630690,0.51,0.88,22.05,17.93,0.18
630770,0.57,0.89,22.05,17.93,0.14
630840,0.5,0.92,22.05,17.93,0.15
630900,0.55,0.93,22.06,17.93,0.14
630950,0.57,0.91,22.06,17.93,0.14
631130,0.72,0.94,22.06,17.94,0.24
631150,0.56,0.92,22.06,17.94,0.2
631270,0.75,0.96,22.07,17.94,0.18
631350,0.58,0.91,22.07,17.94,0.28
631450,0.61,0.89,22.07,17.95,0.11
631600,0.63,0.95,22.08,17.95,0.22
631610,0.65,0.94,22.08,17.95,0.22
631930,0.56,0.9,22.09,17.97,0.05
632070,0.64,0.88,22.1,17.98,0.15
632290,0.74,0.86,22.11,17.98,0.15
632410,0.74,0.85,22.11,17.99,0.08
632490,0.6,0.86,22.12,17.99,0.06
632650,0.53,0.87,22.12,18.0,0.07
632890,0.57,0.89,22.13,18.01,0.04
632980,0.45,0.9,22.13,18.01,0.04
633000,0.42,0.89,22.14,18.01,0.06
633170,0.52,0.9,22.14,18.02,0.11
633180,0.51,0.88,22.14,18.02,0.08
633370,0.55,0.86,22.14,18.02,0.22
633430,0.56,0.86,22.15,18.02,0.09
633750,0.63,0.89,22.16,18.03,0.1
633800,0.56,0.9,22.16,18.03,0.11
633890,0.61,0.88,22.16,18.03,0.12
633900,0.6,0.89,22.16,18.03,0.2
633940,0.59,0.9,22.16,18.03,0.2
634010,0.53,0.87,22.16,18.04,0.22
634080,0.56,0.87,22.16,18.04,0.19
634130,0.7,0.88,22.17,18.04,0.19
634210,0.58,0.85,22.17,18.04,0.11
634240,0.5,0.86,22.17,18.04,0.11
634290,0.55,0.88,22.17,18.04,0.14
634310,0.57,0.87,22.17,18.04,0.14
634330,0.55,0.88,22.17,18.04,0.19
634440,0.5,0.89,22.17,18.05,0.18
634450,0.51,0.89,22.17,18.05,0.18
634460,0.47,0.89,22.17,18.05,0.18
634520,0.54,0.89,22.18,18.05,0.1
634570,0.6,0.9,22.18,18.05,0.08
634600,0.54,0.87,22.18,18.05,0.08
634730,0.58,0.86,22.18,18.05,0.1
634920,0.51,0.86,22.18,18.06,0.09
634940,0.49,0.85,22.18,18.06,0.09
635020,0.54,0.87,22.19,18.06,0.07
635050,0.55,0.86,22.19,18.06,0.1
635230,0.53,0.87,22.19,18.06,0.13
635390,0.54,0.89,22.2,18.07,0.09
635420,0.53,0.9,22.2,18.07,0.06
635690,0.4,0.86,22.2,18.07,0.13
635990,0.54,0.88,22.21,18.08,0.13
636060,0.46,0.9,22.21,18.08,0.11
636220,0.52,0.86,22.21,18.08,0.11
636260,0.53,0.87,22.22,18.09,0.06
636270,0.53,0.87,22.22,18.09,0.06
636360,0.56,0.87,22.22,18.09,0.09
636420,0.44,0.86,22.22,18.09,0.06
636590,0.46,0.87,22.22,18.09,0.07
636610,0.5,0.88,22.22,18.09,0.1
636810,0.53,0.86,22.23,18.1,0.09
636910,0.48,0.88,22.23,18.1,0.05
637080,0.41,0.87,22.23,18.1,0.05
637270,0.7,0.93,22.24,18.11,0.07
637660,0.52,0.88,22.25,18.12,0.09
637800,0.53,0.89,22.26,18.12,0.14
637820,0.52,0.88,22.26,18.12,0.14
637940,0.52,0.88,22.26,18.12,0.18
638020,0.53,0.9,22.26,18.13,0.14
638120,0.6,0.94,22.27,18.13,0.16
638190,0.58,0.9,22.27,18.13,0.16
638230,0.52,0.89,22.27,18.13,0.1
638270,0.49,0.9,22.27,18.13,0.1
638310,0.48,0.92,22.27,18.13,0.06
638350,0.56,0.9,22.27,18.13,0.07
638420,0.53,0.89,22.27,18.13,0.09
638640,0.69,0.9,22.28,18.14,0.1
638680,0.7,0.91,22.28,18.14,0.1
638700,0.54,0.9,22.28,18.14,0.15
638830,0.61,0.91,22.28,18.14,0.12
638860,0.71,0.94,22.28,18.14,0.12
638910,0.62,0.92,22.28,18.14,0.09
638960,0.6,0.9,22.28,18.15,0.1
638980,0.58,0.89,22.28,18.15,0.1
639080,0.54,0.89,22.29,18.15,0.07
639120,0.49,0.89,22.29,18.15,0.07
639190,0.48,0.9,22.29,18.15,0.09
639300,0.48,0.9,22.29,18.15,0.05
639400,0.54,0.91,22.29,18.15,0.06
639500,0.5,0.9,22.3,18.15,0.05
639520,0.52,0.91,22.3,18.15,0.05
639540,0.5,0.9,22.3,18.16,0.05
639600,0.63,0.93,22.3,18.16,0.08
639720,0.52,0.96,22.3,18.16,0.09
639790,0.48,0.97,22.3,18.16,0.07
639810,0.45,0.97,22.3,18.16,0.07
639920,0.5,0.93,22.3,18.16,0.05
639970,0.49,0.94,22.31,18.16,0.06
640010,0.47,0.94,22.31,18.16,0.06
640120,0.46,0.92,22.31,18.17,0.06
640260,0.57,0.9,22.31,18.17,0.09
640280,0.54,0.9,22.31,18.17,0.09
640400,0.54,0.89,22.31,18.17,0.12
640620,0.5,0.9,22.32,18.17,0.07
640730,0.44,0.93,22.32,18.18,0.07
640760,0.42,0.93,22.32,18.18,0.04
640850,0.47,0.88,22.32,18.18,0.05
640880,0.49,0.9,22.32,18.18,0.07
640920,0.6,0.91,22.32,18.18,0.06
641240,0.63,0.93,22.33,18.19,0.1
641270,0.61,0.93,22.33,18.19,0.1
641440,0.59,0.91,22.34,18.19,0.1
641500,0.59,0.91,22.34,18.19,0.08
641550,0.57,0.9,22.34,18.19,0.09
641560,0.61,0.91,22.34,18.19,0.09
641600,0.61,0.9,22.34,18.19,0.14
641630,0.57,0.89,22.34,18.19,0.14
641950,0.57,0.91,22.35,18.2,0.06
642160,0.66,0.91,22.35,18.2,0.16
642270,0.54,0.9,22.36,18.21,0.13
642300,0.56,0.91,22.36,18.21,0.1
642440,0.61,0.92,22.36,18.21,0.11
642540,0.65,0.91,22.36,18.21,0.14
642560,0.67,0.93,22.36,18.21,0.14
642570,0.68,0.93,22.36,18.21,0.14
643000,0.56,0.94,22.37,18.22,0.12
643090,0.51,0.93,22.37,18.22,0.57
643100,0.49,0.93,22.37,18.22,0.57
643210,0.46,0.93,22.38,18.23,0.11
643320,0.49,0.95,22.38,18.23,0.08
643370,0.42,0.94,22.38,18.23,0.08
643390,0.58,0.94,22.38,18.23,0.08
643400,0.64,0.95,22.38,18.23,0.08
643530,0.73,0.96,22.38,18.23,0.1
643650,0.5,0.95,22.39,18.24,0.12
643660,0.5,0.94,22.39,18.24,0.12
643840,0.55,0.93,22.39,18.24,0.09
643850,0.55,0.94,22.39,18.24,0.09
643970,0.51,0.93,22.39,18.24,0.11
643980,0.55,0.93,22.39,18.24,0.07
644150,0.63,0.94,22.4,18.25,0.06
644200,0.69,0.95,22.4,18.25,0.1
644230,0.65,0.91,22.4,18.25,0.19
644270,0.56,0.89,22.4,18.25,0.19
644310,0.58,0.88,22.4,18.25,0.12
644350,0.57,0.89,22.4,18.25,0.06
644470,0.63,0.9,22.41,18.25,0.17
644530,0.59,0.9,22.41,18.26,0.2
644560,0.63,0.9,22.41,18.26,0.2
644620,0.68,0.91,22.41,18.26,0.1
644650,0.67,0.9,22.41,18.26,0.11
644770,0.72,0.92,22.41,18.26,0.15
644820,0.63,0.91,22.42,18.27,0.18
645140,0.58,0.88,22.42,18.27,0.09
645180,0.58,0.87,22.43,18.28,0.09
645240,0.59,0.88,22.43,18.28,0.06
645550,0.63,0.89,22.43,18.28,0.07
645580,0.61,0.89,22.44,18.28,0.07
645610,0.65,0.89,22.44,18.28,0.07
645870,0.63,0.89,22.44,18.29,0.06
646300,0.6,0.91,22.45,18.3,0.17
646400,0.57,0.9,22.46,18.3,0.21
646750,0.56,0.9,22.46,18.31,0.16
646760,0.52,0.9,22.46,18.31,0.16
646870,0.55,0.91,22.47,18.31,0.11
646930,0.51,0.89,22.47,18.31,0.12
646970,0.52,0.9,22.47,18.31,0.12
647140,0.72,0.92,22.47,18.32,0.12
647320,0.67,0.96,22.48,18.32,0.1
647450,0.64,0.96,22.48,18.32,0.07
647490,0.64,0.96,22.48,18.33,0.09
647530,0.63,0.95,22.48,18.33,0.15
647720,0.51,0.9,22.49,18.33,0.12
647810,0.51,0.9,22.49,18.33,0.1
647820,0.49,0.89,22.49,18.33,0.06
647900,0.55,0.91,22.49,18.33,0.05
647920,0.5,0.91,22.49,18.33,0.05
647960,0.62,0.92,22.49,18.34,0.09
647990,0.6,0.91,22.49,18.34,0.09
648010,0.68,0.91,22.49,18.34,0.1
648100,0.66,0.91,22.49,18.34,0.09
648190,0.6,0.91,22.49,18.34,0.09
648270,0.52,0.91,22.5,18.34,0.09
648660,0.5,0.91,22.51,18.35,0.14
648690,0.51,0.91,22.51,18.35,0.14
648760,0.5,0.91,22.51,18.35,0.15
648780,0.45,0.92,22.51,18.35,0.08
648840,0.53,0.93,22.51,18.35,0.1
648850,0.49,0.93,22.51,18.35,0.1
649100,0.44,0.93,22.52,18.36,0.14
649210,0.44,0.92,22.52,18.36,0.12
649410,0.45,0.92,22.52,18.36,0.06
649660,0.43,0.92,22.52,18.37,0.16
649690,0.43,0.92,22.52,18.37,0.09
649800,0.39,0.92,22.53,18.37,0.07
649830,0.44,0.92,22.53,18.37,0.07
649890,0.56,0.92,22.53,18.37,0.06
649920,0.47,0.92,22.53,18.37,0.12
650000,0.43,0.92,22.53,18.37,0.12
650010,0.41,0.92,22.53,18.37,0.12
650040,0.38,0.91,22.53,18.37,0.05
650240,0.44,0.92,22.53,18.37,0.08
650250,0.41,0.92,22.53,18.37,0.08
650270,0.46,0.91,22.53,18.38,0.08
650360,0.53,0.92,22.53,18.38,0.16
650630,0.42,0.92,22.54,18.38,0.05
650860,0.4,0.93,22.54,18.38,0.1
650940,0.38,0.91,22.54,18.39,0.04
650950,0.39,0.91,22.54,18.39,0.04
651090,0.41,0.91,22.55,18.39,0.05
651170,0.45,0.91,22.55,18.39,0.06
651190,0.44,0.91,22.55,18.39,0.11
651370,0.54,0.92,22.55,18.39,0.06
651490,0.4,0.91,22.55,18.39,0.08
651620,0.37,0.9,22.56,18.4,0.07
651690,0.38,0.91,22.56,18.4,0.04
651780,0.42,0.92,22.56,18.4,0.04
652030,0.41,0.91,22.56,18.4,0.1
652200,0.4,0.93,22.56,18.4,0.05
652390,0.66,0.91,22.57,18.41,0.07
652430,0.59,0.93,22.57,18.41,0.07
652440,0.56,0.93,22.57,18.41,0.06
652550,0.51,0.92,22.57,18.41,0.05
652620,0.4,0.92,22.57,18.41,0.07
652800,0.37,0.91,22.57,18.42,0.07
652820,0.48,0.92,22.58,18.42,0.07
652910,0.43,0.92,22.58,18.42,0.07
653260,0.44,0.9,22.58,18.43,0.08
653290,0.41,0.9,22.58,18.43,0.06
653300,0.39,0.9,22.58,18.43,0.06
653320,0.4,0.9,22.58,18.43,0.06
653380,0.39,0.9,22.58,18.43,0.06
653400,0.45,0.91,22.59,18.43,0.05
653540,0.38,0.9,22.59,18.43,0.05
653630,0.38,0.91,22.59,18.43,0.04
653840,0.46,0.91,22.59,18.44,0.08
654240,0.49,0.96,22.6,18.44,0.08
654270,0.48,0.95,22.6,18.44,0.08
654290,0.49,0.94,22.6,18.45,0.08
654340,0.44,0.92,22.6,18.45,0.07
654370,0.36,0.93,22.6,18.45,0.1
654640,0.4,0.97,22.61,18.45,0.04
654650,0.41,0.97,22.61,18.45,0.04
654730,0.41,0.94,22.61,18.45,0.07
655000,0.48,0.96,22.61,18.46,0.06
655020,0.48,0.97,22.61,18.46,0.06
655030,0.5,0.97,22.61,18.46,0.06
655110,0.36,0.93,22.61,18.46,0.07
655160,0.38,0.93,22.61,18.46,0.05
655240,0.35,0.93,22.62,18.46,0.04
655460,0.33,0.93,22.62,18.46,0.05
655480,0.32,0.93,22.62,18.47,0.05
655540,0.48,0.96,22.62,18.47,0.03
655650,0.36,0.94,22.62,18.47,0.14
655720,0.38,0.95,22.62,18.47,0.08
655760,0.44,0.94,22.62,18.47,0.06
655790,0.39,0.94,22.62,18.47,0.06
655800,0.42,0.93,22.62,18.47,0.05
655820,0.32,0.93,22.62,18.47,0.05
655890,0.29,0.93,22.63,18.47,0.04
655910,0.3,0.92,22.63,18.47,0.04
655980,0.41,0.93,22.63,18.48,0.04
656120,0.5,0.93,22.63,18.48,0.05
656130,0.46,0.93,22.63,18.48,0.05
656330,0.32,0.94,22.63,18.48,0.11
656410,0.43,0.93,22.63,18.48,0.14
656480,0.4,0.92,22.63,18.48,0.05
656770,0.41,0.94,22.64,18.49,0.08
656840,0.5,0.94,22.64,18.49,0.05
656860,0.42,0.94,22.64,18.49,0.05
657030,0.38,0.95,22.64,18.5,0.05
657080,0.48,0.95,22.64,18.5,0.05
657160,0.41,0.94,22.64,18.5,0.09
657210,0.44,0.95,22.65,18.5,0.1
657240,0.36,0.94,22.65,18.5,0.07
657260,0.39,0.95,22.65,18.5,0.07
657440,0.5,0.94,22.65,18.51,0.1
657450,0.47,0.95,22.65,18.51,0.1
657510,0.57,0.95,22.65,18.51,0.13
657570,0.41,0.96,22.65,18.51,0.07
657590,0.4,0.95,22.65,18.51,0.07
657600,0.38,0.95,22.65,18.51,0.06
657780,0.54,0.95,22.66,18.51,0.1
657820,0.49,0.97,22.66,18.51,0.1
657910,0.43,0.92,22.66,18.52,0.08
658140,0.41,0.97,22.66,18.52,0.04
658260,0.44,0.95,22.67,18.52,0.07
658290,0.46,0.95,22.67,18.52,0.07
658360,0.44,0.95,22.67,18.53,0.05
658400,0.48,0.95,22.67,18.53,0.04
658480,0.57,0.96,22.67,18.53,0.04
658800,0.49,0.91,22.67,18.53,0.08
658810,0.5,0.91,22.67,18.53,0.08
658830,0.5,0.91,22.68,18.53,0.08
658960,0.51,0.92,22.68,18.54,0.05
659090,0.54,0.93,22.68,18.54,0.05
659270,0.47,0.93,22.68,18.54,0.08
659340,0.53,0.95,22.68,18.54,0.07
659440,0.52,0.95,22.68,18.54,0.06
659470,0.4,0.95,22.69,18.55,0.06
659550,0.43,0.93,22.69,18.55,0.07
659630,0.35,0.93,22.69,18.55,0.1
659680,0.32,0.87,22.69,18.55,0.07
659690,0.3,0.87,22.69,18.55,0.07
659710,0.35,0.87,22.69,18.55,0.06
659750,0.33,0.87,22.69,18.55,0.06
659810,0.37,0.87,22.69,18.55,0.08
659840,0.39,0.88,22.69,18.55,0.06
659890,0.43,0.89,22.69,18.55,0.08
660270,0.37,0.89,22.7,18.56,0.09
660290,0.39,0.88,22.7,18.56,0.09
660360,0.41,0.88,22.7,18.56,0.09
660530,0.38,0.9,22.71,18.56,0.07
660540,0.38,0.9,22.71,18.56,0.12
660710,0.43,0.9,22.71,18.57,0.08
660790,0.39,0.89,22.71,18.57,0.08
660880,0.36,0.9,22.71,18.57,0.06
660890,0.36,0.91,22.71,18.57,0.06
661010,0.53,0.91,22.71,18.57,0.05
661110,0.47,0.92,22.72,18.57,0.07
661390,0.35,0.91,22.72,18.58,0.04
661420,0.33,0.9,22.72,18.58,0.04
661580,0.3,0.88,22.73,18.58,0.06
661740,0.41,0.89,22.73,18.59,0.05
661780,0.45,0.88,22.73,18.59,0.05
661920,0.3,0.88,22.73,18.59,0.06
662090,0.33,0.91,22.73,18.59,0.04
662150,0.31,0.91,22.74,18.59,0.05
662210,0.34,0.89,22.74,18.59,0.1
662260,0.39,0.9,22.74,18.59,0.07
662350,0.57,0.88,22.74,18.6,0.08
662420,0.48,0.9,22.74,18.6,0.08
662530,0.66,0.93,22.74,18.6,0.11
662580,0.5,0.92,22.74,18.6,0.13
662680,0.37,0.9,22.74,18.6,0.13
662730,0.5,0.91,22.75,18.6,0.07
662760,0.58,0.94,22.75,18.6,0.09
662920,0.46,0.89,22.75,18.61,0.31
662960,0.41,0.89,22.75,18.61,0.38
662980,0.42,0.89,22.75,18.61,0.38
663010,0.39,0.89,22.75,18.61,0.12
663030,0.35,0.9,22.75,18.61,0.12
663070,0.41,0.9,22.75,18.61,0.29
663220,0.62,0.92,22.76,18.61,0.08
663230,0.58,0.92,22.76,18.61,0.08
663350,0.42,0.9,22.76,18.61,0.13
663380,0.44,0.91,22.76,18.62,0.09
663420,0.38,0.89,22.76,18.62,0.08
663570,0.33,0.89,22.76,18.62,0.05
663590,0.32,0.89,22.76,18.62,0.05
663660,0.28,0.89,22.77,18.62,0.04
663680,0.3,0.89,22.77,18.62,0.04
663700,0.33,0.89,22.77,18.62,0.04
663750,0.34,0.89,22.77,18.62,0.06
663800,0.33,0.89,22.77,18.62,0.1
663830,0.36,0.89,22.77,18.62,0.1
663900,0.36,0.9,22.77,18.62,0.08
664170,0.33,0.89,22.77,18.63,0.06
664180,0.33,0.89,22.77,18.63,0.06
664480,0.33,0.91,22.78,18.63,0.07
664570,0.34,0.91,22.78,18.63,0.1
664700,0.4,0.92,22.78,18.64,0.07
664770,0.37,0.93,22.78,18.64,0.07
664840,0.37,0.92,22.79,18.64,0.08
664890,0.34,0.91,22.79,18.64,0.07
664970,0.39,0.91,22.79,18.64,0.06
665150,0.42,0.91,22.79,18.64,0.08
665420,0.49,0.91,22.8,18.65,0.09
665540,0.31,0.9,22.8,18.65,0.12
665590,0.29,0.89,22.8,18.65,0.09
665780,0.29,0.89,22.8,18.65,0.03
665790,0.34,0.89,22.8,18.65,0.03
665820,0.35,0.9,22.8,18.65,0.08
665910,0.57,0.9,22.81,18.65,0.06
665920,0.53,0.9,22.81,18.65,0.06
666040,0.42,0.9,22.81,18.66,0.07
666080,0.36,0.91,22.81,18.66,0.12
666200,0.52,0.93,22.81,18.66,0.09
666300,0.53,0.95,22.81,18.66,0.18
666320,0.53,0.95,22.81,18.66,0.18
666420,0.39,0.91,22.82,18.66,0.11
666620,0.42,0.91,22.82,18.67,0.13
666690,0.43,0.93,22.82,18.67,0.12
666860,0.46,0.92,22.83,18.67,0.12
666910,0.52,0.93,22.83,18.67,0.65
667010,0.5,0.95,22.83,18.67,0.14
667160,0.41,0.95,22.83,18.68,0.14
667220,0.58,0.95,22.84,18.68,0.1
667390,0.34,0.92,22.84,18.68,0.1
667490,0.37,0.94,22.84,18.68,0.16
667500,0.39,0.95,22.84,18.68,0.09
667580,0.42,0.96,22.84,18.68,0.07
667610,0.54,0.97,22.84,18.68,0.07
667650,0.5,0.96,22.84,18.68,0.11
667660,0.47,0.96,22.84,18.68,0.11
667720,0.46,0.95,22.84,18.68,0.06
667840,0.44,0.94,22.85,18.68,0.1
667930,0.39,0.94,22.85,18.69,0.1
667940,0.37,0.95,22.85,18.69,0.1
668130,0.38,0.95,22.85,18.69,0.1
668220,0.52,0.97,22.85,18.69,0.13
668280,0.47,0.97,22.86,18.69,0.1
668360,0.51,0.94,22.86,18.69,0.17
668370,0.52,0.95,22.86,18.69,0.17
668450,0.49,0.95,22.86,18.69,0.24
668480,0.56,0.95,22.86,18.69,0.15
668570,0.41,0.93,22.86,18.7,0.11
668730,0.41,0.94,22.87,18.7,0.07
668780,0.41,0.95,22.87,18.7,0.1
669050,0.52,0.94,22.87,18.7,0.08
669180,0.35,0.94,22.87,18.71,0.09
669370,0.41,0.94,22.88,18.71,0.1
669380,0.41,0.94,22.88,18.71,0.1
669400,0.4,0.95,22.88,18.71,0.1
669550,0.46,0.95,22.88,18.71,0.06
669700,0.49,0.94,22.88,18.71,0.08
669770,0.43,0.94,22.89,18.72,0.08
669830,0.48,0.93,22.89,18.72,0.07
670040,0.43,0.94,22.89,18.72,0.09
670110,0.47,0.95,22.89,18.72,0.12
670120,0.44,0.95,22.89,18.72,0.12
670240,0.44,0.94,22.9,18.73,0.11
670270,0.42,0.93,22.9,18.73,0.11
670350,0.44,0.92,22.9,18.73,0.14
670430,0.45,0.91,22.9,18.73,0.1
670620,0.41,0.92,22.91,18.73,0.1
670710,0.45,0.94,22.91,18.73,0.08
670770,0.5,0.94,22.91,18.74,0.1
670860,0.46,0.94,22.91,18.74,0.09
670990,0.41,0.95,22.92,18.74,0.05
671160,0.42,0.96,22.92,18.75,0.11
671220,0.44,0.97,22.92,18.75,0.09
671300,0.52,0.96,22.92,18.75,0.1
671450,0.71,0.97,22.93,18.75,0.08
671510,0.63,0.95,22.93,18.76,0.11
671650,0.62,0.93,22.93,18.76,0.15
671700,0.62,0.94,22.93,18.76,0.13
671750,0.6,0.95,22.93,18.76,0.13
671850,0.53,0.97,22.94,18.76,0.14
671860,0.5,0.97,22.94,18.76,0.14
672050,0.53,0.96,22.94,18.77,0.15
672080,0.53,0.97,22.94,18.77,0.11
672110,0.54,0.95,22.94,18.77,0.11
672190,0.55,0.94,22.95,18.77,0.1
672330,0.45,0.94,22.95,18.77,0.08
672490,0.47,0.97,22.95,18.77,0.17
672510,0.5,0.97,22.95,18.77,0.17
672590,0.43,0.94,22.95,18.78,0.16
672640,0.45,0.94,22.95,18.78,0.11
672660,0.45,0.94,22.95,18.78,0.11
672770,0.42,0.95,22.96,18.78,0.08
672880,0.34,0.93,22.96,18.78,0.12
672990,0.55,0.92,22.96,18.78,0.1
673150,0.47,0.94,22.96,18.78,0.1
673330,0.57,0.96,22.97,18.79,0.15
673340,0.58,0.96,22.97,18.79,0.15
673470,0.46,0.94,22.97,18.79,0.13
673580,0.44,0.96,22.97,18.79,0.09
673600,0.45,0.97,22.97,18.79,0.09
673640,0.42,0.95,22.97,18.79,0.1
673660,0.37,0.94,22.97,18.79,0.1
673690,0.42,0.94,22.97,18.79,0.09
673700,0.42,0.94,22.97,18.79,0.09
673760,0.45,0.94,22.97,18.79,0.11
673770,0.44,0.94,22.97,18.79,0.11
673910,0.45,0.96,22.98,18.8,0.14
673940,0.43,0.95,22.98,18.8,0.14
673970,0.44,0.95,22.98,18.8,0.14
674020,0.4,0.95,22.98,18.8,0.09
674220,0.62,0.95,22.98,18.8,0.13
674270,0.39,0.95,22.98,18.8,0.13
674540,0.51,0.97,22.99,18.81,0.12
674600,0.48,0.96,22.99,18.81,0.07
674640,0.44,0.95,22.99,18.81,0.08
674770,0.38,0.95,22.99,18.81,0.06
674810,0.38,0.94,23.0,18.81,0.06
674840,0.35,0.94,23.0,18.81,0.07
674950,0.38,0.95,23.0,18.81,0.07
675100,0.39,0.94,23.0,18.81,0.07
675560,0.42,0.96,23.01,18.82,0.81
675820,0.45,0.96,23.02,18.83,0.1
675950,0.41,0.94,23.02,18.83,0.72
676110,0.7,0.97,23.02,18.83,0.12
676170,0.64,0.95,23.02,18.83,0.07
676410,0.43,0.94,23.03,18.84,0.09
676450,0.4,0.92,23.03,18.84,0.1
676460,0.39,0.93,23.03,18.84,0.1
676620,0.42,0.94,23.04,18.84,0.07
676670,0.34,0.93,23.04,18.84,0.07
676700,0.36,0.94,23.04,18.84,0.08
676770,0.37,0.93,23.04,18.84,0.11
676780,0.38,0.93,23.04,18.84,0.11
676850,0.36,0.93,23.04,18.84,0.08
676860,0.38,0.93,23.04,18.84,0.1
676960,0.46,0.94,23.04,18.85,0.07
677110,0.36,0.92,23.05,18.85,0.06
677150,0.35,0.92,23.05,18.85,0.06
677180,0.36,0.92,23.05,18.85,0.07
677210,0.43,0.93,23.05,18.85,0.07
677230,0.41,0.93,23.05,18.85,0.06
677250,0.42,0.94,23.05,18.85,0.06
677480,0.42,0.94,23.05,18.85,0.08
677590,0.5,0.93,23.06,18.85,0.09
677720,0.38,0.94,23.06,18.86,0.05
677810,0.4,0.96,23.06,18.86,0.05
677850,0.39,0.96,23.06,18.86,0.08
678000,0.33,0.94,23.06,18.86,0.05
678080,0.42,0.94,23.07,18.86,0.09
678230,0.38,0.95,23.07,18.86,0.14
678340,0.44,0.96,23.07,18.87,0.05
678370,0.41,0.96,23.07,18.87,0.1
678510,0.37,0.95,23.08,18.87,0.13
678540,0.34,0.96,23.08,18.87,0.13
678640,0.36,0.96,23.08,18.87,0.11
678710,0.43,0.96,23.08,18.87,0.11
678860,0.4,0.95,23.08,18.88,0.08
678990,0.43,0.97,23.09,18.88,0.1
679070,0.48,0.95,23.09,18.88,0.11
679230,0.45,0.97,23.09,18.88,0.09
679260,0.44,0.97,23.09,18.88,0.11
679310,0.46,0.96,23.09,18.88,0.11
679330,0.48,0.94,23.09,18.89,0.12
679390,0.53,0.93,23.09,18.89,0.12
679400,0.48,0.94,23.1,18.89,0.12
679450,0.58,0.93,23.1,18.89,0.11
679520,0.48,0.93,23.1,18.89,0.08
679570,0.5,0.94,23.1,18.89,0.08
679620,0.36,0.94,23.1,18.89,0.1
679850,0.46,0.96,23.1,18.9,0.13
679990,0.37,0.94,23.11,18.9,0.13
680060,0.4,0.94,23.11,18.9,0.07
680080,0.39,0.93,23.11,18.9,0.07
680280,0.43,0.96,23.11,18.9,0.14
680290,0.47,0.95,23.12,18.9,0.14
680310,0.47,0.94,23.12,18.91,0.14
680430,0.41,0.93,23.12,18.91,0.1
680440,0.4,0.93,23.12,18.91,0.1
680510,0.37,0.93,23.12,18.91,0.07
680550,0.41,0.95,23.12,18.91,0.06
680620,0.39,0.93,23.12,18.91,0.06
681010,0.4,0.93,23.13,18.92,0.06
681220,0.44,0.95,23.13,18.92,0.09
681270,0.38,0.94,23.13,18.92,0.09
681370,0.42,0.93,23.14,18.92,0.07
681570,0.52,0.94,23.14,18.93,0.08
681640,0.58,0.96,23.14,18.93,0.14
681720,0.59,0.96,23.14,18.93,0.16
681830,0.38,0.94,23.14,18.93,0.1
681850,0.38,0.94,23.14,18.93,0.08
681880,0.34,0.94,23.14,18.93,0.08
682140,0.43,0.94,23.15,18.94,0.1
682170,0.34,0.94,23.15,18.94,0.1
682430,0.45,0.94,23.16,18.94,0.14
682460,0.48,0.94,23.16,18.94,0.07
682470,0.47,0.95,23.16,18.94,0.07
682650,0.51,0.96,23.16,18.95,0.07
682690,0.54,0.97,23.16,18.95,0.06
682830,0.49,0.94,23.16,18.95,0.1
683070,0.41,0.91,23.17,18.96,0.08
683180,0.47,0.92,23.17,18.96,0.06
683410,0.47,0.9,23.18,18.96,0.22
683460,0.43,0.91,23.18,18.96,0.1
683520,0.46,0.9,23.18,18.97,0.05
683580,0.39,0.9,23.18,18.97,0.05
683640,0.45,0.91,23.18,18.97,0.08
683650,0.37,0.91,23.18,18.97,0.08
683760,0.33,0.91,23.19,18.97,0.06
684140,0.56,0.97,23.19,18.98,0.18
684240,0.52,0.96,23.2,18.98,0.05
684280,0.51,0.95,23.2,18.98,0.05
684520,0.47,0.88,23.2,18.98,0.13
684540,0.39,0.88,23.2,18.99,0.09
684590,0.4,0.88,23.2,18.99,0.09
684650,0.4,0.88,23.21,18.99,0.05
684880,0.41,0.86,23.21,18.99,0.06
684950,0.39,0.86,23.21,18.99,0.1
684970,0.47,0.87,23.21,18.99,0.07
685030,0.46,0.88,23.21,18.99,0.1
685040,0.49,0.89,23.21,18.99,0.1
685050,0.56,0.89,23.21,18.99,0.1
685250,0.44,0.88,23.22,19.0,0.05
685300,0.42,0.88,23.22,19.0,0.06
685570,0.38,0.88,23.23,19.01,0.1
685620,0.38,0.88,23.23,19.01,0.06
685770,0.32,0.87,23.23,19.01,0.05
685790,0.34,0.87,23.23,19.01,0.05
685810,0.4,0.88,23.23,19.01,0.05
685900,0.34,0.86,23.23,19.01,0.05
685950,0.3,0.86,23.23,19.01,0.09
686150,0.43,0.88,23.24,19.02,0.04
686160,0.42,0.88,23.24,19.02,0.04
686190,0.41,0.89,23.24,19.02,0.04
686290,0.41,0.9,23.24,19.02,0.09
686360,0.34,0.89,23.24,19.02,0.09
686440,0.35,0.88,23.24,19.02,0.11
686530,0.3,0.87,23.24,19.02,0.09
686630,0.26,0.88,23.25,19.03,0.03
686800,0.48,0.87,23.25,19.03,0.06
686940,0.31,0.87,23.25,19.03,0.07
686990,0.29,0.88,23.25,19.03,0.07
687020,0.3,0.88,23.25,19.03,0.05
687060,0.31,0.88,23.25,19.03,0.04
687090,0.28,0.87,23.25,19.03,0.04
687120,0.27,0.86,23.25,19.03,0.06
687140,0.31,0.87,23.25,19.03,0.06
687270,0.31,0.87,23.25,19.04,0.05
687300,0.32,0.88,23.25,19.04,0.1
687330,0.35,0.88,23.26,19.04,0.1
687600,0.31,0.88,23.26,19.04,0.03
687630,0.36,0.89,23.26,19.04,0.03
687770,0.36,0.89,23.26,19.04,0.06
687920,0.34,0.88,23.27,19.05,0.07
688080,0.32,0.87,23.27,19.05,0.06
688320,0.33,0.88,23.27,19.05,0.04
688360,0.3,0.88,23.27,19.05,0.04
688370,0.32,0.88,23.27,19.05,0.04
688540,0.3,0.87,23.28,19.06,0.06
688600,0.41,0.87,23.28,19.06,0.06
688640,0.55,0.89,23.28,19.06,0.07
688730,0.5,0.88,23.28,19.06,0.07
688860,0.33,0.86,23.28,19.06,0.06
688900,0.32,0.85,23.29,19.06,0.06
688970,0.32,0.85,23.29,19.06,0.1
688990,0.31,0.85,23.29,19.06,0.07
689050,0.3,0.85,23.29,19.06,0.04
689200,0.34,0.86,23.29,19.07,0.04
689210,0.3,0.86,23.29,19.07,0.04
689300,0.24,0.86,23.29,19.07,0.04
689330,0.26,0.85,23.29,19.07,0.04
689360,0.24,0.86,23.29,19.07,0.03
689370,0.25,0.86,23.29,19.07,0.03
689470,0.3,0.86,23.29,19.07,0.06
689500,0.29,0.86,23.29,19.07,0.06
689570,0.3,0.87,23.3,19.07,0.05
689590,0.32,0.86,23.3,19.07,0.04
689740,0.29,0.86,23.3,19.07,0.06
689820,0.29,0.87,23.3,19.08,0.07
689860,0.33,0.87,23.3,19.08,0.07
689910,0.4,0.88,23.3,19.08,0.04
690040,0.35,0.85,23.3,19.08,0.06
690190,0.31,0.85,23.31,19.08,0.04
690260,0.33,0.86,23.31,19.08,0.04
690670,0.26,0.84,23.31,19.09,0.04
690970,0.33,0.86,23.32,19.09,0.06
690980,0.3,0.86,23.32,19.09,0.06
691020,0.31,0.86,23.32,19.09,0.04
691180,0.27,0.86,23.32,19.09,0.04
