Timestamp [ms],CPU cores,CPU capacity provisioned [MHZ],CPU usage [MHZ],CPU usage [%],Memory capacity provisioned [KB],Memory usage [KB],Disk read throughput [KB/s],Disk write throughput [KB/s],Network received throughput [KB/s],Network transmitted throughput [KB/s]
1376314846,4,10399.998544,207.99997088,2.0,1.6703488E7,167772.0,0.0,12.533333333333335,4.733333333333333,0.0
1376315146,4,10399.998544,211.4666370613333,2.033333333333333,1.6703488E7,100663.2,0.0,12.466666666666667,4.733333333333333,0.0
1376315446,4,10399.998544,214.93330324266663,2.0666666666666664,1.6703488E7,234880.8,0.0,12.399999999999999,4.8,0.0
1376315746,4,10399.998544,214.93330324266663,2.0666666666666664,1.6703488E7,100663.2,0.0,12.333333333333332,4.733333333333333,0.0
1376316046,4,10399.998544,213.199970152,2.05,1.6703488E7,190141.6,0.0,12.8,4.733333333333333,0.0
1376316346,4,10399.998544,232.26663414933333,2.2333333333333334,1.6703488E7,234880.8,0.0,13.2,4.733333333333333,0.06666666666666667
1376316646,4,10399.998544,240.93329960266664,2.3166666666666664,1.6703488E7,357913.6,0.0,18.46666666666667,4.733333333333333,0.0
1376316946,4,10399.998544,213.199970152,2.05,1.6703488E7,201326.4,0.0,12.266666666666666,4.733333333333333,0.0
1376317246,4,10399.998544,211.4666370613333,2.033333333333333,1.6703488E7,100663.2,0.0,12.666666666666668,4.6,0.0
1376317546,4,10399.998544,213.199970152,2.05,1.6703488E7,335544.0,0.0,12.666666666666668,4.666666666666667,0.0
1376317846,4,10399.998544,211.4666370613333,2.033333333333333,1.6703488E7,223696.0,0.0,12.333333333333334,4.666666666666667,0.0
1376318146,4,10399.998544,213.199970152,2.05,1.6703488E7,178956.8,0.0,12.666666666666668,4.6,0.0
1376318446,4,10399.998544,213.199970152,2.05,1.6703488E7,167772.0,0.0,12.466666666666667,4.733333333333333,0.0
1376318746,4,10399.998544,213.199970152,2.05,1.6703488E7,234880.8,0.0,12.333333333333334,4.8,0.0
1376319046,4,10399.998544,213.199970152,2.05,1.6703488E7,346728.8,0.0,12.333333333333334,4.666666666666667,0.0
1376319346,4,10399.998544,209.73330397066667,2.0166666666666666,1.6703488E7,301989.6,0.0,12.600000000000001,4.6,0.0
1376319646,4,10399.998544,209.73330397066667,2.0166666666666666,1.6703488E7,335544.0,0.0,12.6,4.6,0.0
1376319946,4,10399.998544,220.1333025146667,2.1166666666666667,1.6703488E7,201326.4,0.0,13.333333333333332,4.733333333333333,0.06666666666666667
1376320246,4,10399.998544,235.73330033066665,2.2666666666666666,1.6703488E7,324359.2,0.0,17.866666666666667,4.6,0.0
1376320546,4,10399.998544,213.199970152,2.05,1.6703488E7,268435.2,0.0,12.333333333333334,4.6,0.0
1376320846,4,10399.998544,213.199970152,2.05,1.6703488E7,234880.8,0.0,12.066666666666666,4.6,0.0
1376321146,4,10399.998544,213.199970152,2.05,1.6703488E7,234880.8,0.0,12.533333333333335,4.733333333333333,0.0
1376321446,4,10399.998544,213.199970152,2.05,1.6703488E7,201326.4,0.0,12.533333333333335,4.666666666666667,0.0
1376321746,4,10399.998544,216.66663633333334,2.0833333333333335,1.6703488E7,145402.4,0.0,12.733333333333334,4.6,0.0
1376322046,4,10399.998544,207.99997088,2.0,1.6703488E7,156587.2,0.0,12.466666666666667,4.666666666666667,0.0
1376322346,4,10399.998544,213.199970152,2.05,1.6703488E7,134217.6,0.0,12.600000000000001,4.733333333333333,0.0
1376322647,4,10399.998544,213.199970152,2.05,1.6703488E7,67108.8,0.0,12.600000000000001,4.666666666666667,0.0
1376322947,4,10399.998544,213.199970152,2.05,1.6703488E7,201326.4,0.0,12.066666666666666,4.6,0.0
1376323247,4,10399.998544,213.199970152,2.05,1.6703488E7,201326.4,0.0,12.733333333333334,4.666666666666667,0.0
1376323547,4,10399.998544,221.86663560533333,2.1333333333333333,1.6703488E7,301989.6,0.0,13.933333333333334,4.733333333333333,0.06666666666666667
1376323847,4,10399.998544,232.26663414933333,2.2333333333333334,1.6703488E7,301989.6,0.0,18.266666666666666,4.733333333333333,0.0
1376324147,4,10399.998544,207.99997088,2.0,1.6703488E7,223696.0,0.0,12.399999999999999,4.6,0.0
1376324447,4,10399.998544,211.4666370613333,2.033333333333333,1.6703488E7,234880.8,0.0,12.333333333333332,4.666666666666667,0.0
1376324747,4,10399.998544,214.93330324266663,2.0666666666666664,1.6703488E7,246065.6,0.0,12.266666666666666,4.666666666666667,0.0
1376325047,4,10399.998544,213.199970152,2.05,1.6703488E7,201326.4,0.0,12.133333333333333,4.666666666666667,0.0
1376325347,4,10399.998544,213.199970152,2.05,1.6703488E7,234880.8,0.0,12.733333333333334,4.733333333333333,0.0
1376325647,4,10399.998544,213.199970152,2.05,1.6703488E7,212511.2,0.0,12.600000000000001,4.6,0.0
1376325947,4,10399.998544,213.199970152,2.05,1.6703488E7,89478.4,0.0,12.333333333333332,4.533333333333333,0.0
1376326247,4,10399.998544,207.99997088,2.0,1.6703488E7,100663.2,0.0,12.533333333333333,4.533333333333333,0.0
1376326547,4,10399.998544,213.199970152,2.05,1.6703488E7,201326.4,0.0,12.2,4.533333333333333,0.0
1376326847,4,10399.998544,213.199970152,2.05,1.6703488E7,201326.4,0.0,12.466666666666667,4.6,0.0
1376327147,4,10399.998544,221.86663560533333,2.1333333333333333,1.6703488E7,167772.0,0.0,13.399999999999999,4.666666666666667,0.06666666666666667
1376327447,4,10399.998544,233.99996724000002,2.25,1.6703488E7,335544.0,0.0,18.333333333333336,4.666666666666667,0.0
1376327747,4,10399.998544,213.199970152,2.05,1.6703488E7,357913.6,0.0,12.533333333333335,4.666666666666667,0.0
1376328047,4,10399.998544,213.199970152,2.05,1.6703488E7,167772.0,0.0,12.2,4.6,0.0
1376328347,4,10399.998544,213.199970152,2.05,1.6703488E7,111848.0,0.0,12.733333333333334,4.533333333333333,0.0
1376328647,4,10399.998544,211.4666370613333,2.033333333333333,1.6703488E7,190141.6,0.0,12.2,4.666666666666667,0.0
1376328947,4,10399.998544,232.26663414933333,2.2333333333333334,1.6703488E7,156587.2,0.0,12.666666666666668,4.6,0.0
1376329247,4,10399.998544,211.4666370613333,2.033333333333333,1.6703488E7,145402.4,0.0,12.466666666666667,4.533333333333333,0.0
1376329547,4,10399.998544,213.199970152,2.05,1.6703488E7,111848.0,0.0,12.399999999999999,4.6,0.0
1376329847,4,10399.998544,213.199970152,2.05,1.6703488E7,0.0,0.0,12.266666666666666,4.533333333333333,0.0
1376330147,4,10399.998544,213.199970152,2.05,1.6703488E7,33554.4,0.0,12.4,4.6,0.0
1376330447,4,10399.998544,213.199970152,2.05,1.6703488E7,123032.8,0.0,12.600000000000001,4.466666666666667,0.0
1376330747,4,10399.998544,223.599968696,2.15,1.6703488E7,234880.8,0.0,13.066666666666666,4.866666666666666,0.06666666666666667
1376331047,4,10399.998544,233.99996724000002,2.25,1.6703488E7,357913.6,0.0,18.46666666666667,4.666666666666667,0.0
1376331347,4,10399.998544,211.4666370613333,2.033333333333333,1.6703488E7,223696.0,0.0,12.2,4.666666666666667,0.0
1376331647,4,10399.998544,209.73330397066667,2.0166666666666666,1.6703488E7,167772.0,0.0,12.266666666666666,4.733333333333333,0.0
1376331947,4,10399.998544,213.199970152,2.05,1.6703488E7,167772.0,0.0,12.466666666666667,4.666666666666667,0.0
1376332247,4,10399.998544,213.199970152,2.05,1.6703488E7,268435.2,0.0,12.466666666666667,4.466666666666667,0.0
1376332547,4,10399.998544,214.93330324266663,2.0666666666666664,1.6703488E7,212511.2,0.0,12.666666666666666,4.666666666666667,0.0
1376332847,4,10399.998544,213.199970152,2.05,1.6703488E7,100663.2,0.0,12.466666666666667,4.6,0.0
1376333147,4,10399.998544,213.199970152,2.05,1.6703488E7,145402.4,0.0,12.133333333333333,4.666666666666667,0.0
1376333447,4,10399.998544,213.199970152,2.05,1.6703488E7,134217.6,0.0,12.533333333333333,4.533333333333333,0.0
1376333747,4,10399.998544,209.73330397066667,2.0166666666666666,1.6703488E7,290804.8,0.0,12.333333333333334,4.6,0.0
1376334047,4,10399.998544,213.199970152,2.05,1.6703488E7,223696.0,0.0,12.666666666666668,4.6,0.0
1376334347,4,10399.998544,221.86663560533333,2.1333333333333333,1.6703488E7,246065.6,0.0,13.933333333333334,4.8,0.13333333333333333
1376334647,4,10399.998544,233.99996724000002,2.25,1.6703488E7,402652.8,0.0,18.266666666666666,4.666666666666667,0.0
1376334947,4,10399.998544,214.93330324266663,2.0666666666666664,1.6703488E7,290804.8,0.0,12.466666666666667,4.6,0.0
1376335247,4,10399.998544,213.199970152,2.05,1.6703488E7,167772.0,0.0,12.6,4.533333333333333,0.0
1376335547,4,10399.998544,213.199970152,2.05,1.6703488E7,324359.2,0.0,12.266666666666666,4.6,0.0
1376335847,4,10399.998544,213.199970152,2.05,1.6703488E7,156587.2,0.0,13.066666666666666,4.666666666666667,0.0
1376336147,4,10399.998544,216.66663633333334,2.0833333333333335,1.6703488E7,178956.8,0.0,12.666666666666668,4.666666666666667,0.0
1376336447,4,10399.998544,211.4666370613333,2.033333333333333,1.6703488E7,55924.0,0.0,12.600000000000001,4.6,0.0
1376336747,4,10399.998544,209.73330397066667,2.0166666666666666,1.6703488E7,0.0,0.0,12.466666666666667,4.6,0.0
1376337047,4,10399.998544,214.93330324266663,2.0666666666666664,1.6703488E7,145402.4,0.0,12.466666666666667,4.666666666666667,0.0
1376337347,4,10399.998544,216.66663633333334,2.0833333333333335,1.6703488E7,212511.2,0.0,12.466666666666667,4.666666666666667,0.0
1376337647,4,10399.998544,213.199970152,2.05,1.6703488E7,324359.2,0.0,12.466666666666667,4.6,0.0
1376337947,4,10399.998544,218.399969424,2.1,1.6703488E7,346728.8,0.0,13.333333333333332,4.733333333333333,0.13333333333333333
1376338248,4,10399.998544,233.99996724000002,2.25,1.6703488E7,357913.6,0.0,18.333333333333336,4.666666666666667,0.0
1376338548,4,10399.998544,213.199970152,2.05,1.6703488E7,123032.8,0.0,12.2,4.533333333333333,0.0
1376338848,4,10399.998544,218.399969424,2.1,1.6703488E7,167772.0,0.0,12.733333333333334,4.6,0.0
1376339148,4,10399.998544,213.199970152,2.05,1.6703488E7,268435.2,0.0,12.2,4.533333333333333,0.0
1376339448,4,10399.998544,214.93330324266663,2.0666666666666664,1.6703488E7,268435.2,0.0,12.4,4.6,0.0
1376339748,4,10399.998544,216.66663633333334,2.0833333333333335,1.6703488E7,167772.0,0.0,13.0,4.6,0.0
1376340048,4,10399.998544,209.73330397066667,2.0166666666666666,1.6703488E7,111848.0,0.0,12.399999999999999,4.666666666666667,0.0
1376340348,4,10399.998544,214.93330324266663,2.0666666666666664,1.6703488E7,156587.2,0.0,12.666666666666668,4.6,0.0
1376340648,4,10399.998544,213.199970152,2.05,1.6703488E7,234880.8,0.0,12.466666666666667,4.666666666666667,0.0
1376340948,4,10399.998544,213.199970152,2.05,1.6703488E7,167772.0,0.0,12.066666666666666,4.6,0.0
1376341248,4,10399.998544,213.199970152,2.05,1.6703488E7,145402.4,0.0,12.533333333333333,4.533333333333333,0.0
1376341548,4,10399.998544,218.399969424,2.1,1.6703488E7,380283.2,0.0,13.333333333333332,4.6,0.06666666666666667
1376341848,4,10399.998544,233.99996724000002,2.25,1.6703488E7,514500.8,0.0,18.333333333333332,4.6,0.0
1376342148,4,10399.998544,213.199970152,2.05,1.6703488E7,234880.8,0.0,12.266666666666666,4.466666666666667,0.0
1376342448,4,10399.998544,213.199970152,2.05,1.6703488E7,123032.8,0.0,12.266666666666666,4.4,0.0
1376342748,4,10399.998544,213.199970152,2.05,1.6703488E7,257250.4,0.0,12.2,4.666666666666667,0.0
1376343048,4,10399.998544,213.199970152,2.05,1.6703488E7,201326.4,0.0,12.2,4.6,0.0
1376343348,4,10399.998544,213.199970152,2.05,1.6703488E7,123032.8,0.0,12.733333333333334,4.533333333333333,0.0
1376343648,4,10399.998544,213.199970152,2.05,1.6703488E7,67108.8,0.0,12.666666666666668,4.533333333333333,0.0
1376343948,4,10399.998544,213.199970152,2.05,1.6703488E7,33554.4,0.0,12.266666666666666,4.6,0.0
1376344248,4,10399.998544,213.199970152,2.05,1.6703488E7,145402.4,0.0,12.466666666666667,4.533333333333333,0.0
1376344548,4,10399.998544,213.199970152,2.05,1.6703488E7,167772.0,0.0,13.533333333333333,4.6,0.0
1376344848,4,10399.998544,202.79997160799996,1.95,1.6703488E7,111848.0,0.0,8.933333333333334,2.7333333333333334,0.0
1376345148,4,10399.998544,221.86663560533333,2.1333333333333333,1.6703488E7,234880.8,0.0,9.466666666666667,0.06666666666666667,0.13333333333333333
1376345448,4,10399.998544,207.99997088,2.0,1.6703488E7,257250.4,0.0,8.466666666666667,0.06666666666666667,0.0
1376345748,4,10399.998544,192.399973064,1.85,1.6703488E7,201326.4,0.0,2.933333333333333,0.0,0.0
1376346048,4,10399.998544,188.93330688266667,1.8166666666666667,1.6703488E7,201326.4,0.0,2.8666666666666667,0.0,0.0
1376346348,4,10399.998544,197.59997233599998,1.9,1.6703488E7,145402.4,0.0,3.0,0.0,0.0
1376346648,4,10399.998544,188.93330688266667,1.8166666666666667,1.6703488E7,100663.2,0.0,3.0,0.0,0.0
1376346948,4,10399.998544,197.59997233599998,1.9,1.6703488E7,100663.2,0.0,3.3333333333333335,0.0,0.0
1376347248,4,10399.998544,197.59997233599998,1.9,1.6703488E7,134217.6,0.0,10.600000000000001,0.7333333333333333,0.9333333333333333
1376347548,4,10399.998544,253.06663123733335,2.4333333333333336,1.6703488E7,335544.0,0.0,29.133333333333336,0.4,1.2666666666666666
1376347848,4,10399.998544,187.199973792,1.8,1.6703488E7,0.0,0.0,3.0,0.0,0.0
1376348148,4,10399.998544,194.13330615466666,1.8666666666666665,1.6703488E7,67108.8,0.0,2.8666666666666667,0.0,0.0
1376348448,4,10399.998544,190.66663997333336,1.8333333333333335,1.6703488E7,100663.2,0.0,3.0,0.0,0.0
1376348749,4,10399.998544,199.33330542666667,1.9166666666666665,1.6703488E7,123032.8,0.0,3.8666666666666667,0.06666666666666667,0.0
1376349049,4,10399.998544,209.73330397066667,2.0166666666666666,1.6703488E7,335544.0,0.0,9.0,0.06666666666666667,0.0
1376349349,4,10399.998544,195.86663924533335,1.8833333333333335,1.6703488E7,145402.4,0.0,2.933333333333333,0.0,0.0
1376349649,4,10399.998544,192.399973064,1.85,1.6703488E7,78293.6,0.0,2.8,0.0,0.0
1376349949,4,10399.998544,194.13330615466666,1.8666666666666665,1.6703488E7,44739.2,0.0,2.933333333333333,0.0,0.0
1376350249,4,10399.998544,188.93330688266667,1.8166666666666667,1.6703488E7,0.0,0.0,2.8,0.0,0.0
1376350549,4,10399.998544,195.86663924533335,1.8833333333333335,1.6703488E7,201326.4,0.0,3.1333333333333333,0.0,0.0
1376350849,4,10399.998544,188.93330688266667,1.8166666666666667,1.6703488E7,44739.2,0.0,2.933333333333333,0.0,0.0
1376351149,4,10399.998544,190.66663997333336,1.8333333333333335,1.6703488E7,33554.4,0.0,2.8,0.0,0.0
1376351449,4,10399.998544,188.93330688266667,1.8166666666666667,1.6703488E7,11184.8,0.0,3.0,0.0,0.0
1376351749,4,10399.998544,192.399973064,1.85,1.6703488E7,134217.6,0.0,2.533333333333333,0.0,0.0
1376352049,4,10399.998544,195.86663924533335,1.8833333333333335,1.6703488E7,11184.8,0.0,3.066666666666667,0.0,0.0
1376352349,4,10399.998544,199.33330542666667,1.9166666666666665,1.6703488E7,111848.0,0.0,3.933333333333333,0.06666666666666667,0.0
1376352649,4,10399.998544,207.99997088,2.0,1.6703488E7,301989.6,0.0,8.799999999999999,0.06666666666666667,0.0
1376352949,4,10399.998544,192.399973064,1.85,1.6703488E7,234880.8,0.0,2.8666666666666667,0.0,0.0
1376353249,4,10399.998544,187.199973792,1.8,1.6703488E7,0.0,0.0,2.933333333333333,0.0,0.0
1376353549,4,10399.998544,188.93330688266667,1.8166666666666667,1.6703488E7,0.0,0.0,3.1333333333333333,0.0,0.0
1376353849,4,10399.998544,190.66663997333336,1.8333333333333335,1.6703488E7,78293.6,0.0,3.066666666666667,0.0,0.0
1376354149,4,10399.998544,194.13330615466666,1.8666666666666665,1.6703488E7,44739.2,0.0,3.2,0.0,0.0
1376354449,4,10399.998544,188.93330688266667,1.8166666666666667,1.6703488E7,100663.2,0.0,3.066666666666667,0.0,0.0
1376354749,4,10399.998544,194.13330615466666,1.8666666666666665,1.6703488E7,89478.4,0.0,3.066666666666667,0.0,0.0
1376355049,4,10399.998544,195.86663924533335,1.8833333333333335,1.6703488E7,145402.4,0.0,3.066666666666667,0.0,0.0
1376355349,4,10399.998544,190.66663997333336,1.8333333333333335,1.6703488E7,22369.6,0.0,2.8666666666666667,0.0,0.0
1376355649,4,10399.998544,190.66663997333336,1.8333333333333335,1.6703488E7,100663.2,0.0,3.2,0.0,0.0
1376355949,4,10399.998544,199.33330542666667,1.9166666666666665,1.6703488E7,78293.6,0.0,4.266666666666667,0.06666666666666667,0.0
1376356249,4,10399.998544,216.66663633333334,2.0833333333333335,1.6703488E7,346728.8,0.0,9.066666666666666,0.06666666666666667,0.0
1376356549,4,10399.998544,194.13330615466666,1.8666666666666665,1.6703488E7,290804.8,0.0,2.8666666666666667,0.0,0.0
1376356849,4,10399.998544,197.59997233599998,1.9,1.6703488E7,89478.4,0.0,3.0,0.0,0.0
1376357149,4,10399.998544,194.13330615466666,1.8666666666666665,1.6703488E7,89478.4,0.0,2.8,0.0,0.0
1376357449,4,10399.998544,194.13330615466666,1.8666666666666665,1.6703488E7,212511.2,0.0,2.933333333333333,0.0,0.0
1376357749,4,10399.998544,194.13330615466666,1.8666666666666665,1.6703488E7,123032.8,0.0,3.2,0.0,0.0
1376358049,4,10399.998544,194.13330615466666,1.8666666666666665,1.6703488E7,44739.2,0.0,2.7333333333333334,0.0,0.0
1376358349,4,10399.998544,220.1333025146667,2.1166666666666667,1.6703488E7,134217.6,0.0,11.733333333333334,0.26666666666666666,0.6666666666666666
1376358649,4,10399.998544,194.13330615466666,1.8666666666666665,1.6703488E7,190141.6,0.0,2.8,0.0,0.0
1376358949,4,10399.998544,190.66663997333336,1.8333333333333335,1.6703488E7,100663.2,0.0,2.7333333333333334,0.0,0.0
1376359250,4,10399.998544,275.599961416,2.65,1.6703488E7,55924.0,0.0,5.0,1.4666666666666666,0.7333333333333333
1376359550,4,10399.998544,284.2666268693333,2.733333333333333,1.6703488E7,257250.4,0.0,5.4,0.06666666666666667,0.0
1376359850,4,10399.998544,220.1333025146667,2.1166666666666667,1.6703488E7,425022.4,0.0,8.6,0.06666666666666667,0.0
1376360150,4,10399.998544,221.86663560533333,2.1333333333333333,1.6703488E7,145402.4,0.0,17.0,6.866666666666666,0.13333333333333333
1376360450,4,10399.998544,194.13330615466666,1.8666666666666665,1.6703488E7,44739.2,0.0,3.066666666666667,0.0,0.0
1376360750,4,10399.998544,197.59997233599998,1.9,1.6703488E7,0.0,0.0,2.933333333333333,0.0,0.0
1376361050,4,10399.998544,194.13330615466666,1.8666666666666665,1.6703488E7,111848.0,0.0,2.933333333333333,0.0,0.0
1376361350,4,10399.998544,195.86663924533335,1.8833333333333335,1.6703488E7,279620.0,0.0,3.1333333333333333,0.0,0.0
1376361650,4,10399.998544,192.399973064,1.85,1.6703488E7,335544.0,0.0,2.933333333333333,0.0,0.0
1376361950,4,10399.998544,192.399973064,1.85,1.6703488E7,55924.0,0.0,2.8666666666666667,0.0,0.0
1376362250,4,10399.998544,192.399973064,1.85,1.6703488E7,201326.4,0.0,2.8,0.0,0.0
1376362550,4,10399.998544,194.13330615466666,1.8666666666666665,1.6703488E7,145402.4,0.0,2.8,0.0,0.0
1376362849,4,10399.998544,192.399973064,1.85,1.6703488E7,212511.2,0.0,2.8,0.0,0.0
1376363149,4,10399.998544,204.53330469866665,1.9666666666666666,1.6703488E7,167772.0,0.0,3.6666666666666665,0.06666666666666667,0.0
1376363449,4,10399.998544,214.93330324266663,2.0666666666666664,1.6703488E7,279620.0,0.0,8.6,0.06666666666666667,0.0
1376363749,4,10399.998544,192.399973064,1.85,1.6703488E7,123032.8,0.0,2.7333333333333334,0.0,0.0
1376364049,4,10399.998544,195.86663924533335,1.8833333333333335,1.6703488E7,22369.6,0.0,2.933333333333333,0.0,0.0
1376364349,4,10399.998544,195.86663924533335,1.8833333333333335,1.6703488E7,78293.6,0.0,2.8,0.0,0.0
1376364650,4,10399.998544,195.86663924533335,1.8833333333333335,1.6703488E7,167772.0,0.0,2.933333333333333,0.0,0.0
1376364950,4,10399.998544,194.13330615466666,1.8666666666666665,1.6703488E7,100663.2,0.0,3.3333333333333335,0.0,0.0
1376365250,4,10399.998544,192.399973064,1.85,1.6703488E7,67108.8,0.0,2.7333333333333334,0.0,0.0
1376365550,4,10399.998544,192.399973064,1.85,1.6703488E7,44739.2,0.0,3.066666666666667,0.0,0.0
1376365850,4,10399.998544,192.399973064,1.85,1.6703488E7,44739.2,0.0,2.933333333333333,0.0,0.0
1376366150,4,10399.998544,190.66663997333336,1.8333333333333335,1.6703488E7,33554.4,0.0,2.8666666666666667,0.0,0.0
1376366450,4,10399.998544,195.86663924533335,1.8833333333333335,1.6703488E7,89478.4,0.0,3.1333333333333333,0.0,0.0
1376366750,4,10399.998544,202.79997160799996,1.95,1.6703488E7,100663.2,0.0,4.466666666666667,0.06666666666666667,0.0
1376367050,4,10399.998544,211.4666370613333,2.033333333333333,1.6703488E7,156587.2,0.0,8.799999999999999,0.06666666666666667,0.0
1376367350,4,10399.998544,194.13330615466666,1.8666666666666665,1.6703488E7,134217.6,0.0,2.6666666666666665,0.0,0.0
1376367650,4,10399.998544,192.399973064,1.85,1.6703488E7,67108.8,0.0,3.066666666666667,0.0,0.0
1376367950,4,10399.998544,192.399973064,1.85,1.6703488E7,167772.0,0.0,2.8666666666666667,0.0,0.0
1376368250,4,10399.998544,194.13330615466666,1.8666666666666665,1.6703488E7,100663.2,0.0,2.933333333333333,0.0,0.0
1376368550,4,10399.998544,199.33330542666667,1.9166666666666665,1.6703488E7,425022.4,0.0,3.466666666666667,0.0,0.0
1376368850,4,10399.998544,194.13330615466666,1.8666666666666665,1.6703488E7,301989.6,0.0,2.933333333333333,0.0,0.0
1376369150,4,10399.998544,194.13330615466666,1.8666666666666665,1.6703488E7,268435.2,0.0,2.933333333333333,0.0,0.0
1376369450,4,10399.998544,192.399973064,1.85,1.6703488E7,67108.8,0.0,2.8666666666666667,0.0,0.0
1376369750,4,10399.998544,207.99997088,2.0,1.6703488E7,33554.4,0.0,2.8666666666666667,0.0,0.0
1376370050,4,10399.998544,194.13330615466666,1.8666666666666665,1.6703488E7,123032.8,0.0,2.8666666666666667,0.0,0.0
1376370350,4,10399.998544,206.26663778933332,1.9833333333333334,1.6703488E7,301989.6,0.0,3.8666666666666667,0.06666666666666667,0.0
1376370650,4,10399.998544,214.93330324266663,2.0666666666666664,1.6703488E7,369098.4,0.0,8.6,0.06666666666666667,0.0
1376370950,4,10399.998544,190.66663997333336,1.8333333333333335,1.6703488E7,33554.4,0.0,2.8,0.0,0.0
1376371250,4,10399.998544,195.86663924533335,1.8833333333333335,1.6703488E7,100663.2,0.0,3.066666666666667,0.0,0.0
1376371550,4,10399.998544,195.86663924533335,1.8833333333333335,1.6703488E7,100663.2,0.0,2.933333333333333,0.0,0.0
1376371850,4,10399.998544,197.59997233599998,1.9,1.6703488E7,257250.4,0.0,3.0,0.0,0.0
1376372150,4,10399.998544,201.06663851733333,1.9333333333333333,1.6703488E7,167772.0,0.0,3.066666666666667,0.0,0.0
1376372450,4,10399.998544,195.86663924533335,1.8833333333333335,1.6703488E7,201326.4,0.0,3.0,0.0,0.0
1376372750,4,10399.998544,195.86663924533335,1.8833333333333335,1.6703488E7,89478.4,0.0,3.066666666666667,0.0,0.0
1376373050,4,10399.998544,195.86663924533335,1.8833333333333335,1.6703488E7,67108.8,0.0,2.933333333333333,0.0,0.0
1376373350,4,10399.998544,194.13330615466666,1.8666666666666665,1.6703488E7,201326.4,0.0,2.8666666666666667,0.0,0.0
1376373651,4,10399.998544,194.13330615466666,1.8666666666666665,1.6703488E7,44739.2,0.0,3.0,0.0,0.0
1376373951,4,10399.998544,207.99997088,2.0,1.6703488E7,134217.6,0.0,4.0,0.06666666666666667,0.0
1376374251,4,10399.998544,218.399969424,2.1,1.6703488E7,167772.0,0.0,8.4,0.06666666666666667,0.0
1376374551,4,10399.998544,199.33330542666667,1.9166666666666665,1.6703488E7,234880.8,0.0,2.933333333333333,0.0,0.0
1376374851,4,10399.998544,199.33330542666667,1.9166666666666665,1.6703488E7,44739.2,0.0,2.933333333333333,0.0,0.0
1376375151,4,10399.998544,197.59997233599998,1.9,1.6703488E7,22369.6,0.0,2.8666666666666667,0.0,0.0
1376375451,4,10399.998544,197.59997233599998,1.9,1.6703488E7,190141.6,0.0,3.0,0.0,0.0
1376375751,4,10399.998544,195.86663924533335,1.8833333333333335,1.6703488E7,190141.6,0.0,2.933333333333333,0.0,0.0
1376376051,4,10399.998544,194.13330615466666,1.8666666666666665,1.6703488E7,156587.2,0.0,3.0,0.0,0.0
1376376351,4,10399.998544,194.13330615466666,1.8666666666666665,1.6703488E7,78293.6,0.0,2.8,0.0,0.0
1376376651,4,10399.998544,199.33330542666667,1.9166666666666665,1.6703488E7,100663.2,0.0,2.933333333333333,0.0,0.0
1376376951,4,10399.998544,197.59997233599998,1.9,1.6703488E7,67108.8,0.0,2.933333333333333,0.0,0.0
1376377251,4,10399.998544,194.13330615466666,1.8666666666666665,1.6703488E7,111848.0,0.0,3.066666666666667,0.0,0.0
1376377551,4,10399.998544,202.79997160799996,1.95,1.6703488E7,67108.8,0.0,4.466666666666667,0.06666666666666667,0.0
1376377851,4,10399.998544,233.99996724000002,2.25,1.6703488E7,201326.4,0.0,8.6,0.06666666666666667,0.0
1376378151,4,10399.998544,195.86663924533335,1.8833333333333335,1.6703488E7,268435.2,0.0,3.0,0.0,0.0
1376378451,4,10399.998544,197.59997233599998,1.9,1.6703488E7,111848.0,0.0,2.7333333333333334,0.0,0.0
1376378751,4,10399.998544,195.86663924533335,1.8833333333333335,1.6703488E7,111848.0,0.0,2.933333333333333,0.0,0.0
1376379051,4,10399.998544,194.13330615466666,1.8666666666666665,1.6703488E7,44739.2,0.0,2.8666666666666667,0.0,0.0
1376379351,4,10399.998544,199.33330542666667,1.9166666666666665,1.6703488E7,89478.4,0.0,3.3333333333333335,0.0,0.0
1376379651,4,10399.998544,199.33330542666667,1.9166666666666665,1.6703488E7,100663.2,0.0,3.0,0.0,0.0
1376379951,4,10399.998544,194.13330615466666,1.8666666666666665,1.6703488E7,201326.4,0.0,2.8666666666666667,0.0,0.0
1376380251,4,10399.998544,194.13330615466666,1.8666666666666665,1.6703488E7,44739.2,0.0,2.8666666666666667,0.0,0.0
1376380551,4,10399.998544,195.86663924533335,1.8833333333333335,1.6703488E7,178956.8,0.0,2.7333333333333334,0.0,0.0
1376380851,4,10399.998544,197.59997233599998,1.9,1.6703488E7,257250.4,0.0,3.0,0.0,0.0
1376381151,4,10399.998544,206.26663778933332,1.9833333333333334,1.6703488E7,178956.8,0.0,3.933333333333333,0.06666666666666667,0.0
1376381451,4,10399.998544,214.93330324266663,2.0666666666666664,1.6703488E7,335544.0,0.0,8.533333333333333,0.06666666666666667,0.0
1376381751,4,10399.998544,195.86663924533335,1.8833333333333335,1.6703488E7,145402.4,0.0,2.933333333333333,0.0,0.0
1376382051,4,10399.998544,202.79997160799996,1.95,1.6703488E7,167772.0,0.0,2.8666666666666667,0.0,0.0
1376382351,4,10399.998544,197.59997233599998,1.9,1.6703488E7,134217.6,0.0,3.0,0.0,0.0
1376382651,4,10399.998544,194.13330615466666,1.8666666666666665,1.6703488E7,145402.4,0.0,2.8666666666666667,0.0,0.0
1376382951,4,10399.998544,197.59997233599998,1.9,1.6703488E7,190141.6,0.0,3.066666666666667,0.0,0.0
1376383251,4,10399.998544,190.66663997333336,1.8333333333333335,1.6703488E7,279620.0,0.0,3.066666666666667,0.0,0.0
1376383551,4,10399.998544,195.86663924533335,1.8833333333333335,1.6703488E7,167772.0,0.0,2.8666666666666667,0.0,0.0
1376383851,4,10399.998544,192.399973064,1.85,1.6703488E7,22369.6,0.0,2.933333333333333,0.0,0.0
1376384151,4,10399.998544,194.13330615466666,1.8666666666666665,1.6703488E7,67108.8,0.0,2.8666666666666667,0.0,0.0
1376384451,4,10399.998544,192.399973064,1.85,1.6703488E7,246065.6,0.0,3.0,0.0,0.0
1376384752,4,10399.998544,195.86663924533335,1.8833333333333335,1.6703488E7,257250.4,0.0,3.8,0.06666666666666667,0.0
1376385052,4,10399.998544,213.199970152,2.05,1.6703488E7,357913.6,0.0,9.0,0.06666666666666667,0.0
1376385352,4,10399.998544,190.66663997333336,1.8333333333333335,1.6703488E7,67108.8,0.0,3.066666666666667,0.0,0.0
1376385652,4,10399.998544,195.86663924533335,1.8833333333333335,1.6703488E7,33554.4,0.0,2.933333333333333,0.0,0.0
1376385952,4,10399.998544,188.93330688266667,1.8166666666666667,1.6703488E7,167772.0,0.0,2.933333333333333,0.0,0.0
1376386252,4,10399.998544,194.13330615466666,1.8666666666666665,1.6703488E7,201326.4,0.0,3.0,0.0,0.0
1376386552,4,10399.998544,194.13330615466666,1.8666666666666665,1.6703488E7,223696.0,0.0,3.0,0.0,0.0
1376386852,4,10399.998544,190.66663997333336,1.8333333333333335,1.6703488E7,156587.2,0.0,2.933333333333333,0.0,0.0
1376387152,4,10399.998544,190.66663997333336,1.8333333333333335,1.6703488E7,33554.4,0.0,2.933333333333333,0.0,0.0
1376387452,4,10399.998544,195.86663924533335,1.8833333333333335,1.6703488E7,100663.2,0.0,3.2,0.0,0.0
1376387752,4,10399.998544,192.399973064,1.85,1.6703488E7,201326.4,0.0,2.8,0.0,0.0
1376388052,4,10399.998544,194.13330615466666,1.8666666666666665,1.6703488E7,268435.2,0.0,3.0,0.0,0.0
1376388352,4,10399.998544,202.79997160799996,1.95,1.6703488E7,145402.4,0.0,4.4,0.06666666666666667,0.0
1376388652,4,10399.998544,211.4666370613333,2.033333333333333,1.6703488E7,425022.4,0.0,8.733333333333333,0.06666666666666667,0.0
1376388952,4,10399.998544,197.59997233599998,1.9,1.6703488E7,123032.8,0.0,2.933333333333333,0.0,0.0
1376389252,4,10399.998544,192.399973064,1.85,1.6703488E7,145402.4,0.0,3.0,0.0,0.0
1376389552,4,10399.998544,195.86663924533335,1.8833333333333335,1.6703488E7,123032.8,0.0,3.0,0.0,0.0
1376389852,4,10399.998544,197.59997233599998,1.9,1.6703488E7,167772.0,0.0,2.8,0.0,0.0
1376390152,4,10399.998544,194.13330615466666,1.8666666666666665,1.6703488E7,44739.2,0.0,3.533333333333333,0.0,0.0
1376390452,4,10399.998544,192.399973064,1.85,1.6703488E7,212511.2,0.0,3.066666666666667,0.0,0.0
1376390752,4,10399.998544,202.79997160799996,1.95,1.6703488E7,67108.8,0.0,2.8,0.0,0.0
1376391052,4,10399.998544,202.79997160799996,1.95,1.6703488E7,0.0,0.0,2.933333333333333,0.0,0.0
1376391352,4,10399.998544,197.59997233599998,1.9,1.6703488E7,100663.2,0.0,2.933333333333333,0.0,0.0
1376391652,4,10399.998544,192.399973064,1.85,1.6703488E7,167772.0,0.0,3.0,0.0,0.0
1376391952,4,10399.998544,201.06663851733333,1.9333333333333333,1.6703488E7,167772.0,0.0,3.7333333333333334,0.06666666666666667,0.0
1376392252,4,10399.998544,214.93330324266663,2.0666666666666664,1.6703488E7,190141.6,0.0,8.733333333333333,0.06666666666666667,0.0
1376392552,4,10399.998544,192.399973064,1.85,1.6703488E7,268435.2,0.0,2.7333333333333334,0.0,0.0
1376392853,4,10399.998544,188.93330688266667,1.8166666666666667,1.6703488E7,123032.8,0.0,2.933333333333333,0.0,0.0
1376393153,4,10399.998544,190.66663997333336,1.8333333333333335,1.6703488E7,134217.6,0.0,2.7333333333333334,0.0,0.0
1376393453,4,10399.998544,192.399973064,1.85,1.6703488E7,55924.0,0.0,2.933333333333333,0.0,0.0
1376393753,4,10399.998544,197.59997233599998,1.9,1.6703488E7,134217.6,0.0,3.4,0.0,0.0
1376394053,4,10399.998544,194.13330615466666,1.8666666666666665,1.6703488E7,134217.6,0.0,2.8666666666666667,0.0,0.0
1376394353,4,10399.998544,194.13330615466666,1.8666666666666665,1.6703488E7,0.0,0.0,3.066666666666667,0.0,0.0
1376394653,4,10399.998544,194.13330615466666,1.8666666666666665,1.6703488E7,134217.6,0.0,2.8666666666666667,0.0,0.0
1376394953,4,10399.998544,192.399973064,1.85,1.6703488E7,234880.8,0.0,2.8666666666666667,0.0,0.0
1376395253,4,10399.998544,190.66663997333336,1.8333333333333335,1.6703488E7,67108.8,0.0,2.8666666666666667,0.0,0.0
1376395552,4,10399.998544,202.79997160799996,1.95,1.6703488E7,167772.0,0.0,3.8,0.06666666666666667,0.0
1376395852,4,10399.998544,211.4666370613333,2.033333333333333,1.6703488E7,301989.6,0.0,8.6,0.06666666666666667,0.0
1376396152,4,10399.998544,194.13330615466666,1.8666666666666665,1.6703488E7,313174.4,0.0,2.8,0.0,0.0
1376396452,4,10399.998544,192.399973064,1.85,1.6703488E7,201326.4,0.0,3.1333333333333333,0.0,0.0
1376396752,4,10399.998544,188.93330688266667,1.8166666666666667,1.6703488E7,313174.4,0.0,2.8,0.0,0.0
1376397052,4,10399.998544,192.399973064,1.85,1.6703488E7,67108.8,0.0,3.0,0.0,0.0
1376397352,4,10399.998544,199.33330542666667,1.9166666666666665,1.6703488E7,33554.4,0.0,3.1333333333333333,0.0,0.0
1376397652,4,10399.998544,207.99997088,2.0,1.6703488E7,212511.2,0.0,10.2,3.533333333333333,0.0
1376397952,4,10399.998544,213.199970152,2.05,1.6703488E7,134217.6,0.0,12.266666666666666,4.533333333333333,0.0
1376398252,4,10399.998544,213.199970152,2.05,1.6703488E7,223696.0,0.0,12.2,4.533333333333333,0.0
1376398552,4,10399.998544,213.199970152,2.05,1.6703488E7,134217.6,0.0,12.6,4.6,0.0
1376398853,4,10399.998544,213.199970152,2.05,1.6703488E7,67108.8,0.0,12.466666666666667,4.533333333333333,0.0
1376399153,4,10399.998544,218.399969424,2.1,1.6703488E7,257250.4,0.0,14.0,4.666666666666667,0.13333333333333333
1376399453,4,10399.998544,232.26663414933333,2.2333333333333334,1.6703488E7,492131.2,0.0,17.933333333333334,4.666666666666667,0.0
1376399753,4,10399.998544,225.33330178666662,2.1666666666666665,1.6703488E7,391468.0,0.0,12.266666666666666,4.6,0.0
1376400053,4,10399.998544,216.66663633333334,2.0833333333333335,1.6703488E7,369098.4,0.0,12.399999999999999,4.6,0.0
1376400353,4,10399.998544,214.93330324266663,2.0666666666666664,1.6703488E7,346728.8,0.0,12.133333333333333,4.6,0.0
1376400653,4,10399.998544,213.199970152,2.05,1.6703488E7,167772.0,0.0,12.266666666666666,4.6,0.0
1376400953,4,10399.998544,214.93330324266663,2.0666666666666664,1.6703488E7,134217.6,0.0,12.8,4.6,0.0
1376401253,4,10399.998544,209.73330397066667,2.0166666666666666,1.6703488E7,89478.4,0.0,12.533333333333333,4.6,0.0
1376401553,4,10399.998544,213.199970152,2.05,1.6703488E7,234880.8,0.0,12.466666666666667,4.6,0.0
1376401853,4,10399.998544,213.199970152,2.05,1.6703488E7,134217.6,0.0,12.333333333333332,4.6,0.0
1376402153,4,10399.998544,213.199970152,2.05,1.6703488E7,145402.4,0.0,12.533333333333333,4.733333333333333,0.0
1376402453,4,10399.998544,213.199970152,2.05,1.6703488E7,324359.2,0.0,12.4,4.6,0.0
1376402753,4,10399.998544,218.399969424,2.1,1.6703488E7,391468.0,0.0,13.666666666666668,4.6,0.06666666666666667
1376403053,4,10399.998544,239.199966512,2.3,1.6703488E7,402652.8,0.0,18.266666666666666,4.666666666666667,0.0
1376403353,4,10399.998544,213.199970152,2.05,1.6703488E7,246065.6,0.0,12.333333333333332,4.533333333333333,0.0
1376403653,4,10399.998544,213.199970152,2.05,1.6703488E7,167772.0,0.0,12.933333333333334,4.666666666666667,0.0
1376403953,4,10399.998544,213.199970152,2.05,1.6703488E7,335544.0,0.0,12.600000000000001,4.533333333333333,0.0
1376404253,4,10399.998544,213.199970152,2.05,1.6703488E7,55924.0,0.0,12.466666666666667,4.533333333333333,0.0
1376404553,4,10399.998544,216.66663633333334,2.0833333333333335,1.6703488E7,167772.0,0.0,12.666666666666668,4.6,0.0
1376404853,4,10399.998544,213.199970152,2.05,1.6703488E7,279620.0,0.0,12.533333333333333,4.666666666666667,0.0
1376405153,4,10399.998544,214.93330324266663,2.0666666666666664,1.6703488E7,346728.8,0.0,12.466666666666667,4.6,0.0
1376405453,4,10399.998544,214.93330324266663,2.0666666666666664,1.6703488E7,178956.8,0.0,12.533333333333333,4.6,0.0
1376405753,4,10399.998544,213.199970152,2.05,1.6703488E7,167772.0,0.0,12.333333333333334,4.533333333333333,0.0
1376406053,4,10399.998544,213.199970152,2.05,1.6703488E7,33554.4,0.0,12.666666666666668,4.466666666666667,0.0
1376406353,4,10399.998544,220.1333025146667,2.1166666666666667,1.6703488E7,201326.4,0.0,13.266666666666666,4.733333333333333,0.06666666666666667
1376406653,4,10399.998544,232.26663414933333,2.2333333333333334,1.6703488E7,480946.4,0.0,18.133333333333333,4.666666666666667,0.0
1376406954,4,10399.998544,214.93330324266663,2.0666666666666664,1.6703488E7,335544.0,0.0,12.133333333333333,4.6,0.0
1376407254,4,10399.998544,214.93330324266663,2.0666666666666664,1.6703488E7,145402.4,0.0,12.600000000000001,4.6,0.0
1376407554,4,10399.998544,211.4666370613333,2.033333333333333,1.6703488E7,145402.4,0.0,12.4,4.533333333333333,0.0
1376407854,4,10399.998544,214.93330324266663,2.0666666666666664,1.6703488E7,234880.8,0.0,12.333333333333332,4.666666666666667,0.0
1376408154,4,10399.998544,213.199970152,2.05,1.6703488E7,156587.2,0.0,12.466666666666667,4.666666666666667,0.0
1376408454,4,10399.998544,214.93330324266663,2.0666666666666664,1.6703488E7,0.0,0.0,12.533333333333333,4.666666666666667,0.0
1376408754,4,10399.998544,214.93330324266663,2.0666666666666664,1.6703488E7,201326.4,0.0,12.333333333333332,4.666666666666667,0.0
1376409054,4,10399.998544,213.199970152,2.05,1.6703488E7,223696.0,0.0,12.533333333333335,4.666666666666667,0.0
1376409354,4,10399.998544,213.199970152,2.05,1.6703488E7,380283.2,0.0,12.533333333333333,4.6,0.0
1376409654,4,10399.998544,214.93330324266663,2.0666666666666664,1.6703488E7,223696.0,0.0,12.666666666666668,4.533333333333333,0.0
1376409954,4,10399.998544,223.599968696,2.15,1.6703488E7,190141.6,0.0,14.0,4.666666666666667,0.13333333333333333
1376410254,4,10399.998544,233.99996724000002,2.25,1.6703488E7,357913.6,0.0,18.2,4.6,0.0
1376410554,4,10399.998544,213.199970152,2.05,1.6703488E7,246065.6,0.0,12.133333333333333,4.466666666666667,0.0
1376410854,4,10399.998544,213.199970152,2.05,1.6703488E7,178956.8,0.0,12.733333333333334,4.533333333333333,0.0
1376411154,4,10399.998544,213.199970152,2.05,1.6703488E7,100663.2,0.0,12.066666666666666,4.6,0.0
1376411454,4,10399.998544,213.199970152,2.05,1.6703488E7,279620.0,0.0,12.4,4.533333333333333,0.0
1376411754,4,10399.998544,213.199970152,2.05,1.6703488E7,380283.2,0.0,12.466666666666667,4.533333333333333,0.0
1376412054,4,10399.998544,214.93330324266663,2.0666666666666664,1.6703488E7,223696.0,0.0,12.333333333333332,4.466666666666667,0.0
1376412354,4,10399.998544,213.199970152,2.05,1.6703488E7,268435.2,0.0,12.2,4.6,0.0
1376412654,4,10399.998544,214.93330324266663,2.0666666666666664,1.6703488E7,100663.2,0.0,12.066666666666666,4.533333333333333,0.0
1376412954,4,10399.998544,211.4666370613333,2.033333333333333,1.6703488E7,212511.2,0.0,12.2,4.533333333333333,0.0
1376413255,4,10399.998544,213.199970152,2.05,1.6703488E7,335544.0,0.0,12.333333333333332,4.533333333333333,0.0
1376413555,4,10399.998544,220.1333025146667,2.1166666666666667,1.6703488E7,413837.6,0.0,13.666666666666668,4.733333333333333,0.06666666666666667
1376413855,4,10399.998544,232.26663414933333,2.2333333333333334,1.6703488E7,413837.6,0.0,18.200000000000003,4.6,0.0
1376414155,4,10399.998544,214.93330324266663,2.0666666666666664,1.6703488E7,413837.6,0.0,12.533333333333335,4.533333333333333,0.0
1376414455,4,10399.998544,211.4666370613333,2.033333333333333,1.6703488E7,413837.6,0.0,12.133333333333333,4.6,0.0
1376414755,4,10399.998544,216.66663633333334,2.0833333333333335,1.6703488E7,111848.0,0.0,12.2,4.666666666666667,0.0
1376415055,4,10399.998544,214.93330324266663,2.0666666666666664,1.6703488E7,257250.4,0.0,12.399999999999999,4.533333333333333,0.0
1376415355,4,10399.998544,214.93330324266663,2.0666666666666664,1.6703488E7,11184.8,0.0,12.4,4.6,0.0
1376415655,4,10399.998544,227.06663487733334,2.1833333333333336,1.6703488E7,123032.8,0.0,12.733333333333334,4.533333333333333,0.0
1376415955,4,10399.998544,220.1333025146667,2.1166666666666667,1.6703488E7,134217.6,0.0,12.666666666666668,4.533333333333333,0.0
1376416255,4,10399.998544,227.06663487733334,2.1833333333333336,1.6703488E7,22369.6,0.0,12.333333333333332,4.466666666666667,0.0
1376416555,4,10399.998544,221.86663560533333,2.1333333333333333,1.6703488E7,201326.4,0.0,12.8,4.533333333333333,0.0
1376416855,4,10399.998544,214.93330324266663,2.0666666666666664,1.6703488E7,156587.2,0.0,12.466666666666667,4.533333333333333,0.0
1376417155,4,10399.998544,218.399969424,2.1,1.6703488E7,223696.0,0.0,13.466666666666665,4.533333333333333,0.06666666666666667
1376417455,4,10399.998544,233.99996724000002,2.25,1.6703488E7,369098.4,0.0,18.066666666666666,4.533333333333333,0.0
1376417755,4,10399.998544,211.4666370613333,2.033333333333333,1.6703488E7,167772.0,0.0,12.4,4.533333333333333,0.0
1376418055,4,10399.998544,213.199970152,2.05,1.6703488E7,0.0,0.0,12.733333333333334,4.533333333333333,0.0
1376418355,4,10399.998544,213.199970152,2.05,1.6703488E7,201326.4,0.0,12.133333333333333,4.333333333333333,0.0
1376418655,4,10399.998544,209.73330397066667,2.0166666666666666,1.6703488E7,89478.4,0.0,12.8,4.6,0.0
1376418955,4,10399.998544,213.199970152,2.05,1.6703488E7,134217.6,0.0,12.666666666666668,4.533333333333333,0.0
1376419255,4,10399.998544,213.199970152,2.05,1.6703488E7,234880.8,0.0,12.333333333333334,4.6,0.0
1376419555,4,10399.998544,211.4666370613333,2.033333333333333,1.6703488E7,123032.8,0.0,12.533333333333333,4.533333333333333,0.0
1376419855,4,10399.998544,213.199970152,2.05,1.6703488E7,123032.8,0.0,12.2,4.533333333333333,0.0
1376420155,4,10399.998544,213.199970152,2.05,1.6703488E7,145402.4,0.0,12.133333333333333,4.466666666666667,0.0
1376420455,4,10399.998544,213.199970152,2.05,1.6703488E7,123032.8,0.0,12.333333333333332,4.6,0.0
1376420755,4,10399.998544,220.1333025146667,2.1166666666666667,1.6703488E7,436207.2,0.0,13.866666666666667,4.8,0.13333333333333333
1376421055,4,10399.998544,235.73330033066665,2.2666666666666666,1.6703488E7,313174.4,0.0,18.4,4.6,0.0
1376421355,4,10399.998544,213.199970152,2.05,1.6703488E7,111848.0,0.0,12.266666666666666,4.6,0.0
1376421655,4,10399.998544,213.199970152,2.05,1.6703488E7,33554.4,0.0,12.466666666666667,4.666666666666667,0.0
1376421955,4,10399.998544,214.93330324266663,2.0666666666666664,1.6703488E7,134217.6,0.0,12.2,4.533333333333333,0.0
1376422255,4,10399.998544,214.93330324266663,2.0666666666666664,1.6703488E7,201326.4,0.0,12.466666666666667,4.466666666666667,0.0
1376422555,4,10399.998544,218.399969424,2.1,1.6703488E7,156587.2,0.0,12.6,4.533333333333333,0.0
1376422856,4,10399.998544,195.86663924533335,1.8833333333333335,1.6703488E7,190141.6,0.0,4.866666666666667,0.9333333333333333,0.0
1376423156,4,10399.998544,194.13330615466666,1.8666666666666665,1.6703488E7,145402.4,0.0,2.8,0.0,0.0
1376423456,4,10399.998544,190.66663997333336,1.8333333333333335,1.6703488E7,67108.8,0.0,2.8,0.0,0.0
1376423756,4,10399.998544,194.13330615466666,1.8666666666666665,1.6703488E7,78293.6,0.0,2.8,0.0,0.0
1376424056,4,10399.998544,194.13330615466666,1.8666666666666665,1.6703488E7,167772.0,0.0,2.933333333333333,0.0,0.0
1376424356,4,10399.998544,204.53330469866665,1.9666666666666666,1.6703488E7,234880.8,0.0,3.7333333333333334,0.06666666666666667,0.0
1376424656,4,10399.998544,214.93330324266663,2.0666666666666664,1.6703488E7,335544.0,0.0,8.466666666666667,0.06666666666666667,0.0
1376424956,4,10399.998544,194.13330615466666,1.8666666666666665,1.6703488E7,234880.8,0.0,2.8666666666666667,0.0,0.0
1376425256,4,10399.998544,190.66663997333336,1.8333333333333335,1.6703488E7,55924.0,0.0,3.0,0.0,0.0
1376425556,4,10399.998544,195.86663924533335,1.8833333333333335,1.6703488E7,100663.2,0.0,2.8666666666666667,0.0,0.0
1376425856,4,10399.998544,188.93330688266667,1.8166666666666667,1.6703488E7,33554.4,0.0,3.0,0.0,0.0
1376426156,4,10399.998544,197.59997233599998,1.9,1.6703488E7,167772.0,0.0,3.066666666666667,0.0,0.0
1376426456,4,10399.998544,192.399973064,1.85,1.6703488E7,33554.4,0.0,2.933333333333333,0.0,0.0
1376426756,4,10399.998544,195.86663924533335,1.8833333333333335,1.6703488E7,67108.8,0.0,2.7333333333333334,0.0,0.0
1376427056,4,10399.998544,194.13330615466666,1.8666666666666665,1.6703488E7,0.0,0.0,3.0,0.0,0.0
1376427356,4,10399.998544,195.86663924533335,1.8833333333333335,1.6703488E7,100663.2,0.0,2.8,0.0,0.0
1376427656,4,10399.998544,192.399973064,1.85,1.6703488E7,0.0,0.0,3.066666666666667,0.0,0.0
1376427956,4,10399.998544,201.06663851733333,1.9333333333333333,1.6703488E7,223696.0,0.0,3.533333333333333,0.13333333333333333,0.06666666666666667
1376428256,4,10399.998544,209.73330397066667,2.0166666666666666,1.6703488E7,570424.8,0.0,8.733333333333333,0.06666666666666667,0.0
1376428556,4,10399.998544,192.399973064,1.85,1.6703488E7,436207.2,0.0,2.8666666666666667,0.0,0.0
1376428856,4,10399.998544,187.199973792,1.8,1.6703488E7,100663.2,0.0,3.1333333333333333,0.0,0.0
1376429156,4,10399.998544,195.86663924533335,1.8833333333333335,1.6703488E7,134217.6,0.0,2.933333333333333,0.0,0.0
1376429456,4,10399.998544,192.399973064,1.85,1.6703488E7,33554.4,0.0,3.2,0.0,0.0
1376429756,4,10399.998544,192.399973064,1.85,1.6703488E7,268435.2,0.0,3.1333333333333333,0.0,0.0
1376430056,4,10399.998544,192.399973064,1.85,1.6703488E7,0.0,0.0,2.933333333333333,0.0,0.0
1376430356,4,10399.998544,192.399973064,1.85,1.6703488E7,167772.0,0.0,3.066666666666667,0.0,0.0
1376430656,4,10399.998544,188.93330688266667,1.8166666666666667,1.6703488E7,134217.6,0.0,3.0,0.0,0.0
1376430956,4,10399.998544,195.86663924533335,1.8833333333333335,1.6703488E7,134217.6,0.0,4.066666666666666,0.0,0.0
1376431256,4,10399.998544,187.199973792,1.8,1.6703488E7,0.0,0.0,2.933333333333333,0.0,0.0
1376431556,4,10399.998544,204.53330469866665,1.9666666666666666,1.6703488E7,134217.6,0.0,4.4,0.06666666666666667,0.0
1376431856,4,10399.998544,209.73330397066667,2.0166666666666666,1.6703488E7,301989.6,0.0,8.6,0.06666666666666667,0.0
1376432156,4,10399.998544,192.399973064,1.85,1.6703488E7,257250.4,0.0,2.7333333333333334,0.0,0.0
1376432456,4,10399.998544,194.13330615466666,1.8666666666666665,1.6703488E7,78293.6,0.0,3.066666666666667,0.0,0.0
1376432756,4,10399.998544,192.399973064,1.85,1.6703488E7,67108.8,0.0,2.6666666666666665,0.0,0.0
1376433056,4,10399.998544,194.13330615466666,1.8666666666666665,1.6703488E7,22369.6,0.0,3.0,0.0,0.0
1376433356,4,10399.998544,194.13330615466666,1.8666666666666665,1.6703488E7,167772.0,0.0,3.0,0.0,0.0
1376433656,4,10399.998544,199.33330542666667,1.9166666666666665,1.6703488E7,44739.2,0.0,3.066666666666667,1.1333333333333333,0.8666666666666667
1376433956,4,10399.998544,268.6666290533333,2.583333333333333,1.6703488E7,123032.8,0.0,20.533333333333335,0.7333333333333333,2.0
1376434256,4,10399.998544,192.399973064,1.85,1.6703488E7,234880.8,0.0,3.8666666666666667,0.0,0.0
1376434556,4,10399.998544,190.66663997333336,1.8333333333333335,1.6703488E7,111848.0,0.0,3.066666666666667,0.0,0.0
1376434856,4,10399.998544,194.13330615466666,1.8666666666666665,1.6703488E7,100663.2,0.0,2.8666666666666667,0.0,0.0
1376435156,4,10399.998544,218.399969424,2.1,1.6703488E7,246065.6,0.0,9.133333333333333,0.06666666666666667,0.13333333333333333
1376435456,4,10399.998544,211.4666370613333,2.033333333333333,1.6703488E7,246065.6,0.0,8.733333333333333,0.06666666666666667,0.0
1376435756,4,10399.998544,192.399973064,1.85,1.6703488E7,346728.8,0.0,2.933333333333333,0.0,0.0
1376436056,4,10399.998544,192.399973064,1.85,1.6703488E7,134217.6,0.0,3.066666666666667,0.0,0.0
1376436356,4,10399.998544,195.86663924533335,1.8833333333333335,1.6703488E7,0.0,0.0,2.8666666666666667,0.0,0.0
1376436656,4,10399.998544,190.66663997333336,1.8333333333333335,1.6703488E7,67108.8,0.0,3.0,0.0,0.0
1376436956,4,10399.998544,190.66663997333336,1.8333333333333335,1.6703488E7,167772.0,0.0,2.8666666666666667,0.0,0.0
1376437256,4,10399.998544,190.66663997333336,1.8333333333333335,1.6703488E7,178956.8,0.0,3.0,0.0,0.0
1376437556,4,10399.998544,188.93330688266667,1.8166666666666667,1.6703488E7,44739.2,0.0,2.933333333333333,0.0,0.0
1376437856,4,10399.998544,190.66663997333336,1.8333333333333335,1.6703488E7,67108.8,0.0,2.8666666666666667,0.0,0.0
1376438156,4,10399.998544,188.93330688266667,1.8166666666666667,1.6703488E7,223696.0,0.0,2.8666666666666667,0.0,0.0
1376438456,4,10399.998544,192.399973064,1.85,1.6703488E7,145402.4,0.0,2.8666666666666667,0.0,0.0
1376438756,4,10399.998544,197.59997233599998,1.9,1.6703488E7,11184.8,0.0,3.7333333333333334,0.06666666666666667,0.0
1376439056,4,10399.998544,211.4666370613333,2.033333333333333,1.6703488E7,178956.8,0.0,8.733333333333333,0.06666666666666667,0.0
1376439356,4,10399.998544,194.13330615466666,1.8666666666666665,1.6703488E7,123032.8,0.0,2.8666666666666667,0.0,0.0
1376439656,4,10399.998544,190.66663997333336,1.8333333333333335,1.6703488E7,123032.8,0.0,3.0,0.0,0.0
1376439956,4,10399.998544,192.399973064,1.85,1.6703488E7,167772.0,0.0,2.7333333333333334,0.0,0.0
1376440256,4,10399.998544,190.66663997333336,1.8333333333333335,1.6703488E7,100663.2,0.0,3.0,0.0,0.0
1376440557,4,10399.998544,194.13330615466666,1.8666666666666665,1.6703488E7,100663.2,0.0,3.066666666666667,0.0,0.0
1376440857,4,10399.998544,192.399973064,1.85,1.6703488E7,55924.0,0.0,3.0,0.0,0.0
1376441157,4,10399.998544,192.399973064,1.85,1.6703488E7,44739.2,0.0,3.0,0.0,0.0
1376441457,4,10399.998544,194.13330615466666,1.8666666666666665,1.6703488E7,167772.0,0.0,2.933333333333333,0.0,0.0
1376441757,4,10399.998544,192.399973064,1.85,1.6703488E7,156587.2,0.0,2.8666666666666667,0.0,0.0
1376442057,4,10399.998544,192.399973064,1.85,1.6703488E7,0.0,0.0,2.8666666666666667,0.0,0.0
1376442357,4,10399.998544,199.33330542666667,1.9166666666666665,1.6703488E7,123032.8,0.0,4.533333333333333,0.06666666666666667,0.0
1376442657,4,10399.998544,214.93330324266663,2.0666666666666664,1.6703488E7,201326.4,0.0,8.799999999999999,0.06666666666666667,0.0
1376442957,4,10399.998544,192.399973064,1.85,1.6703488E7,212511.2,0.0,3.0,0.0,0.0
1376443257,4,10399.998544,194.13330615466666,1.8666666666666665,1.6703488E7,123032.8,0.0,3.1333333333333333,0.0,0.0
1376443557,4,10399.998544,192.399973064,1.85,1.6703488E7,145402.4,0.0,3.0,0.0,0.0
1376443857,4,10399.998544,192.399973064,1.85,1.6703488E7,190141.6,0.0,3.066666666666667,0.0,0.0
1376444157,4,10399.998544,194.13330615466666,1.8666666666666665,1.6703488E7,201326.4,0.0,3.2,0.0,0.0
1376444457,4,10399.998544,194.13330615466666,1.8666666666666665,1.6703488E7,201326.4,0.0,3.2,0.0,0.0
1376444757,4,10399.998544,192.399973064,1.85,1.6703488E7,111848.0,0.0,2.8,0.0,0.0
1376445057,4,10399.998544,194.13330615466666,1.8666666666666665,1.6703488E7,145402.4,0.0,3.2,0.0,0.0
1376445357,4,10399.998544,199.33330542666667,1.9166666666666665,1.6703488E7,167772.0,0.0,2.933333333333333,0.0,0.0
1376445657,4,10399.998544,332.799953408,3.2,1.6703488E7,257250.4,0.0,5.2,1.4,0.7333333333333333
1376445957,4,10399.998544,233.99996724000002,2.25,1.6703488E7,402652.8,0.0,5.466666666666667,0.06666666666666667,0.0
1376446257,4,10399.998544,249.599965056,2.4,1.6703488E7,559240.0,0.0,18.333333333333332,6.933333333333334,0.2
1376446557,4,10399.998544,192.399973064,1.85,1.6703488E7,402652.8,0.0,3.066666666666667,0.0,0.0
1376446857,4,10399.998544,218.399969424,2.1,1.6703488E7,67108.8,0.0,11.8,0.2,0.6666666666666666
1376447157,4,10399.998544,197.59997233599998,1.9,1.6703488E7,55924.0,0.0,3.0,0.0,0.0
1376447457,4,10399.998544,194.13330615466666,1.8666666666666665,1.6703488E7,33554.4,0.0,3.1333333333333333,0.0,0.0
1376447757,4,10399.998544,197.59997233599998,1.9,1.6703488E7,145402.4,0.0,3.066666666666667,0.0,0.0
1376448057,4,10399.998544,197.59997233599998,1.9,1.6703488E7,134217.6,0.0,3.1333333333333333,0.0,0.0
1376448357,4,10399.998544,194.13330615466666,1.8666666666666665,1.6703488E7,100663.2,0.0,2.933333333333333,0.0,0.0
1376448657,4,10399.998544,195.86663924533335,1.8833333333333335,1.6703488E7,212511.2,0.0,3.2,0.0,0.0
1376448957,4,10399.998544,197.59997233599998,1.9,1.6703488E7,100663.2,0.0,2.933333333333333,0.0,0.0
1376449257,4,10399.998544,195.86663924533335,1.8833333333333335,1.6703488E7,145402.4,0.0,3.1333333333333333,0.0,0.0
1376449558,4,10399.998544,201.06663851733333,1.9333333333333333,1.6703488E7,134217.6,0.0,4.0,0.06666666666666667,0.0
1376449858,4,10399.998544,216.66663633333334,2.0833333333333335,1.6703488E7,167772.0,0.0,8.733333333333333,0.06666666666666667,0.0
1376450158,4,10399.998544,197.59997233599998,1.9,1.6703488E7,234880.8,0.0,2.8,0.0,0.0
1376450458,4,10399.998544,195.86663924533335,1.8833333333333335,1.6703488E7,100663.2,0.0,2.933333333333333,0.0,0.0
1376450758,4,10399.998544,209.73330397066667,2.0166666666666666,1.6703488E7,156587.2,0.0,2.7333333333333334,0.0,0.0
1376451058,4,10399.998544,201.06663851733333,1.9333333333333333,1.6703488E7,167772.0,0.0,2.8666666666666667,0.0,0.0
1376451358,4,10399.998544,197.59997233599998,1.9,1.6703488E7,156587.2,0.0,3.066666666666667,0.0,0.0
1376451658,4,10399.998544,194.13330615466666,1.8666666666666665,1.6703488E7,33554.4,0.0,2.8,0.0,0.0
1376451958,4,10399.998544,197.59997233599998,1.9,1.6703488E7,0.0,0.0,2.8666666666666667,0.0,0.0
1376452258,4,10399.998544,199.33330542666667,1.9166666666666665,1.6703488E7,0.0,0.0,2.933333333333333,0.0,0.0
1376452558,4,10399.998544,195.86663924533335,1.8833333333333335,1.6703488E7,100663.2,0.0,2.8666666666666667,0.0,0.0
1376452858,4,10399.998544,194.13330615466666,1.8666666666666665,1.6703488E7,134217.6,0.0,2.933333333333333,0.0,0.0
1376453158,4,10399.998544,199.33330542666667,1.9166666666666665,1.6703488E7,234880.8,0.0,4.133333333333334,0.06666666666666667,0.0
1376453458,4,10399.998544,216.66663633333334,2.0833333333333335,1.6703488E7,268435.2,0.0,8.866666666666667,0.06666666666666667,0.0
1376453758,4,10399.998544,197.59997233599998,1.9,1.6703488E7,369098.4,0.0,2.8,0.0,0.0
1376454058,4,10399.998544,194.13330615466666,1.8666666666666665,1.6703488E7,134217.6,0.0,2.933333333333333,0.0,0.0
1376454358,4,10399.998544,192.399973064,1.85,1.6703488E7,100663.2,0.0,2.8,0.0,0.0
1376454658,4,10399.998544,197.59997233599998,1.9,1.6703488E7,33554.4,0.0,3.066666666666667,0.0,0.0
1376454958,4,10399.998544,201.06663851733333,1.9333333333333333,1.6703488E7,167772.0,0.0,3.1333333333333333,0.0,0.0
1376455258,4,10399.998544,201.06663851733333,1.9333333333333333,1.6703488E7,33554.4,0.0,2.7333333333333334,0.0,0.0
1376455558,4,10399.998544,194.13330615466666,1.8666666666666665,1.6703488E7,100663.2,0.0,2.933333333333333,0.0,0.0
1376455858,4,10399.998544,195.86663924533335,1.8833333333333335,1.6703488E7,55924.0,0.0,2.8,0.0,0.0
1376456158,4,10399.998544,197.59997233599998,1.9,1.6703488E7,100663.2,0.0,2.933333333333333,0.0,0.0
1376456458,4,10399.998544,197.59997233599998,1.9,1.6703488E7,0.0,0.0,2.8666666666666667,0.0,0.0
1376456758,4,10399.998544,202.79997160799996,1.95,1.6703488E7,0.0,0.0,3.533333333333333,0.06666666666666667,0.0
1376457058,4,10399.998544,213.199970152,2.05,1.6703488E7,503316.0,0.0,9.066666666666666,0.06666666666666667,0.0
1376457359,4,10399.998544,192.399973064,1.85,1.6703488E7,279620.0,0.0,2.8,0.0,0.0
1376457659,4,10399.998544,194.13330615466666,1.8666666666666665,1.6703488E7,100663.2,0.0,2.8666666666666667,0.0,0.0
1376457959,4,10399.998544,194.13330615466666,1.8666666666666665,1.6703488E7,0.0,0.0,2.933333333333333,0.0,0.0
1376458259,4,10399.998544,194.13330615466666,1.8666666666666665,1.6703488E7,223696.0,0.0,3.1333333333333333,0.0,0.0
1376458559,4,10399.998544,199.33330542666667,1.9166666666666665,1.6703488E7,167772.0,0.0,3.2,0.0,0.0
1376458859,4,10399.998544,197.59997233599998,1.9,1.6703488E7,145402.4,0.0,3.0,0.0,0.0
1376459159,4,10399.998544,194.13330615466666,1.8666666666666665,1.6703488E7,100663.2,0.0,3.0,0.0,0.0
1376459459,4,10399.998544,190.66663997333336,1.8333333333333335,1.6703488E7,190141.6,0.0,2.933333333333333,0.0,0.0
1376459759,4,10399.998544,195.86663924533335,1.8833333333333335,1.6703488E7,33554.4,0.0,2.8666666666666667,0.0,0.0
1376460059,4,10399.998544,192.399973064,1.85,1.6703488E7,156587.2,0.0,3.1333333333333333,0.0,0.0
1376460359,4,10399.998544,211.4666370613333,2.033333333333333,1.6703488E7,324359.2,0.0,3.8666666666666667,0.06666666666666667,0.0
1376460659,4,10399.998544,232.26663414933333,2.2333333333333334,1.6703488E7,33554.4,0.0,9.0,0.06666666666666667,0.0
1376460959,4,10399.998544,195.86663924533335,1.8833333333333335,1.6703488E7,279620.0,0.0,2.7333333333333334,0.0,0.0
1376461258,4,10399.998544,195.86663924533335,1.8833333333333335,1.6703488E7,190141.6,0.0,3.2,0.0,0.0
1376461558,4,10399.998544,195.86663924533335,1.8833333333333335,1.6703488E7,190141.6,0.0,2.7333333333333334,0.0,0.0
1376461858,4,10399.998544,194.13330615466666,1.8666666666666665,1.6703488E7,0.0,0.0,3.0,0.0,0.0
1376462158,4,10399.998544,197.59997233599998,1.9,1.6703488E7,55924.0,0.0,3.3333333333333335,0.0,0.0
1376462458,4,10399.998544,199.33330542666667,1.9166666666666665,1.6703488E7,257250.4,0.0,3.0,0.0,0.0
1376462758,4,10399.998544,194.13330615466666,1.8666666666666665,1.6703488E7,145402.4,0.0,3.0,0.0,0.0
1376463059,4,10399.998544,195.86663924533335,1.8833333333333335,1.6703488E7,190141.6,0.0,2.7333333333333334,0.0,0.0
1376463359,4,10399.998544,197.59997233599998,1.9,1.6703488E7,145402.4,0.0,2.8666666666666667,0.0,0.0
1376463659,4,10399.998544,197.59997233599998,1.9,1.6703488E7,89478.4,0.0,3.0,0.0,0.0
1376463959,4,10399.998544,206.26663778933332,1.9833333333333334,1.6703488E7,167772.0,0.0,4.2,0.06666666666666667,0.0
1376464259,4,10399.998544,221.86663560533333,2.1333333333333333,1.6703488E7,413837.6,0.0,8.666666666666666,0.06666666666666667,0.0
1376464559,4,10399.998544,201.06663851733333,1.9333333333333333,1.6703488E7,212511.2,0.0,2.6,0.0,0.0
1376464859,4,10399.998544,199.33330542666667,1.9166666666666665,1.6703488E7,22369.6,0.0,3.1333333333333333,0.0,0.0
1376465159,4,10399.998544,206.26663778933332,1.9833333333333334,1.6703488E7,134217.6,0.0,2.6,0.0,0.0
1376465459,4,10399.998544,195.86663924533335,1.8833333333333335,1.6703488E7,11184.8,0.0,3.1333333333333333,0.0,0.0
1376465759,4,10399.998544,197.59997233599998,1.9,1.6703488E7,78293.6,0.0,3.2666666666666666,0.0,0.0
1376466059,4,10399.998544,197.59997233599998,1.9,1.6703488E7,78293.6,0.0,2.8,0.0,0.0
1376466359,4,10399.998544,194.13330615466666,1.8666666666666665,1.6703488E7,123032.8,0.0,2.8,0.0,0.0
1376466659,4,10399.998544,197.59997233599998,1.9,1.6703488E7,22369.6,0.0,2.7333333333333334,0.0,0.0
1376466959,4,10399.998544,192.399973064,1.85,1.6703488E7,55924.0,0.0,3.066666666666667,0.0,0.0
1376467259,4,10399.998544,195.86663924533335,1.8833333333333335,1.6703488E7,212511.2,0.0,2.8,0.0,0.0
1376467559,4,10399.998544,202.79997160799996,1.95,1.6703488E7,301989.6,0.0,3.6666666666666665,0.06666666666666667,0.0
1376467859,4,10399.998544,218.399969424,2.1,1.6703488E7,603979.2,0.0,8.666666666666666,0.06666666666666667,0.0
1376468159,4,10399.998544,197.59997233599998,1.9,1.6703488E7,268435.2,0.0,2.8,0.0,0.0
1376468459,4,10399.998544,195.86663924533335,1.8833333333333335,1.6703488E7,89478.4,0.0,3.0,0.0,0.0
1376468759,4,10399.998544,195.86663924533335,1.8833333333333335,1.6703488E7,78293.6,0.0,2.7333333333333334,0.0,0.0
1376469059,4,10399.998544,197.59997233599998,1.9,1.6703488E7,111848.0,0.0,2.933333333333333,0.0,0.0
1376469359,4,10399.998544,201.06663851733333,1.9333333333333333,1.6703488E7,156587.2,0.0,2.933333333333333,0.0,0.0
1376469659,4,10399.998544,194.13330615466666,1.8666666666666665,1.6703488E7,257250.4,0.0,2.8666666666666667,0.0,0.0
1376469959,4,10399.998544,194.13330615466666,1.8666666666666665,1.6703488E7,201326.4,0.0,2.933333333333333,0.0,0.0
1376470259,4,10399.998544,194.13330615466666,1.8666666666666665,1.6703488E7,134217.6,0.0,2.8,0.0,0.0
1376470559,4,10399.998544,194.13330615466666,1.8666666666666665,1.6703488E7,167772.0,0.0,2.8666666666666667,0.0,0.0
1376470859,4,10399.998544,197.59997233599998,1.9,1.6703488E7,190141.6,0.0,3.0,0.0,0.0
1376471159,4,10399.998544,202.79997160799996,1.95,1.6703488E7,145402.4,0.0,3.7333333333333334,0.06666666666666667,0.0
1376471459,4,10399.998544,214.93330324266663,2.0666666666666664,1.6703488E7,313174.4,0.0,8.799999999999999,0.06666666666666667,0.0
1376471759,4,10399.998544,197.59997233599998,1.9,1.6703488E7,190141.6,0.0,2.6,0.0,0.0
1376472059,4,10399.998544,197.59997233599998,1.9,1.6703488E7,67108.8,0.0,3.0,0.0,0.0
1376472359,4,10399.998544,194.13330615466666,1.8666666666666665,1.6703488E7,145402.4,0.0,2.7333333333333334,0.0,0.0
1376472659,4,10399.998544,195.86663924533335,1.8833333333333335,1.6703488E7,145402.4,0.0,3.0,0.0,0.0
1376472959,4,10399.998544,201.06663851733333,1.9333333333333333,1.6703488E7,156587.2,0.0,3.1333333333333333,0.0,0.0
1376473260,4,10399.998544,199.33330542666667,1.9166666666666665,1.6703488E7,134217.6,0.0,2.8,0.0,0.0
1376473560,4,10399.998544,195.86663924533335,1.8833333333333335,1.6703488E7,111848.0,0.0,2.8666666666666667,0.0,0.0
1376473860,4,10399.998544,197.59997233599998,1.9,1.6703488E7,246065.6,0.0,2.6666666666666665,0.0,0.0
1376474160,4,10399.998544,199.33330542666667,1.9166666666666665,1.6703488E7,402652.8,0.0,2.933333333333333,0.0,0.0
1376474460,4,10399.998544,194.13330615466666,1.8666666666666665,1.6703488E7,100663.2,0.0,2.933333333333333,0.0,0.0
1376474760,4,10399.998544,206.26663778933332,1.9833333333333334,1.6703488E7,212511.2,0.0,4.266666666666667,0.06666666666666667,0.0
1376475060,4,10399.998544,214.93330324266663,2.0666666666666664,1.6703488E7,234880.8,0.0,9.133333333333333,0.06666666666666667,0.0
1376475360,4,10399.998544,194.13330615466666,1.8666666666666665,1.6703488E7,167772.0,0.0,2.8,0.0,0.0
1376475660,4,10399.998544,202.79997160799996,1.95,1.6703488E7,55924.0,0.0,3.066666666666667,0.0,0.0
1376475960,4,10399.998544,195.86663924533335,1.8833333333333335,1.6703488E7,156587.2,0.0,2.6666666666666665,0.0,0.0
1376476260,4,10399.998544,192.399973064,1.85,1.6703488E7,201326.4,0.0,3.1333333333333333,0.0,0.0
1376476560,4,10399.998544,199.33330542666667,1.9166666666666665,1.6703488E7,268435.2,0.0,3.0,0.0,0.0
1376476860,4,10399.998544,194.13330615466666,1.8666666666666665,1.6703488E7,201326.4,0.0,2.8,0.0,0.0
1376477160,4,10399.998544,197.59997233599998,1.9,1.6703488E7,234880.8,0.0,3.0,0.0,0.0
1376477460,4,10399.998544,194.13330615466666,1.8666666666666665,1.6703488E7,223696.0,0.0,2.8666666666666667,0.0,0.0
1376477760,4,10399.998544,194.13330615466666,1.8666666666666665,1.6703488E7,201326.4,0.0,3.0,0.0,0.0
1376478060,4,10399.998544,192.399973064,1.85,1.6703488E7,100663.2,0.0,2.8666666666666667,0.0,0.0
1376478360,4,10399.998544,206.26663778933332,1.9833333333333334,1.6703488E7,234880.8,0.0,3.933333333333333,0.06666666666666667,0.0
1376478660,4,10399.998544,213.199970152,2.05,1.6703488E7,100663.2,0.0,8.733333333333333,0.06666666666666667,0.0
1376478960,4,10399.998544,194.13330615466666,1.8666666666666665,1.6703488E7,100663.2,0.0,2.933333333333333,0.0,0.0
1376479260,4,10399.998544,194.13330615466666,1.8666666666666665,1.6703488E7,346728.8,0.0,3.1333333333333333,0.0,0.0
1376479560,4,10399.998544,202.79997160799996,1.95,1.6703488E7,246065.6,0.0,2.533333333333333,0.0,0.0
1376479860,4,10399.998544,202.79997160799996,1.95,1.6703488E7,44739.2,0.0,2.933333333333333,0.0,0.0
1376480160,4,10399.998544,197.59997233599998,1.9,1.6703488E7,33554.4,0.0,3.066666666666667,0.0,0.0
1376480460,4,10399.998544,194.13330615466666,1.8666666666666665,1.6703488E7,268435.2,0.0,2.8666666666666667,0.0,0.0
1376480760,4,10399.998544,195.86663924533335,1.8833333333333335,1.6703488E7,223696.0,0.0,2.933333333333333,0.0,0.0
1376481060,4,10399.998544,194.13330615466666,1.8666666666666665,1.6703488E7,212511.2,0.0,2.8,0.0,0.0
1376481360,4,10399.998544,192.399973064,1.85,1.6703488E7,335544.0,0.0,2.933333333333333,0.0,0.0
1376481660,4,10399.998544,194.13330615466666,1.8666666666666665,1.6703488E7,33554.4,0.0,2.8,0.0,0.0
1376481960,4,10399.998544,204.53330469866665,1.9666666666666666,1.6703488E7,100663.2,0.0,3.933333333333333,0.06666666666666667,0.0
1376482261,4,10399.998544,213.199970152,2.05,1.6703488E7,324359.2,0.0,8.6,0.06666666666666667,0.0
1376482561,4,10399.998544,194.13330615466666,1.8666666666666665,1.6703488E7,167772.0,0.0,2.7333333333333334,0.0,0.0
1376482861,4,10399.998544,194.13330615466666,1.8666666666666665,1.6703488E7,145402.4,0.0,3.2,0.0,0.0
1376483161,4,10399.998544,190.66663997333336,1.8333333333333335,1.6703488E7,44739.2,0.0,2.933333333333333,0.0,0.0
1376483461,4,10399.998544,195.86663924533335,1.8833333333333335,1.6703488E7,67108.8,0.0,3.3333333333333335,0.0,0.0
1376483761,4,10399.998544,197.59997233599998,1.9,1.6703488E7,123032.8,0.0,3.1333333333333333,0.0,0.0
1376484061,4,10399.998544,190.66663997333336,1.8333333333333335,1.6703488E7,111848.0,0.0,3.2666666666666666,0.0,0.0
1376484361,4,10399.998544,190.66663997333336,1.8333333333333335,1.6703488E7,145402.4,0.0,2.933333333333333,0.0,0.0
1376484661,4,10399.998544,192.399973064,1.85,1.6703488E7,55924.0,0.0,3.066666666666667,0.0,0.0
1376484961,4,10399.998544,192.399973064,1.85,1.6703488E7,134217.6,0.0,3.0,0.0,0.0
1376485261,4,10399.998544,192.399973064,1.85,1.6703488E7,44739.2,0.0,2.933333333333333,0.0,0.0
1376485561,4,10399.998544,201.06663851733333,1.9333333333333333,1.6703488E7,0.0,0.0,4.666666666666667,0.06666666666666667,0.0
1376485861,4,10399.998544,216.66663633333334,2.0833333333333335,1.6703488E7,380283.2,0.0,8.6,0.06666666666666667,0.0
1376486161,4,10399.998544,194.13330615466666,1.8666666666666665,1.6703488E7,246065.6,0.0,3.1333333333333333,0.0,0.0
1376486461,4,10399.998544,195.86663924533335,1.8833333333333335,1.6703488E7,134217.6,0.0,3.0,0.0,0.0
1376486761,4,10399.998544,192.399973064,1.85,1.6703488E7,33554.4,0.0,3.0,0.0,0.0
1376487061,4,10399.998544,194.13330615466666,1.8666666666666665,1.6703488E7,167772.0,0.0,3.066666666666667,0.0,0.0
1376487361,4,10399.998544,194.13330615466666,1.8666666666666665,1.6703488E7,123032.8,0.0,3.1333333333333333,0.0,0.0
1376487661,4,10399.998544,195.86663924533335,1.8833333333333335,1.6703488E7,246065.6,0.0,3.066666666666667,0.0,0.0
1376487961,4,10399.998544,192.399973064,1.85,1.6703488E7,190141.6,0.0,2.933333333333333,0.0,0.0
1376488261,4,10399.998544,192.399973064,1.85,1.6703488E7,134217.6,0.0,3.066666666666667,0.0,0.0
1376488561,4,10399.998544,192.399973064,1.85,1.6703488E7,268435.2,0.0,2.8,0.0,0.0
1376488861,4,10399.998544,194.13330615466666,1.8666666666666665,1.6703488E7,156587.2,0.0,3.066666666666667,0.0,0.0
1376489161,4,10399.998544,206.26663778933332,1.9833333333333334,1.6703488E7,223696.0,0.0,4.0,0.06666666666666667,0.0
1376489461,4,10399.998544,214.93330324266663,2.0666666666666664,1.6703488E7,369098.4,0.0,8.799999999999999,0.06666666666666667,0.0
1376489761,4,10399.998544,194.13330615466666,1.8666666666666665,1.6703488E7,234880.8,0.0,3.0,0.0,0.0
1376490061,4,10399.998544,195.86663924533335,1.8833333333333335,1.6703488E7,123032.8,0.0,2.8666666666666667,0.0,0.0
1376490362,4,10399.998544,192.399973064,1.85,1.6703488E7,212511.2,0.0,2.933333333333333,0.0,0.0
1376490662,4,10399.998544,190.66663997333336,1.8333333333333335,1.6703488E7,89478.4,0.0,2.933333333333333,0.0,0.0
1376490962,4,10399.998544,195.86663924533335,1.8833333333333335,1.6703488E7,111848.0,0.0,3.066666666666667,0.0,0.0
1376491262,4,10399.998544,194.13330615466666,1.8666666666666665,1.6703488E7,100663.2,0.0,3.0,0.0,0.0
1376491562,4,10399.998544,194.13330615466666,1.8666666666666665,1.6703488E7,145402.4,0.0,2.8666666666666667,0.0,0.0
1376491862,4,10399.998544,194.13330615466666,1.8666666666666665,1.6703488E7,33554.4,0.0,3.0,0.0,0.0
1376492162,4,10399.998544,194.13330615466666,1.8666666666666665,1.6703488E7,223696.0,0.0,2.6666666666666665,0.0,0.0
1376492462,4,10399.998544,195.86663924533335,1.8833333333333335,1.6703488E7,100663.2,0.0,2.933333333333333,0.0,0.0
1376492762,4,10399.998544,202.79997160799996,1.95,1.6703488E7,145402.4,0.0,3.8,0.06666666666666667,0.0
1376493062,4,10399.998544,214.93330324266663,2.0666666666666664,1.6703488E7,246065.6,0.0,8.733333333333333,0.06666666666666667,0.0
1376493362,4,10399.998544,192.399973064,1.85,1.6703488E7,123032.8,0.0,3.533333333333333,0.4,0.0
1376493662,4,10399.998544,213.199970152,2.05,1.6703488E7,201326.4,0.0,12.133333333333333,4.6,0.0
1376493962,4,10399.998544,207.99997088,2.0,1.6703488E7,0.0,0.0,11.933333333333334,4.666666666666667,0.0
1376494261,4,10399.998544,213.199970152,2.05,1.6703488E7,67108.8,0.0,11.933333333333334,4.666666666666667,0.0
1376494561,4,10399.998544,207.99997088,2.0,1.6703488E7,0.0,0.0,12.466666666666667,4.6,0.0
1376494861,4,10399.998544,213.199970152,2.05,1.6703488E7,246065.6,0.0,12.066666666666666,4.533333333333333,0.0
1376495161,4,10399.998544,207.99997088,2.0,1.6703488E7,223696.0,0.0,12.2,4.6,0.0
1376495461,4,10399.998544,213.199970152,2.05,1.6703488E7,313174.4,0.0,12.133333333333333,4.533333333333333,0.0
1376495761,4,10399.998544,216.66663633333334,2.0833333333333335,1.6703488E7,178956.8,0.0,12.266666666666666,4.6,0.0
1376496061,4,10399.998544,207.99997088,2.0,1.6703488E7,100663.2,0.0,12.133333333333333,4.466666666666667,0.0
1376496362,4,10399.998544,220.1333025146667,2.1166666666666667,1.6703488E7,134217.6,0.0,13.533333333333333,4.666666666666667,0.13333333333333333
1376496662,4,10399.998544,228.79996796800003,2.2,1.6703488E7,324359.2,0.0,18.133333333333333,4.733333333333333,0.0
1376496962,4,10399.998544,213.199970152,2.05,1.6703488E7,89478.4,0.0,12.2,4.533333333333333,0.0
1376497262,4,10399.998544,207.99997088,2.0,1.6703488E7,212511.2,0.0,12.466666666666667,4.6,0.0
1376497562,4,10399.998544,213.199970152,2.05,1.6703488E7,212511.2,0.0,12.266666666666666,4.533333333333333,0.0
1376497862,4,10399.998544,207.99997088,2.0,1.6703488E7,145402.4,0.0,12.333333333333332,4.533333333333333,0.0
1376498162,4,10399.998544,214.93330324266663,2.0666666666666664,1.6703488E7,212511.2,0.0,12.4,4.6,0.0
1376498462,4,10399.998544,207.99997088,2.0,1.6703488E7,167772.0,0.0,12.2,4.666666666666667,0.0
1376498762,4,10399.998544,213.199970152,2.05,1.6703488E7,268435.2,0.0,12.0,4.6,0.0
1376499062,4,10399.998544,207.99997088,2.0,1.6703488E7,156587.2,0.0,12.2,4.666666666666667,0.0
1376499362,4,10399.998544,213.199970152,2.05,1.6703488E7,223696.0,0.0,11.933333333333334,4.533333333333333,0.0
1376499662,4,10399.998544,207.99997088,2.0,1.6703488E7,324359.2,0.0,12.266666666666666,4.533333333333333,0.0
1376499962,4,10399.998544,220.1333025146667,2.1166666666666667,1.6703488E7,167772.0,0.0,13.2,4.6,0.06666666666666667
1376500262,4,10399.998544,228.79996796800003,2.2,1.6703488E7,402652.8,0.0,17.866666666666667,4.6,0.0
1376500562,4,10399.998544,213.199970152,2.05,1.6703488E7,268435.2,0.0,12.4,4.533333333333333,0.0
1376500862,4,10399.998544,207.99997088,2.0,1.6703488E7,201326.4,0.0,12.066666666666666,4.533333333333333,0.0
1376501162,4,10399.998544,213.199970152,2.05,1.6703488E7,33554.4,0.0,12.2,4.6,0.0
1376501462,4,10399.998544,207.99997088,2.0,1.6703488E7,89478.4,0.0,12.333333333333334,4.533333333333333,0.0
1376501762,4,10399.998544,213.199970152,2.05,1.6703488E7,167772.0,0.0,12.4,4.6,0.0
1376502062,4,10399.998544,207.99997088,2.0,1.6703488E7,67108.8,0.0,12.266666666666666,4.666666666666667,0.0
1376502362,4,10399.998544,213.199970152,2.05,1.6703488E7,145402.4,0.0,12.0,4.533333333333333,0.0
1376502662,4,10399.998544,207.99997088,2.0,1.6703488E7,33554.4,0.0,12.600000000000001,4.666666666666667,0.0
1376502962,4,10399.998544,213.199970152,2.05,1.6703488E7,67108.8,0.0,12.0,4.533333333333333,0.0
1376503263,4,10399.998544,207.99997088,2.0,1.6703488E7,145402.4,0.0,12.133333333333333,4.533333333333333,0.0
1376503563,4,10399.998544,216.66663633333334,2.0833333333333335,1.6703488E7,268435.2,0.0,13.266666666666666,4.533333333333333,0.0
1376503863,4,10399.998544,228.79996796800003,2.2,1.6703488E7,369098.4,0.0,17.53333333333333,4.466666666666667,0.0
1376504163,4,10399.998544,213.199970152,2.05,1.6703488E7,313174.4,0.0,12.133333333333333,4.466666666666667,0.0
1376504463,4,10399.998544,207.99997088,2.0,1.6703488E7,156587.2,0.0,11.933333333333334,4.6,0.0
1376504763,4,10399.998544,213.199970152,2.05,1.6703488E7,100663.2,0.0,12.2,4.6,0.0
1376505063,4,10399.998544,207.99997088,2.0,1.6703488E7,156587.2,0.0,12.2,4.6,0.0
1376505363,4,10399.998544,213.199970152,2.05,1.6703488E7,279620.0,0.0,12.333333333333334,4.666666666666667,0.0
1376505663,4,10399.998544,207.99997088,2.0,1.6703488E7,167772.0,0.0,12.4,4.533333333333333,0.0
1376505963,4,10399.998544,213.199970152,2.05,1.6703488E7,167772.0,0.0,11.933333333333334,4.666666666666667,0.0
1376506263,4,10399.998544,209.73330397066667,2.0166666666666666,1.6703488E7,167772.0,0.0,12.2,4.6,0.0
1376506563,4,10399.998544,213.199970152,2.05,1.6703488E7,145402.4,0.0,11.866666666666667,4.6,0.0
1376506863,4,10399.998544,220.1333025146667,2.1166666666666667,1.6703488E7,100663.2,0.0,12.266666666666666,4.466666666666667,0.0
1376507163,4,10399.998544,228.79996796800003,2.2,1.6703488E7,257250.4,0.0,13.533333333333331,4.666666666666667,0.13333333333333333
1376507463,4,10399.998544,228.79996796800003,2.2,1.6703488E7,425022.4,0.0,17.6,4.733333333333333,0.0
1376507763,4,10399.998544,213.199970152,2.05,1.6703488E7,67108.8,0.0,12.333333333333332,4.733333333333333,0.0
1376508063,4,10399.998544,207.99997088,2.0,1.6703488E7,55924.0,0.0,12.2,4.666666666666667,0.0
1376508363,4,10399.998544,213.199970152,2.05,1.6703488E7,167772.0,0.0,12.133333333333333,4.533333333333333,0.0
1376508663,4,10399.998544,207.99997088,2.0,1.6703488E7,134217.6,0.0,11.8,4.4,0.0
1376508963,4,10399.998544,214.93330324266663,2.0666666666666664,1.6703488E7,335544.0,0.0,12.466666666666667,4.466666666666667,0.0
1376509263,4,10399.998544,209.73330397066667,2.0166666666666666,1.6703488E7,156587.2,0.0,11.933333333333334,4.6,0.0
1376509563,4,10399.998544,213.199970152,2.05,1.6703488E7,268435.2,0.0,12.2,4.533333333333333,0.0
1376509863,4,10399.998544,207.99997088,2.0,1.6703488E7,257250.4,0.0,11.866666666666667,4.4,0.0
1376510163,4,10399.998544,214.93330324266663,2.0666666666666664,1.6703488E7,201326.4,0.0,11.8,4.533333333333333,0.0
1376510463,4,10399.998544,207.99997088,2.0,1.6703488E7,100663.2,0.0,12.2,4.6,0.0
1376510763,4,10399.998544,218.399969424,2.1,1.6703488E7,134217.6,0.0,12.933333333333334,4.666666666666667,0.13333333333333333
1376511064,4,10399.998544,228.79996796800003,2.2,1.6703488E7,279620.0,0.0,18.133333333333333,4.533333333333333,0.0
1376511364,4,10399.998544,213.199970152,2.05,1.6703488E7,111848.0,0.0,12.2,4.533333333333333,0.0
1376511664,4,10399.998544,207.99997088,2.0,1.6703488E7,201326.4,0.0,12.333333333333334,4.466666666666667,0.0
1376511964,4,10399.998544,213.199970152,2.05,1.6703488E7,145402.4,0.0,12.666666666666668,4.533333333333333,0.0
1376512264,4,10399.998544,209.73330397066667,2.0166666666666666,1.6703488E7,67108.8,0.0,12.0,4.6,0.0
1376512564,4,10399.998544,214.93330324266663,2.0666666666666664,1.6703488E7,190141.6,0.0,12.399999999999999,4.466666666666667,0.0
1376512864,4,10399.998544,209.73330397066667,2.0166666666666666,1.6703488E7,111848.0,0.0,12.533333333333335,4.533333333333333,0.0
1376513164,4,10399.998544,213.199970152,2.05,1.6703488E7,145402.4,0.0,11.866666666666667,4.666666666666667,0.0
1376513464,4,10399.998544,207.99997088,2.0,1.6703488E7,89478.4,0.0,12.2,4.6,0.0
1376513764,4,10399.998544,213.199970152,2.05,1.6703488E7,234880.8,0.0,12.0,4.666666666666667,0.0
1376514064,4,10399.998544,207.99997088,2.0,1.6703488E7,67108.8,0.0,12.066666666666666,4.6,0.0
1376514364,4,10399.998544,220.1333025146667,2.1166666666666667,1.6703488E7,201326.4,0.0,13.533333333333333,4.6,0.06666666666666667
1376514664,4,10399.998544,228.79996796800003,2.2,1.6703488E7,480946.4,0.0,17.733333333333334,4.6,0.06666666666666667
1376514964,4,10399.998544,213.199970152,2.05,1.6703488E7,268435.2,0.0,12.133333333333333,4.6,0.0
1376515264,4,10399.998544,207.99997088,2.0,1.6703488E7,67108.8,0.0,12.266666666666666,4.533333333333333,0.0
1376515564,4,10399.998544,213.199970152,2.05,1.6703488E7,55924.0,0.0,11.8,4.6,0.0
1376515864,4,10399.998544,207.99997088,2.0,1.6703488E7,0.0,0.0,12.266666666666666,4.466666666666667,0.0
1376516164,4,10399.998544,213.199970152,2.05,1.6703488E7,190141.6,0.0,12.333333333333332,4.6,0.0
1376516464,4,10399.998544,207.99997088,2.0,1.6703488E7,290804.8,0.0,12.266666666666666,4.666666666666667,0.0
1376516764,4,10399.998544,213.199970152,2.05,1.6703488E7,246065.6,0.0,12.2,4.533333333333333,0.0
1376517064,4,10399.998544,207.99997088,2.0,1.6703488E7,201326.4,0.0,12.133333333333333,4.6,0.0
1376517365,4,10399.998544,213.199970152,2.05,1.6703488E7,257250.4,0.0,13.133333333333333,4.533333333333333,0.0
1376517665,4,10399.998544,207.99997088,2.0,1.6703488E7,335544.0,0.0,12.333333333333332,4.6,0.0
1376517965,4,10399.998544,216.66663633333334,2.0833333333333335,1.6703488E7,335544.0,0.0,13.399999999999999,4.866666666666666,0.06666666666666667
1376518265,4,10399.998544,228.79996796800003,2.2,1.6703488E7,603979.2,0.0,18.0,4.6,0.06666666666666667
1376518565,4,10399.998544,213.199970152,2.05,1.6703488E7,503316.0,0.0,11.866666666666667,4.6,0.0
1376518865,4,10399.998544,207.99997088,2.0,1.6703488E7,89478.4,0.0,12.266666666666666,4.6,0.0
1376519165,4,10399.998544,204.53330469866665,1.9666666666666666,1.6703488E7,290804.8,0.0,6.533333333333333,1.8666666666666667,0.0
1376519465,4,10399.998544,192.399973064,1.85,1.6703488E7,22369.6,0.0,2.8,0.0,0.0
1376519765,4,10399.998544,195.86663924533335,1.8833333333333335,1.6703488E7,44739.2,0.0,3.0,0.0,0.0
1376520065,4,10399.998544,272.13329523466666,2.6166666666666667,1.6703488E7,234880.8,0.0,27.2,1.3333333333333333,2.3333333333333335
1376520365,4,10399.998544,195.86663924533335,1.8833333333333335,1.6703488E7,346728.8,0.0,3.933333333333333,0.0,0.0
1376520665,4,10399.998544,192.399973064,1.85,1.6703488E7,22369.6,0.0,2.8,0.0,0.0
1376520965,4,10399.998544,195.86663924533335,1.8833333333333335,1.6703488E7,44739.2,0.0,2.8,0.0,0.0
1376521265,4,10399.998544,190.66663997333336,1.8333333333333335,1.6703488E7,22369.6,0.0,2.933333333333333,0.0,0.0
1376521565,4,10399.998544,204.53330469866665,1.9666666666666666,1.6703488E7,234880.8,0.0,3.8,0.06666666666666667,0.0
1376521865,4,10399.998544,209.73330397066667,2.0166666666666666,1.6703488E7,167772.0,0.0,8.733333333333333,0.06666666666666667,0.0
1376522165,4,10399.998544,192.399973064,1.85,1.6703488E7,89478.4,0.0,2.7333333333333334,0.0,0.0
1376522465,4,10399.998544,194.13330615466666,1.8666666666666665,1.6703488E7,0.0,0.0,2.933333333333333,0.0,0.0
1376522765,4,10399.998544,199.33330542666667,1.9166666666666665,1.6703488E7,134217.6,0.0,2.8,0.0,0.0
1376523065,4,10399.998544,188.93330688266667,1.8166666666666667,1.6703488E7,100663.2,0.0,2.8,0.0,0.0
1376523365,4,10399.998544,197.59997233599998,1.9,1.6703488E7,201326.4,0.0,3.0,0.0,0.0
1376523665,4,10399.998544,190.66663997333336,1.8333333333333335,1.6703488E7,89478.4,0.0,2.933333333333333,0.0,0.0
1376523965,4,10399.998544,194.13330615466666,1.8666666666666665,1.6703488E7,0.0,0.0,2.8666666666666667,0.0,0.0
1376524265,4,10399.998544,185.46664070133335,1.7833333333333334,1.6703488E7,67108.8,0.0,2.8,0.0,0.0
1376524565,4,10399.998544,194.13330615466666,1.8666666666666665,1.6703488E7,67108.8,0.0,2.8,0.0,0.0
1376524865,4,10399.998544,190.66663997333336,1.8333333333333335,1.6703488E7,33554.4,0.0,2.933333333333333,0.0,0.0
1376525165,4,10399.998544,223.599968696,2.15,1.6703488E7,167772.0,0.0,8.866666666666667,0.06666666666666667,0.2
1376525465,4,10399.998544,207.99997088,2.0,1.6703488E7,301989.6,0.0,8.733333333333333,0.06666666666666667,0.0
1376525765,4,10399.998544,194.13330615466666,1.8666666666666665,1.6703488E7,167772.0,0.0,2.7333333333333334,0.0,0.0
1376526065,4,10399.998544,190.66663997333336,1.8333333333333335,1.6703488E7,33554.4,0.0,2.933333333333333,0.0,0.0
1376526365,4,10399.998544,195.86663924533335,1.8833333333333335,1.6703488E7,0.0,0.0,2.7333333333333334,0.0,0.0
1376526665,4,10399.998544,190.66663997333336,1.8333333333333335,1.6703488E7,111848.0,0.0,3.2,0.0,0.0
1376526965,4,10399.998544,194.13330615466666,1.8666666666666665,1.6703488E7,201326.4,0.0,3.3333333333333335,0.0,0.0
1376527265,4,10399.998544,192.399973064,1.85,1.6703488E7,33554.4,0.0,2.933333333333333,0.0,0.0
1376527565,4,10399.998544,192.399973064,1.85,1.6703488E7,100663.2,0.0,3.066666666666667,0.0,0.0
1376527865,4,10399.998544,183.73330761066666,1.7666666666666666,1.6703488E7,100663.2,0.0,3.0,0.0,0.0
1376528165,4,10399.998544,197.59997233599998,1.9,1.6703488E7,0.0,0.0,2.933333333333333,0.0,0.0
1376528465,4,10399.998544,192.399973064,1.85,1.6703488E7,167772.0,0.0,2.8666666666666667,0.0,0.0
1376528765,4,10399.998544,206.26663778933332,1.9833333333333334,1.6703488E7,257250.4,0.0,4.4,0.06666666666666667,0.0
1376529065,4,10399.998544,216.66663633333334,2.0833333333333335,1.6703488E7,301989.6,0.0,8.933333333333334,0.06666666666666667,0.0
1376529365,4,10399.998544,192.399973064,1.85,1.6703488E7,134217.6,0.0,2.8,0.0,0.0
1376529666,4,10399.998544,192.399973064,1.85,1.6703488E7,0.0,0.0,3.2,0.0,0.0
1376529966,4,10399.998544,192.399973064,1.85,1.6703488E7,100663.2,0.0,2.6666666666666665,0.0,0.0
1376530266,4,10399.998544,195.86663924533335,1.8833333333333335,1.6703488E7,201326.4,0.0,2.8666666666666667,0.0,0.0
1376530566,4,10399.998544,194.13330615466666,1.8666666666666665,1.6703488E7,134217.6,0.0,2.933333333333333,0.0,0.0
1376530866,4,10399.998544,209.73330397066667,2.0166666666666666,1.6703488E7,212511.2,0.0,11.666666666666668,0.2,0.6666666666666666
1376531166,4,10399.998544,194.13330615466666,1.8666666666666665,1.6703488E7,100663.2,0.0,2.8666666666666667,0.0,0.0
1376531466,4,10399.998544,197.59997233599998,1.9,1.6703488E7,156587.2,0.0,2.6666666666666665,0.0,0.0
1376531766,4,10399.998544,197.59997233599998,1.9,1.6703488E7,100663.2,0.0,2.933333333333333,0.0,0.0
1376532066,4,10399.998544,334.5332864986667,3.216666666666667,1.6703488E7,156587.2,0.0,4.8,1.4666666666666666,0.7333333333333333
1376532366,4,10399.998544,227.06663487733334,2.1833333333333336,1.6703488E7,257250.4,0.0,5.533333333333333,0.06666666666666667,0.0
1376532666,4,10399.998544,216.66663633333334,2.0833333333333335,1.6703488E7,391468.0,0.0,8.666666666666666,0.06666666666666667,0.0
1376532966,4,10399.998544,195.86663924533335,1.8833333333333335,1.6703488E7,201326.4,0.0,2.933333333333333,0.0,0.0
1376533266,4,10399.998544,230.5333010586667,2.216666666666667,1.6703488E7,335544.0,0.0,17.0,6.866666666666666,0.2
1376533566,4,10399.998544,195.86663924533335,1.8833333333333335,1.6703488E7,178956.8,0.0,2.933333333333333,0.0,0.0
1376533866,4,10399.998544,195.86663924533335,1.8833333333333335,1.6703488E7,0.0,0.0,3.3333333333333335,0.0,0.0
1376534166,4,10399.998544,199.33330542666667,1.9166666666666665,1.6703488E7,67108.8,0.0,3.2,0.0,0.0
1376534466,4,10399.998544,192.399973064,1.85,1.6703488E7,145402.4,0.0,3.2,0.0,0.0
1376534766,4,10399.998544,195.86663924533335,1.8833333333333335,1.6703488E7,100663.2,0.0,3.0,0.0,0.0
1376535066,4,10399.998544,195.86663924533335,1.8833333333333335,1.6703488E7,123032.8,0.0,2.8,0.0,0.0
1376535366,4,10399.998544,195.86663924533335,1.8833333333333335,1.6703488E7,89478.4,0.0,2.933333333333333,0.0,0.0
1376535666,4,10399.998544,194.13330615466666,1.8666666666666665,1.6703488E7,167772.0,0.0,2.8666666666666667,0.0,0.0
1376535966,4,10399.998544,199.33330542666667,1.9166666666666665,1.6703488E7,111848.0,0.0,3.8,0.06666666666666667,0.0
1376536266,4,10399.998544,209.73330397066667,2.0166666666666666,1.6703488E7,223696.0,0.0,8.666666666666666,0.06666666666666667,0.0
1376536566,4,10399.998544,195.86663924533335,1.8833333333333335,1.6703488E7,123032.8,0.0,2.8666666666666667,0.0,0.0
1376536866,4,10399.998544,194.13330615466666,1.8666666666666665,1.6703488E7,156587.2,0.0,3.066666666666667,0.0,0.0
1376537166,4,10399.998544,190.66663997333336,1.8333333333333335,1.6703488E7,201326.4,0.0,2.8,0.0,0.0
1376537466,4,10399.998544,194.13330615466666,1.8666666666666665,1.6703488E7,111848.0,0.0,3.2,0.0,0.0
1376537766,4,10399.998544,197.59997233599998,1.9,1.6703488E7,100663.2,0.0,3.2,0.0,0.0
1376538066,4,10399.998544,194.13330615466666,1.8666666666666665,1.6703488E7,156587.2,0.0,2.933333333333333,0.0,0.0
1376538366,4,10399.998544,190.66663997333336,1.8333333333333335,1.6703488E7,212511.2,0.0,3.0,0.0,0.0
1376538666,4,10399.998544,192.399973064,1.85,1.6703488E7,123032.8,0.0,2.933333333333333,0.0,0.0
1376538967,4,10399.998544,194.13330615466666,1.8666666666666665,1.6703488E7,123032.8,0.0,2.933333333333333,0.0,0.0
1376539267,4,10399.998544,197.59997233599998,1.9,1.6703488E7,111848.0,0.0,3.066666666666667,0.0,0.0
1376539567,4,10399.998544,202.79997160799996,1.95,1.6703488E7,123032.8,0.0,4.266666666666667,0.06666666666666667,0.0
1376539867,4,10399.998544,213.199970152,2.05,1.6703488E7,301989.6,0.0,8.6,0.06666666666666667,0.0
1376540167,4,10399.998544,190.66663997333336,1.8333333333333335,1.6703488E7,257250.4,0.0,3.0,0.0,0.0
1376540466,4,10399.998544,204.53330469866665,1.9666666666666666,1.6703488E7,134217.6,0.0,3.066666666666667,0.0,0.0
1376540766,4,10399.998544,190.66663997333336,1.8333333333333335,1.6703488E7,100663.2,0.0,2.8666666666666667,0.0,0.0
1376541066,4,10399.998544,194.13330615466666,1.8666666666666665,1.6703488E7,212511.2,0.0,3.066666666666667,0.0,0.0
1376541366,4,10399.998544,195.86663924533335,1.8833333333333335,1.6703488E7,111848.0,0.0,3.0,0.0,0.0
1376541666,4,10399.998544,192.399973064,1.85,1.6703488E7,167772.0,0.0,3.066666666666667,0.0,0.0
1376541966,4,10399.998544,188.93330688266667,1.8166666666666667,1.6703488E7,89478.4,0.0,2.8666666666666667,0.0,0.0
1376542267,4,10399.998544,194.13330615466666,1.8666666666666665,1.6703488E7,22369.6,0.0,2.933333333333333,0.0,0.0
1376542567,4,10399.998544,194.13330615466666,1.8666666666666665,1.6703488E7,111848.0,0.0,2.8,0.0,0.0
1376542867,4,10399.998544,194.13330615466666,1.8666666666666665,1.6703488E7,134217.6,0.0,2.8666666666666667,0.0,0.0
1376543167,4,10399.998544,199.33330542666667,1.9166666666666665,1.6703488E7,134217.6,0.0,3.8,0.06666666666666667,0.0
1376543467,4,10399.998544,211.4666370613333,2.033333333333333,1.6703488E7,402652.8,0.0,8.799999999999999,0.06666666666666667,0.0
1376543767,4,10399.998544,195.86663924533335,1.8833333333333335,1.6703488E7,178956.8,0.0,2.8,0.0,0.0
1376544067,4,10399.998544,194.13330615466666,1.8666666666666665,1.6703488E7,156587.2,0.0,2.933333333333333,0.0,0.0
1376544367,4,10399.998544,194.13330615466666,1.8666666666666665,1.6703488E7,89478.4,0.0,2.8666666666666667,0.0,0.0
1376544667,4,10399.998544,194.13330615466666,1.8666666666666665,1.6703488E7,11184.8,0.0,3.0,0.0,0.0
1376544967,4,10399.998544,195.86663924533335,1.8833333333333335,1.6703488E7,100663.2,0.0,3.066666666666667,0.0,0.0
1376545267,4,10399.998544,192.399973064,1.85,1.6703488E7,55924.0,0.0,2.8,0.0,0.0
1376545567,4,10399.998544,194.13330615466666,1.8666666666666665,1.6703488E7,190141.6,0.0,3.0,0.0,0.0
1376545867,4,10399.998544,194.13330615466666,1.8666666666666665,1.6703488E7,167772.0,0.0,3.0,0.0,0.0
1376546167,4,10399.998544,192.399973064,1.85,1.6703488E7,55924.0,0.0,2.933333333333333,0.0,0.0
1376546467,4,10399.998544,194.13330615466666,1.8666666666666665,1.6703488E7,11184.8,0.0,2.933333333333333,0.0,0.0
1376546767,4,10399.998544,206.26663778933332,1.9833333333333334,1.6703488E7,268435.2,0.0,3.8,0.06666666666666667,0.0
1376547067,4,10399.998544,214.93330324266663,2.0666666666666664,1.6703488E7,324359.2,0.0,8.799999999999999,0.06666666666666667,0.0
1376547367,4,10399.998544,194.13330615466666,1.8666666666666665,1.6703488E7,100663.2,0.0,2.8,0.0,0.0
1376547667,4,10399.998544,195.86663924533335,1.8833333333333335,1.6703488E7,78293.6,0.0,3.066666666666667,0.0,0.0
1376547967,4,10399.998544,194.13330615466666,1.8666666666666665,1.6703488E7,212511.2,0.0,2.7333333333333334,0.0,0.0
1376548267,4,10399.998544,197.59997233599998,1.9,1.6703488E7,100663.2,0.0,3.066666666666667,0.0,0.0
1376548567,4,10399.998544,197.59997233599998,1.9,1.6703488E7,134217.6,0.0,3.1333333333333333,0.0,0.0
1376548867,4,10399.998544,192.399973064,1.85,1.6703488E7,190141.6,0.0,3.066666666666667,0.0,0.0
1376549167,4,10399.998544,195.86663924533335,1.8833333333333335,1.6703488E7,167772.0,0.0,2.8666666666666667,0.0,0.0
1376549467,4,10399.998544,197.59997233599998,1.9,1.6703488E7,190141.6,0.0,3.0,0.0,0.0
1376549767,4,10399.998544,194.13330615466666,1.8666666666666665,1.6703488E7,123032.8,0.0,2.933333333333333,0.0,0.0
1376550067,4,10399.998544,197.59997233599998,1.9,1.6703488E7,134217.6,0.0,2.933333333333333,0.0,0.0
1376550367,4,10399.998544,206.26663778933332,1.9833333333333334,1.6703488E7,100663.2,0.0,4.6,0.06666666666666667,0.0
1376550667,4,10399.998544,213.199970152,2.05,1.6703488E7,335544.0,0.0,8.733333333333333,0.06666666666666667,0.0
1376550968,4,10399.998544,195.86663924533335,1.8833333333333335,1.6703488E7,234880.8,0.0,2.8666666666666667,0.0,0.0
1376551268,4,10399.998544,197.59997233599998,1.9,1.6703488E7,167772.0,0.0,3.0,0.0,0.0
1376551568,4,10399.998544,192.399973064,1.85,1.6703488E7,234880.8,0.0,2.933333333333333,0.0,0.0
1376551868,4,10399.998544,192.399973064,1.85,1.6703488E7,67108.8,0.0,3.0,0.0,0.0
1376552168,4,10399.998544,192.399973064,1.85,1.6703488E7,134217.6,0.0,3.1333333333333333,0.0,0.0
1376552468,4,10399.998544,192.399973064,1.85,1.6703488E7,156587.2,0.0,3.066666666666667,0.0,0.0
1376552768,4,10399.998544,192.399973064,1.85,1.6703488E7,33554.4,0.0,2.6666666666666665,0.0,0.0
1376553068,4,10399.998544,192.399973064,1.85,1.6703488E7,0.0,0.0,2.8666666666666667,0.0,0.0
1376553368,4,10399.998544,195.86663924533335,1.8833333333333335,1.6703488E7,0.0,0.0,2.933333333333333,0.0,0.0
1376553668,4,10399.998544,194.13330615466666,1.8666666666666665,1.6703488E7,178956.8,0.0,3.066666666666667,0.0,0.0
1376553968,4,10399.998544,202.79997160799996,1.95,1.6703488E7,234880.8,0.0,4.133333333333334,0.06666666666666667,0.0
1376554268,4,10399.998544,209.73330397066667,2.0166666666666666,1.6703488E7,335544.0,0.0,8.666666666666666,0.06666666666666667,0.0
1376554568,4,10399.998544,194.13330615466666,1.8666666666666665,1.6703488E7,234880.8,0.0,2.8666666666666667,0.0,0.0
1376554868,4,10399.998544,194.13330615466666,1.8666666666666665,1.6703488E7,201326.4,0.0,3.0,0.0,0.0
1376555168,4,10399.998544,190.66663997333336,1.8333333333333335,1.6703488E7,234880.8,0.0,2.8,0.0,0.0
1376555468,4,10399.998544,194.13330615466666,1.8666666666666665,1.6703488E7,134217.6,0.0,3.0,0.0,0.0
1376555768,4,10399.998544,194.13330615466666,1.8666666666666665,1.6703488E7,234880.8,0.0,3.066666666666667,0.0,0.0
1376556068,4,10399.998544,194.13330615466666,1.8666666666666665,1.6703488E7,301989.6,0.0,3.066666666666667,0.0,0.0
1376556368,4,10399.998544,194.13330615466666,1.8666666666666665,1.6703488E7,55924.0,0.0,2.8,0.0,0.0
1376556668,4,10399.998544,194.13330615466666,1.8666666666666665,1.6703488E7,100663.2,0.0,2.933333333333333,0.0,0.0
1376556968,4,10399.998544,192.399973064,1.85,1.6703488E7,33554.4,0.0,2.8,0.0,0.0
1376557268,4,10399.998544,192.399973064,1.85,1.6703488E7,223696.0,0.0,2.933333333333333,0.0,0.0
1376557568,4,10399.998544,202.79997160799996,1.95,1.6703488E7,201326.4,0.0,3.933333333333333,0.06666666666666667,0.0
1376557868,4,10399.998544,213.199970152,2.05,1.6703488E7,469761.6,0.0,13.2,0.06666666666666667,0.0
1376558168,4,10399.998544,194.13330615466666,1.8666666666666665,1.6703488E7,190141.6,0.0,2.8666666666666667,0.0,0.0
1376558468,4,10399.998544,190.66663997333336,1.8333333333333335,1.6703488E7,190141.6,0.0,3.066666666666667,0.0,0.0
1376558768,4,10399.998544,197.59997233599998,1.9,1.6703488E7,67108.8,0.0,3.0,0.0,0.0
1376559068,4,10399.998544,194.13330615466666,1.8666666666666665,1.6703488E7,178956.8,0.0,3.2666666666666666,0.0,0.0
1376559368,4,10399.998544,201.06663851733333,1.9333333333333333,1.6703488E7,167772.0,0.0,3.2,0.0,0.0
1376559668,4,10399.998544,197.59997233599998,1.9,1.6703488E7,11184.8,0.0,3.066666666666667,0.0,0.0
1376559968,4,10399.998544,194.13330615466666,1.8666666666666665,1.6703488E7,55924.0,0.0,3.066666666666667,0.0,0.0
1376560268,4,10399.998544,192.399973064,1.85,1.6703488E7,212511.2,0.0,2.933333333333333,0.0,0.0
1376560568,4,10399.998544,201.06663851733333,1.9333333333333333,1.6703488E7,190141.6,0.0,2.8666666666666667,0.0,0.0
1376560868,4,10399.998544,199.33330542666667,1.9166666666666665,1.6703488E7,100663.2,0.0,2.933333333333333,0.0,0.0
1376561168,4,10399.998544,204.53330469866665,1.9666666666666666,1.6703488E7,268435.2,0.0,4.466666666666667,0.06666666666666667,0.0
1376561468,4,10399.998544,223.599968696,2.15,1.6703488E7,313174.4,0.0,8.4,0.06666666666666667,0.0
1376561768,4,10399.998544,195.86663924533335,1.8833333333333335,1.6703488E7,178956.8,0.0,2.933333333333333,0.0,0.0
1376562068,4,10399.998544,190.66663997333336,1.8333333333333335,1.6703488E7,145402.4,0.0,2.8,0.0,0.0
1376562368,4,10399.998544,192.399973064,1.85,1.6703488E7,167772.0,0.0,2.6666666666666665,0.0,0.0
1376562668,4,10399.998544,195.86663924533335,1.8833333333333335,1.6703488E7,44739.2,0.0,3.0,0.0,0.0
1376562968,4,10399.998544,201.06663851733333,1.9333333333333333,1.6703488E7,33554.4,0.0,2.933333333333333,0.0,0.0
1376563269,4,10399.998544,194.13330615466666,1.8666666666666665,1.6703488E7,78293.6,0.0,3.066666666666667,0.0,0.0
1376563569,4,10399.998544,190.66663997333336,1.8333333333333335,1.6703488E7,190141.6,0.0,2.533333333333333,0.0,0.0
1376563869,4,10399.998544,195.86663924533335,1.8833333333333335,1.6703488E7,178956.8,0.0,3.1333333333333333,0.0,0.0
1376564169,4,10399.998544,192.399973064,1.85,1.6703488E7,156587.2,0.0,2.8666666666666667,0.0,0.0
1376564469,4,10399.998544,195.86663924533335,1.8833333333333335,1.6703488E7,223696.0,0.0,3.0,0.0,0.0
1376564769,4,10399.998544,202.79997160799996,1.95,1.6703488E7,313174.4,0.0,3.933333333333333,0.06666666666666667,0.0
1376565069,4,10399.998544,214.93330324266663,2.0666666666666664,1.6703488E7,425022.4,0.0,8.666666666666666,0.06666666666666667,0.0
1376565369,4,10399.998544,194.13330615466666,1.8666666666666665,1.6703488E7,257250.4,0.0,3.066666666666667,0.0,0.0
1376565669,4,10399.998544,194.13330615466666,1.8666666666666665,1.6703488E7,246065.6,0.0,2.8666666666666667,0.0,0.0
1376565969,4,10399.998544,194.13330615466666,1.8666666666666665,1.6703488E7,178956.8,0.0,2.8666666666666667,0.0,0.0
1376566269,4,10399.998544,194.13330615466666,1.8666666666666665,1.6703488E7,134217.6,0.0,3.0,0.0,0.0
1376566569,4,10399.998544,192.399973064,1.85,1.6703488E7,134217.6,0.0,3.0,0.0,0.0
1376566869,4,10399.998544,195.86663924533335,1.8833333333333335,1.6703488E7,301989.6,0.0,3.2666666666666666,0.0,0.0
1376567169,4,10399.998544,211.4666370613333,2.033333333333333,1.6703488E7,223696.0,0.0,2.8666666666666667,0.0,0.0
1376567469,4,10399.998544,192.399973064,1.85,1.6703488E7,33554.4,0.0,3.0,0.0,0.0
1376567769,4,10399.998544,194.13330615466666,1.8666666666666665,1.6703488E7,67108.8,0.0,2.933333333333333,0.0,0.0
1376568069,4,10399.998544,194.13330615466666,1.8666666666666665,1.6703488E7,134217.6,0.0,2.8666666666666667,0.0,0.0
1376568369,4,10399.998544,202.79997160799996,1.95,1.6703488E7,111848.0,0.0,3.8666666666666667,0.06666666666666667,0.0
1376568669,4,10399.998544,216.66663633333334,2.0833333333333335,1.6703488E7,391468.0,0.0,8.733333333333333,0.06666666666666667,0.0
1376568969,4,10399.998544,192.399973064,1.85,1.6703488E7,279620.0,0.0,2.6666666666666665,0.0,0.0
1376569269,4,10399.998544,197.59997233599998,1.9,1.6703488E7,156587.2,0.0,3.0,0.0,0.0
1376569569,4,10399.998544,190.66663997333336,1.8333333333333335,1.6703488E7,145402.4,0.0,2.7333333333333334,0.0,0.0
1376569869,4,10399.998544,192.399973064,1.85,1.6703488E7,22369.6,0.0,2.933333333333333,0.0,0.0
1376570169,4,10399.998544,195.86663924533335,1.8833333333333335,1.6703488E7,44739.2,0.0,3.3333333333333335,0.0,0.0
1376570469,4,10399.998544,194.13330615466666,1.8666666666666665,1.6703488E7,123032.8,0.0,2.933333333333333,0.0,0.0
1376570769,4,10399.998544,195.86663924533335,1.8833333333333335,1.6703488E7,111848.0,0.0,2.933333333333333,0.0,0.0
1376571069,4,10399.998544,192.399973064,1.85,1.6703488E7,279620.0,0.0,2.8666666666666667,0.0,0.0
1376571369,4,10399.998544,192.399973064,1.85,1.6703488E7,246065.6,0.0,2.8666666666666667,0.0,0.0
1376571669,4,10399.998544,195.86663924533335,1.8833333333333335,1.6703488E7,134217.6,0.0,2.933333333333333,0.0,0.0
1376571969,4,10399.998544,206.26663778933332,1.9833333333333334,1.6703488E7,100663.2,0.0,4.4,0.06666666666666667,0.0
1376572269,4,10399.998544,218.399969424,2.1,1.6703488E7,436207.2,0.0,8.666666666666666,0.06666666666666667,0.0
1376572569,4,10399.998544,194.13330615466666,1.8666666666666665,1.6703488E7,190141.6,0.0,2.8,0.0,0.0
1376572869,4,10399.998544,194.13330615466666,1.8666666666666665,1.6703488E7,55924.0,0.0,2.933333333333333,0.0,0.0
1376573169,4,10399.998544,192.399973064,1.85,1.6703488E7,290804.8,0.0,2.933333333333333,0.0,0.0
1376573469,4,10399.998544,194.13330615466666,1.8666666666666665,1.6703488E7,178956.8,0.0,2.933333333333333,0.0,0.0
1376573769,4,10399.998544,197.59997233599998,1.9,1.6703488E7,67108.8,0.0,3.066666666666667,0.0,0.0
1376574069,4,10399.998544,199.33330542666667,1.9166666666666665,1.6703488E7,0.0,0.0,3.066666666666667,0.0,0.0
1376574369,4,10399.998544,194.13330615466666,1.8666666666666665,1.6703488E7,33554.4,0.0,3.0,0.0,0.0
1376574669,4,10399.998544,197.59997233599998,1.9,1.6703488E7,167772.0,0.0,2.933333333333333,0.0,0.0
1376574969,4,10399.998544,192.399973064,1.85,1.6703488E7,67108.8,0.0,2.8,0.0,0.0
1376575269,4,10399.998544,206.26663778933332,1.9833333333333334,1.6703488E7,167772.0,0.0,2.933333333333333,0.0,0.0
1376575569,4,10399.998544,202.79997160799996,1.95,1.6703488E7,178956.8,0.0,3.7333333333333334,0.06666666666666667,0.0
1376575869,4,10399.998544,211.4666370613333,2.033333333333333,1.6703488E7,469761.6,0.0,8.666666666666666,0.06666666666666667,0.0
1376576169,4,10399.998544,190.66663997333336,1.8333333333333335,1.6703488E7,134217.6,0.0,2.8,0.0,0.0
1376576469,4,10399.998544,195.86663924533335,1.8833333333333335,1.6703488E7,190141.6,0.0,3.1333333333333333,0.0,0.0
1376576769,4,10399.998544,192.399973064,1.85,1.6703488E7,22369.6,0.0,3.4,0.0,0.0
1376577069,4,10399.998544,206.26663778933332,1.9833333333333334,1.6703488E7,134217.6,0.0,3.1333333333333333,0.0,0.0
1376577369,4,10399.998544,202.79997160799996,1.95,1.6703488E7,167772.0,0.0,3.0,0.0,0.0
1376577669,4,10399.998544,194.13330615466666,1.8666666666666665,1.6703488E7,89478.4,0.0,2.933333333333333,0.0,0.0
1376577970,4,10399.998544,195.86663924533335,1.8833333333333335,1.6703488E7,167772.0,0.0,3.0,0.0,0.0
1376578270,4,10399.998544,192.399973064,1.85,1.6703488E7,67108.8,0.0,3.4,0.0,0.0
1376578570,4,10399.998544,207.99997088,2.0,1.6703488E7,100663.2,0.0,3.0,0.0,0.0
1376578870,4,10399.998544,197.59997233599998,1.9,1.6703488E7,134217.6,0.0,2.933333333333333,0.0,0.0
1376579170,4,10399.998544,209.73330397066667,2.0166666666666666,1.6703488E7,78293.6,0.0,8.933333333333334,2.533333333333333,0.0
1376579470,4,10399.998544,233.99996724000002,2.25,1.6703488E7,391468.0,0.0,18.066666666666666,4.666666666666667,0.0
1376579770,4,10399.998544,207.99997088,2.0,1.6703488E7,268435.2,0.0,11.933333333333334,4.6,0.0
1376580070,4,10399.998544,213.199970152,2.05,1.6703488E7,234880.8,0.0,13.266666666666666,4.666666666666667,0.06666666666666667
1376580370,4,10399.998544,207.99997088,2.0,1.6703488E7,167772.0,0.0,11.933333333333334,4.333333333333333,0.0
1376580670,4,10399.998544,213.199970152,2.05,1.6703488E7,156587.2,0.0,12.2,4.466666666666667,0.0
1376580970,4,10399.998544,209.73330397066667,2.0166666666666666,1.6703488E7,167772.0,0.0,12.333333333333334,4.533333333333333,0.0
1376581270,4,10399.998544,213.199970152,2.05,1.6703488E7,100663.2,0.0,12.133333333333333,4.533333333333333,0.0
1376581570,4,10399.998544,207.99997088,2.0,1.6703488E7,67108.8,0.0,12.2,4.533333333333333,0.0
1376581870,4,10399.998544,211.4666370613333,2.033333333333333,1.6703488E7,268435.2,0.0,12.266666666666666,4.466666666666667,0.0
1376582170,4,10399.998544,317.199955592,3.05,1.6703488E7,290804.8,0.0,13.333333333333332,89.33333333333333,3.533333333333333
1376582470,4,10399.998544,403.8666101253333,3.8833333333333333,1.6703488E7,637533.6,0.0,13.066666666666666,10.666666666666666,201.73333333333332
1376582770,4,10399.998544,218.399969424,2.1,1.6703488E7,190141.6,0.0,13.533333333333335,4.666666666666667,0.06666666666666667
1376583070,4,10399.998544,233.99996724000002,2.25,1.6703488E7,279620.0,0.0,18.0,4.666666666666667,0.0
1376583370,4,10399.998544,207.99997088,2.0,1.6703488E7,301989.6,0.0,12.066666666666666,4.466666666666667,0.0
1376583670,4,10399.998544,213.199970152,2.05,1.6703488E7,145402.4,0.0,12.2,4.6,0.0
1376583970,4,10399.998544,207.99997088,2.0,1.6703488E7,178956.8,0.0,12.066666666666666,4.6,0.0
1376584270,4,10399.998544,213.199970152,2.05,1.6703488E7,324359.2,0.0,12.266666666666666,4.533333333333333,0.0
1376584570,4,10399.998544,207.99997088,2.0,1.6703488E7,380283.2,0.0,12.533333333333335,4.6,0.0
1376584870,4,10399.998544,213.199970152,2.05,1.6703488E7,167772.0,0.0,12.0,4.466666666666667,0.0
1376585170,4,10399.998544,207.99997088,2.0,1.6703488E7,111848.0,0.0,12.066666666666666,4.466666666666667,0.0
1376585470,4,10399.998544,211.4666370613333,2.033333333333333,1.6703488E7,156587.2,0.0,11.933333333333334,4.533333333333333,0.0
1376585770,4,10399.998544,207.99997088,2.0,1.6703488E7,301989.6,0.0,12.066666666666666,4.533333333333333,0.0
1376586070,4,10399.998544,211.4666370613333,2.033333333333333,1.6703488E7,167772.0,0.0,12.266666666666666,4.533333333333333,0.06666666666666667
1376586370,4,10399.998544,220.1333025146667,2.1166666666666667,1.6703488E7,223696.0,0.0,13.733333333333334,4.733333333333333,0.2
1376586670,4,10399.998544,230.5333010586667,2.216666666666667,1.6703488E7,436207.2,0.0,17.866666666666667,4.6,0.0
1376586970,4,10399.998544,207.99997088,2.0,1.6703488E7,123032.8,0.0,11.8,4.6,0.0
1376587270,4,10399.998544,213.199970152,2.05,1.6703488E7,190141.6,0.0,12.466666666666667,4.666666666666667,0.0
1376587571,4,10399.998544,207.99997088,2.0,1.6703488E7,246065.6,0.0,12.066666666666666,4.466666666666667,0.0
1376587871,4,10399.998544,213.199970152,2.05,1.6703488E7,178956.8,0.0,12.4,4.466666666666667,0.0
1376588171,4,10399.998544,207.99997088,2.0,1.6703488E7,123032.8,0.0,12.466666666666667,4.466666666666667,0.0
1376588471,4,10399.998544,213.199970152,2.05,1.6703488E7,111848.0,0.0,11.933333333333334,4.6,0.0
1376588771,4,10399.998544,207.99997088,2.0,1.6703488E7,134217.6,0.0,12.266666666666666,4.533333333333333,0.0
1376589071,4,10399.998544,213.199970152,2.05,1.6703488E7,324359.2,0.0,11.866666666666667,4.4,0.0
1376589371,4,10399.998544,207.99997088,2.0,1.6703488E7,190141.6,0.0,12.066666666666666,4.333333333333333,0.0
1376589670,4,10399.998544,209.73330397066667,2.0166666666666666,1.6703488E7,134217.6,0.0,12.066666666666666,4.466666666666667,0.0
1376589970,4,10399.998544,218.399969424,2.1,1.6703488E7,223696.0,0.0,12.933333333333334,4.4,0.06666666666666667
1376590270,4,10399.998544,232.26663414933333,2.2333333333333334,1.6703488E7,380283.2,0.0,17.8,4.6,0.06666666666666667
1376590570,4,10399.998544,207.99997088,2.0,1.6703488E7,223696.0,0.0,11.933333333333334,4.533333333333333,0.0
1376590870,4,10399.998544,213.199970152,2.05,1.6703488E7,201326.4,0.0,12.533333333333333,4.466666666666667,0.0
1376591170,4,10399.998544,207.99997088,2.0,1.6703488E7,100663.2,0.0,12.133333333333333,4.466666666666667,0.0
1376591470,4,10399.998544,213.199970152,2.05,1.6703488E7,67108.8,0.0,12.333333333333334,4.533333333333333,0.0
1376591771,4,10399.998544,225.33330178666662,2.1666666666666665,1.6703488E7,178956.8,0.0,12.466666666666667,4.466666666666667,0.0
1376592071,4,10399.998544,213.199970152,2.05,1.6703488E7,246065.6,0.0,11.666666666666668,4.466666666666667,0.0
1376592371,4,10399.998544,207.99997088,2.0,1.6703488E7,223696.0,0.0,12.066666666666666,4.533333333333333,0.0
1376592671,4,10399.998544,213.199970152,2.05,1.6703488E7,100663.2,0.0,12.0,4.466666666666667,0.0
1376592971,4,10399.998544,207.99997088,2.0,1.6703488E7,123032.8,0.0,12.266666666666666,4.466666666666667,0.0
1376593271,4,10399.998544,213.199970152,2.05,1.6703488E7,234880.8,0.0,12.066666666666666,4.533333333333333,0.0
1376593571,4,10399.998544,218.399969424,2.1,1.6703488E7,223696.0,0.0,13.666666666666666,4.6,0.0
1376593871,4,10399.998544,233.99996724000002,2.25,1.6703488E7,268435.2,0.0,17.866666666666667,4.466666666666667,0.06666666666666667
1376594171,4,10399.998544,207.99997088,2.0,1.6703488E7,100663.2,0.0,11.733333333333334,4.466666666666667,0.0
1376594471,4,10399.998544,213.199970152,2.05,1.6703488E7,67108.8,0.0,12.333333333333332,4.533333333333333,0.0
1376594771,4,10399.998544,207.99997088,2.0,1.6703488E7,44739.2,0.0,11.8,4.4,0.0
1376595071,4,10399.998544,213.199970152,2.05,1.6703488E7,167772.0,0.0,12.333333333333334,4.466666666666667,0.0
1376595371,4,10399.998544,207.99997088,2.0,1.6703488E7,167772.0,0.0,12.333333333333332,4.533333333333333,0.0
1376595671,4,10399.998544,213.199970152,2.05,1.6703488E7,22369.6,0.0,12.266666666666666,4.533333333333333,0.0
1376595971,4,10399.998544,207.99997088,2.0,1.6703488E7,134217.6,0.0,12.2,4.466666666666667,0.0
1376596271,4,10399.998544,213.199970152,2.05,1.6703488E7,257250.4,0.0,12.0,4.666666666666667,0.0
1376596571,4,10399.998544,207.99997088,2.0,1.6703488E7,44739.2,0.0,12.2,4.533333333333333,0.0
1376596871,4,10399.998544,213.199970152,2.05,1.6703488E7,156587.2,0.0,12.266666666666666,4.533333333333333,0.0
1376597171,4,10399.998544,214.93330324266663,2.0666666666666664,1.6703488E7,167772.0,0.0,12.933333333333334,4.6,0.0
1376597471,4,10399.998544,233.99996724000002,2.25,1.6703488E7,413837.6,0.0,17.933333333333334,4.6,0.0
1376597771,4,10399.998544,207.99997088,2.0,1.6703488E7,100663.2,0.0,12.0,4.4,0.0
1376598071,4,10399.998544,211.4666370613333,2.033333333333333,1.6703488E7,100663.2,0.0,12.066666666666666,4.533333333333333,0.0
1376598371,4,10399.998544,207.99997088,2.0,1.6703488E7,167772.0,0.0,12.0,4.533333333333333,0.0
1376598671,4,10399.998544,214.93330324266663,2.0666666666666664,1.6703488E7,279620.0,0.0,11.866666666666667,4.6,0.0
1376598971,4,10399.998544,209.73330397066667,2.0166666666666666,1.6703488E7,44739.2,0.0,12.466666666666667,4.4,0.0
1376599271,4,10399.998544,211.4666370613333,2.033333333333333,1.6703488E7,279620.0,0.0,11.866666666666667,4.533333333333333,0.0
1376599571,4,10399.998544,207.99997088,2.0,1.6703488E7,33554.4,0.0,12.0,4.533333333333333,0.0
1376599871,4,10399.998544,213.199970152,2.05,1.6703488E7,190141.6,0.0,12.266666666666666,4.533333333333333,0.0
1376600171,4,10399.998544,207.99997088,2.0,1.6703488E7,0.0,0.0,12.066666666666666,4.4,0.0
1376600471,4,10399.998544,213.199970152,2.05,1.6703488E7,33554.4,0.0,12.066666666666666,4.533333333333333,0.0
1376600771,4,10399.998544,218.399969424,2.1,1.6703488E7,0.0,0.0,12.933333333333334,4.6,0.0
1376601072,4,10399.998544,232.26663414933333,2.2333333333333334,1.6703488E7,223696.0,0.0,18.133333333333333,4.6,0.0
1376601372,4,10399.998544,207.99997088,2.0,1.6703488E7,134217.6,0.0,12.266666666666666,4.466666666666667,0.0
1376601672,4,10399.998544,213.199970152,2.05,1.6703488E7,190141.6,0.0,11.933333333333334,4.6,0.0
1376601972,4,10399.998544,207.99997088,2.0,1.6703488E7,134217.6,0.0,12.0,4.6,0.0
1376602272,4,10399.998544,211.4666370613333,2.033333333333333,1.6703488E7,33554.4,0.0,12.2,4.6,0.0
1376602572,4,10399.998544,209.73330397066667,2.0166666666666666,1.6703488E7,178956.8,0.0,12.266666666666666,4.6,0.0
1376602872,4,10399.998544,213.199970152,2.05,1.6703488E7,301989.6,0.0,12.2,4.466666666666667,0.0
1376603172,4,10399.998544,207.99997088,2.0,1.6703488E7,234880.8,0.0,12.0,4.533333333333333,0.0
1376603472,4,10399.998544,213.199970152,2.05,1.6703488E7,201326.4,0.0,11.733333333333334,4.533333333333333,0.0
1376603772,4,10399.998544,209.73330397066667,2.0166666666666666,1.6703488E7,89478.4,0.0,13.133333333333333,4.533333333333333,0.0
1376604072,4,10399.998544,213.199970152,2.05,1.6703488E7,167772.0,0.0,12.066666666666666,4.466666666666667,0.0
1376604372,4,10399.998544,218.399969424,2.1,1.6703488E7,335544.0,0.0,13.399999999999999,4.6,0.13333333333333333
1376604672,4,10399.998544,225.33330178666662,2.1666666666666665,1.6703488E7,402652.8,0.0,11.933333333333334,1.8,0.0
1376604972,4,10399.998544,195.86663924533335,1.8833333333333335,1.6703488E7,167772.0,0.0,2.533333333333333,0.0,0.0
1376605272,4,10399.998544,197.59997233599998,1.9,1.6703488E7,134217.6,0.0,2.933333333333333,0.0,0.0
1376605572,4,10399.998544,185.46664070133335,1.7833333333333334,1.6703488E7,78293.6,0.0,2.7333333333333334,0.0,0.0
1376605872,4,10399.998544,188.93330688266667,1.8166666666666667,1.6703488E7,324359.2,0.0,3.2666666666666666,0.0,0.0
1376606172,4,10399.998544,192.399973064,1.85,1.6703488E7,145402.4,0.0,3.066666666666667,0.0,0.0
1376606472,4,10399.998544,253.06663123733335,2.4333333333333336,1.6703488E7,123032.8,0.0,27.333333333333332,1.2666666666666666,1.8666666666666667
1376606772,4,10399.998544,199.33330542666667,1.9166666666666665,1.6703488E7,167772.0,0.0,5.733333333333333,0.0,0.0
1376607072,4,10399.998544,192.399973064,1.85,1.6703488E7,78293.6,0.0,2.6666666666666665,0.0,0.0
1376607372,4,10399.998544,188.93330688266667,1.8166666666666667,1.6703488E7,22369.6,0.0,2.7333333333333334,0.0,0.0
1376607672,4,10399.998544,192.399973064,1.85,1.6703488E7,123032.8,0.0,2.8,0.0,0.0
1376607972,4,10399.998544,195.86663924533335,1.8833333333333335,1.6703488E7,145402.4,0.0,3.7333333333333334,0.13333333333333333,0.0
1376608272,4,10399.998544,213.199970152,2.05,1.6703488E7,301989.6,0.0,8.666666666666666,0.06666666666666667,0.0
1376608572,4,10399.998544,188.93330688266667,1.8166666666666667,1.6703488E7,201326.4,0.0,2.8666666666666667,0.0,0.0
1376608872,4,10399.998544,190.66663997333336,1.8333333333333335,1.6703488E7,145402.4,0.0,2.8666666666666667,0.0,0.0
1376609172,4,10399.998544,192.399973064,1.85,1.6703488E7,67108.8,0.0,2.8,0.0,0.0
1376609472,4,10399.998544,192.399973064,1.85,1.6703488E7,178956.8,0.0,3.0,0.0,0.0
1376609772,4,10399.998544,194.13330615466666,1.8666666666666665,1.6703488E7,201326.4,0.0,3.0,0.0,0.0
1376610072,4,10399.998544,192.399973064,1.85,1.6703488E7,0.0,0.0,2.8,0.0,0.0
1376610372,4,10399.998544,187.199973792,1.8,1.6703488E7,0.0,0.0,2.8,0.0,0.0
1376610672,4,10399.998544,197.59997233599998,1.9,1.6703488E7,100663.2,0.0,2.6666666666666665,0.0,0.0
1376610972,4,10399.998544,185.46664070133335,1.7833333333333334,1.6703488E7,134217.6,0.0,2.7333333333333334,0.0,0.0
1376611272,4,10399.998544,192.399973064,1.85,1.6703488E7,100663.2,0.0,3.0,0.0,0.0
1376611572,4,10399.998544,197.59997233599998,1.9,1.6703488E7,134217.6,0.0,3.8,0.06666666666666667,0.0
1376611872,4,10399.998544,211.4666370613333,2.033333333333333,1.6703488E7,324359.2,0.0,8.666666666666666,0.06666666666666667,0.0
1376612172,4,10399.998544,192.399973064,1.85,1.6703488E7,89478.4,0.0,2.8666666666666667,0.0,0.0
1376612472,4,10399.998544,194.13330615466666,1.8666666666666665,1.6703488E7,156587.2,0.0,2.933333333333333,0.0,0.0
1376612772,4,10399.998544,188.93330688266667,1.8166666666666667,1.6703488E7,190141.6,0.0,2.8,0.0,0.0
1376613072,4,10399.998544,192.399973064,1.85,1.6703488E7,22369.6,0.0,2.933333333333333,0.0,0.0
1376613372,4,10399.998544,192.399973064,1.85,1.6703488E7,33554.4,0.0,3.2666666666666666,0.0,0.0
1376613672,4,10399.998544,194.13330615466666,1.8666666666666665,1.6703488E7,67108.8,0.0,2.933333333333333,0.0,0.0
1376613972,4,10399.998544,187.199973792,1.8,1.6703488E7,156587.2,0.0,2.8666666666666667,0.0,0.0
1376614272,4,10399.998544,190.66663997333336,1.8333333333333335,1.6703488E7,55924.0,0.0,2.933333333333333,0.0,0.0
1376614572,4,10399.998544,194.13330615466666,1.8666666666666665,1.6703488E7,178956.8,0.0,3.0,0.0,0.0
1376614872,4,10399.998544,192.399973064,1.85,1.6703488E7,33554.4,0.0,3.0,0.0,0.0
1376615172,4,10399.998544,220.1333025146667,2.1166666666666667,1.6703488E7,268435.2,0.0,9.333333333333334,0.06666666666666667,0.2
1376615472,4,10399.998544,214.93330324266663,2.0666666666666664,1.6703488E7,223696.0,0.0,8.866666666666667,0.06666666666666667,0.0
1376615772,4,10399.998544,192.399973064,1.85,1.6703488E7,33554.4,0.0,2.8,0.0,0.0
1376616072,4,10399.998544,194.13330615466666,1.8666666666666665,1.6703488E7,223696.0,0.0,3.1333333333333333,0.0,0.0
1376616372,4,10399.998544,190.66663997333336,1.8333333333333335,1.6703488E7,257250.4,0.0,2.6666666666666665,0.0,0.0
1376616672,4,10399.998544,214.93330324266663,2.0666666666666664,1.6703488E7,89478.4,0.0,12.0,0.2,0.6666666666666666
1376616973,4,10399.998544,195.86663924533335,1.8833333333333335,1.6703488E7,111848.0,0.0,3.2,0.0,0.0
1376617273,4,10399.998544,194.13330615466666,1.8666666666666665,1.6703488E7,167772.0,0.0,3.0,0.0,0.0
1376617573,4,10399.998544,190.66663997333336,1.8333333333333335,1.6703488E7,201326.4,0.0,2.8666666666666667,0.0,0.0
1376617873,4,10399.998544,192.399973064,1.85,1.6703488E7,234880.8,0.0,2.8,0.0,0.0
1376618173,4,10399.998544,190.66663997333336,1.8333333333333335,1.6703488E7,134217.6,0.0,3.0,0.0,0.0
1376618473,4,10399.998544,331.0666203173333,3.183333333333333,1.6703488E7,22369.6,0.0,5.0,1.4666666666666666,0.7333333333333333
1376618773,4,10399.998544,233.99996724000002,2.25,1.6703488E7,167772.0,0.0,5.333333333333333,0.06666666666666667,0.0
1376619073,4,10399.998544,246.13329887466668,2.3666666666666667,1.6703488E7,581609.6,0.0,18.133333333333333,6.933333333333334,0.2
1376619373,4,10399.998544,194.13330615466666,1.8666666666666665,1.6703488E7,279620.0,0.0,2.8,0.0,0.0
1376619673,4,10399.998544,194.13330615466666,1.8666666666666665,1.6703488E7,234880.8,0.0,3.0,0.0,0.0
1376619973,4,10399.998544,190.66663997333336,1.8333333333333335,1.6703488E7,212511.2,0.0,2.7333333333333334,0.0,0.0
1376620273,4,10399.998544,195.86663924533335,1.8833333333333335,1.6703488E7,268435.2,0.0,3.0,0.0,0.0
1376620573,4,10399.998544,192.399973064,1.85,1.6703488E7,167772.0,0.0,3.066666666666667,0.0,0.0
1376620873,4,10399.998544,195.86663924533335,1.8833333333333335,1.6703488E7,55924.0,0.0,2.933333333333333,0.0,0.0
1376621173,4,10399.998544,195.86663924533335,1.8833333333333335,1.6703488E7,201326.4,0.0,2.8,0.0,0.0
1376621473,4,10399.998544,192.399973064,1.85,1.6703488E7,167772.0,0.0,2.8666666666666667,0.0,0.0
1376621773,4,10399.998544,188.93330688266667,1.8166666666666667,1.6703488E7,100663.2,0.0,3.0,0.0,0.0
1376622073,4,10399.998544,192.399973064,1.85,1.6703488E7,134217.6,0.0,3.0,0.0,0.0
1376622373,4,10399.998544,202.79997160799996,1.95,1.6703488E7,67108.8,0.0,4.0,0.06666666666666667,0.0
1376622673,4,10399.998544,214.93330324266663,2.0666666666666664,1.6703488E7,301989.6,0.0,8.466666666666667,0.06666666666666667,0.0
1376622973,4,10399.998544,190.66663997333336,1.8333333333333335,1.6703488E7,100663.2,0.0,2.933333333333333,0.0,0.0
1376623273,4,10399.998544,188.93330688266667,1.8166666666666667,1.6703488E7,33554.4,0.0,2.8666666666666667,0.0,0.0
1376623573,4,10399.998544,194.13330615466666,1.8666666666666665,1.6703488E7,78293.6,0.0,2.8,0.0,0.0
1376623873,4,10399.998544,195.86663924533335,1.8833333333333335,1.6703488E7,178956.8,0.0,2.933333333333333,0.0,0.0
1376624173,4,10399.998544,190.66663997333336,1.8333333333333335,1.6703488E7,178956.8,0.0,3.1333333333333333,0.0,0.0
1376624473,4,10399.998544,195.86663924533335,1.8833333333333335,1.6703488E7,0.0,0.0,2.933333333333333,0.0,0.0
1376624773,4,10399.998544,194.13330615466666,1.8666666666666665,1.6703488E7,67108.8,0.0,2.8,0.0,0.0
1376625073,4,10399.998544,188.93330688266667,1.8166666666666667,1.6703488E7,167772.0,0.0,2.7333333333333334,0.0,0.0
1376625373,4,10399.998544,195.86663924533335,1.8833333333333335,1.6703488E7,89478.4,0.0,2.7333333333333334,0.0,0.0
1376625673,4,10399.998544,195.86663924533335,1.8833333333333335,1.6703488E7,100663.2,0.0,2.8666666666666667,0.0,0.0
1376625973,4,10399.998544,202.79997160799996,1.95,1.6703488E7,0.0,0.0,4.333333333333333,0.06666666666666667,0.0
1376626273,4,10399.998544,211.4666370613333,2.033333333333333,1.6703488E7,167772.0,0.0,8.466666666666667,0.06666666666666667,0.0
1376626573,4,10399.998544,194.13330615466666,1.8666666666666665,1.6703488E7,100663.2,0.0,2.6666666666666665,0.0,0.0
1376626873,4,10399.998544,190.66663997333336,1.8333333333333335,1.6703488E7,33554.4,0.0,2.933333333333333,0.0,0.0
1376627173,4,10399.998544,192.399973064,1.85,1.6703488E7,290804.8,0.0,2.8,0.0,0.0
1376627473,4,10399.998544,199.33330542666667,1.9166666666666665,1.6703488E7,301989.6,0.0,3.066666666666667,0.0,0.0
1376627773,4,10399.998544,204.53330469866665,1.9666666666666666,1.6703488E7,201326.4,0.0,3.1333333333333333,0.0,0.0
1376628073,4,10399.998544,190.66663997333336,1.8333333333333335,1.6703488E7,268435.2,0.0,3.066666666666667,0.0,0.0
1376628373,4,10399.998544,192.399973064,1.85,1.6703488E7,156587.2,0.0,2.7333333333333334,0.0,0.0
1376628673,4,10399.998544,194.13330615466666,1.8666666666666665,1.6703488E7,100663.2,0.0,2.7333333333333334,0.0,0.0
1376628973,4,10399.998544,192.399973064,1.85,1.6703488E7,0.0,0.0,2.933333333333333,0.0,0.0
1376629273,4,10399.998544,195.86663924533335,1.8833333333333335,1.6703488E7,33554.4,0.0,2.8666666666666667,0.0,0.0
1376629573,4,10399.998544,202.79997160799996,1.95,1.6703488E7,201326.4,0.0,3.6666666666666665,0.06666666666666667,0.0
1376629873,4,10399.998544,214.93330324266663,2.0666666666666664,1.6703488E7,167772.0,0.0,8.866666666666667,0.06666666666666667,0.0
1376630173,4,10399.998544,194.13330615466666,1.8666666666666665,1.6703488E7,100663.2,0.0,2.7333333333333334,0.0,0.0
1376630474,4,10399.998544,190.66663997333336,1.8333333333333335,1.6703488E7,78293.6,0.0,3.066666666666667,0.0,0.0
1376630774,4,10399.998544,190.66663997333336,1.8333333333333335,1.6703488E7,134217.6,0.0,2.8,0.0,0.0
1376631074,4,10399.998544,195.86663924533335,1.8833333333333335,1.6703488E7,134217.6,0.0,2.8666666666666667,0.0,0.0
1376631374,4,10399.998544,197.59997233599998,1.9,1.6703488E7,123032.8,0.0,3.0,0.0,0.0
1376631674,4,10399.998544,192.399973064,1.85,1.6703488E7,156587.2,0.0,2.8666666666666667,0.0,0.0
1376631974,4,10399.998544,188.93330688266667,1.8166666666666667,1.6703488E7,67108.8,0.0,2.8,0.0,0.0
1376632274,4,10399.998544,192.399973064,1.85,1.6703488E7,0.0,0.0,2.933333333333333,0.0,0.0
1376632574,4,10399.998544,194.13330615466666,1.8666666666666665,1.6703488E7,33554.4,0.0,2.6666666666666665,0.0,0.0
1376632874,4,10399.998544,194.13330615466666,1.8666666666666665,1.6703488E7,78293.6,0.0,2.933333333333333,0.0,0.0
1376633174,4,10399.998544,204.53330469866665,1.9666666666666666,1.6703488E7,234880.8,0.0,3.4,0.0,0.0
1376633474,4,10399.998544,213.199970152,2.05,1.6703488E7,369098.4,0.0,8.6,0.06666666666666667,0.0
1376633774,4,10399.998544,192.399973064,1.85,1.6703488E7,145402.4,0.0,2.6666666666666665,0.0,0.0
1376634074,4,10399.998544,192.399973064,1.85,1.6703488E7,111848.0,0.0,3.1333333333333333,0.0,0.0
1376634374,4,10399.998544,190.66663997333336,1.8333333333333335,1.6703488E7,0.0,0.0,2.6666666666666665,0.0,0.0
1376634674,4,10399.998544,190.66663997333336,1.8333333333333335,1.6703488E7,134217.6,0.0,2.8,0.0,0.0
1376634974,4,10399.998544,190.66663997333336,1.8333333333333335,1.6703488E7,134217.6,0.0,3.0,0.0,0.0
1376635274,4,10399.998544,194.13330615466666,1.8666666666666665,1.6703488E7,201326.4,0.0,2.8,0.0,0.0
1376635574,4,10399.998544,192.399973064,1.85,1.6703488E7,234880.8,0.0,2.6,0.0,0.0
1376635874,4,10399.998544,190.66663997333336,1.8333333333333335,1.6703488E7,201326.4,0.0,3.066666666666667,0.0,0.0
1376636174,4,10399.998544,192.399973064,1.85,1.6703488E7,100663.2,0.0,3.0,0.0,0.0
1376636474,4,10399.998544,195.86663924533335,1.8833333333333335,1.6703488E7,100663.2,0.0,3.533333333333333,0.06666666666666667,0.0
1376636774,4,10399.998544,204.53330469866665,1.9666666666666666,1.6703488E7,100663.2,0.0,4.466666666666667,0.06666666666666667,0.0
1376637074,4,10399.998544,216.66663633333334,2.0833333333333335,1.6703488E7,335544.0,0.0,8.933333333333334,0.06666666666666667,0.0
1376637374,4,10399.998544,194.13330615466666,1.8666666666666665,1.6703488E7,111848.0,0.0,2.8,0.0,0.0
1376637674,4,10399.998544,190.66663997333336,1.8333333333333335,1.6703488E7,223696.0,0.0,2.8666666666666667,0.0,0.0
1376637974,4,10399.998544,192.399973064,1.85,1.6703488E7,134217.6,0.0,3.0,0.0,0.0
1376638274,4,10399.998544,194.13330615466666,1.8666666666666665,1.6703488E7,0.0,0.0,3.0,0.0,0.0
1376638574,4,10399.998544,195.86663924533335,1.8833333333333335,1.6703488E7,67108.8,0.0,2.933333333333333,0.0,0.0
1376638874,4,10399.998544,194.13330615466666,1.8666666666666665,1.6703488E7,33554.4,0.0,2.933333333333333,0.0,0.0
1376639174,4,10399.998544,190.66663997333336,1.8333333333333335,1.6703488E7,78293.6,0.0,2.933333333333333,0.0,0.0
1376639474,4,10399.998544,188.93330688266667,1.8166666666666667,1.6703488E7,134217.6,0.0,3.0,0.0,0.0
1376639774,4,10399.998544,190.66663997333336,1.8333333333333335,1.6703488E7,100663.2,0.0,2.8,0.0,0.0
1376640074,4,10399.998544,190.66663997333336,1.8333333333333335,1.6703488E7,111848.0,0.0,3.0,0.0,0.0
1376640374,4,10399.998544,204.53330469866665,1.9666666666666666,1.6703488E7,134217.6,0.0,4.133333333333334,0.06666666666666667,0.0
1376640674,4,10399.998544,216.66663633333334,2.0833333333333335,1.6703488E7,290804.8,0.0,8.666666666666666,0.06666666666666667,0.0
1376640974,4,10399.998544,195.86663924533335,1.8833333333333335,1.6703488E7,257250.4,0.0,2.8666666666666667,0.0,0.0
1376641275,4,10399.998544,190.66663997333336,1.8333333333333335,1.6703488E7,89478.4,0.0,2.933333333333333,0.0,0.0
1376641575,4,10399.998544,190.66663997333336,1.8333333333333335,1.6703488E7,178956.8,0.0,2.933333333333333,0.0,0.0
1376641875,4,10399.998544,194.13330615466666,1.8666666666666665,1.6703488E7,167772.0,0.0,3.0,0.0,0.0
1376642175,4,10399.998544,195.86663924533335,1.8833333333333335,1.6703488E7,55924.0,0.0,3.3333333333333335,0.0,0.0
1376642475,4,10399.998544,192.399973064,1.85,1.6703488E7,33554.4,0.0,2.8666666666666667,0.0,0.0
1376642775,4,10399.998544,192.399973064,1.85,1.6703488E7,167772.0,0.0,2.6666666666666665,0.0,0.0
1376643075,4,10399.998544,194.13330615466666,1.8666666666666665,1.6703488E7,67108.8,0.0,3.0,0.0,0.0
1376643375,4,10399.998544,192.399973064,1.85,1.6703488E7,111848.0,0.0,2.6,0.0,0.0
1376643675,4,10399.998544,192.399973064,1.85,1.6703488E7,324359.2,0.0,2.933333333333333,0.0,0.0
1376643975,4,10399.998544,199.33330542666667,1.9166666666666665,1.6703488E7,279620.0,0.0,3.4,0.0,0.0
1376644275,4,10399.998544,214.93330324266663,2.0666666666666664,1.6703488E7,447392.0,0.0,8.533333333333333,0.06666666666666667,0.0
1376644575,4,10399.998544,195.86663924533335,1.8833333333333335,1.6703488E7,268435.2,0.0,2.7333333333333334,0.0,0.0
1376644875,4,10399.998544,197.59997233599998,1.9,1.6703488E7,246065.6,0.0,3.2,0.0,0.0
1376645175,4,10399.998544,190.66663997333336,1.8333333333333335,1.6703488E7,369098.4,0.0,2.8666666666666667,0.0,0.0
1376645475,4,10399.998544,192.399973064,1.85,1.6703488E7,123032.8,0.0,3.0,0.0,0.0
1376645775,4,10399.998544,199.33330542666667,1.9166666666666665,1.6703488E7,0.0,0.0,3.0,0.0,0.0
1376646075,4,10399.998544,194.13330615466666,1.8666666666666665,1.6703488E7,123032.8,0.0,2.8666666666666667,0.0,0.0
1376646375,4,10399.998544,194.13330615466666,1.8666666666666665,1.6703488E7,257250.4,0.0,3.0,0.0,0.0
1376646675,4,10399.998544,192.399973064,1.85,1.6703488E7,55924.0,0.0,3.1333333333333333,0.0,0.0
1376646975,4,10399.998544,202.79997160799996,1.95,1.6703488E7,33554.4,0.0,7.133333333333333,2.3333333333333335,0.0
1376647275,4,10399.998544,211.4666370613333,2.033333333333333,1.6703488E7,89478.4,0.0,12.600000000000001,4.533333333333333,0.06666666666666667
1376647575,4,10399.998544,216.66663633333334,2.0833333333333335,1.6703488E7,156587.2,0.0,13.733333333333334,4.6,0.06666666666666667
1376647875,4,10399.998544,251.33329814666664,2.4166666666666665,1.6703488E7,324359.2,0.0,18.0,4.666666666666667,0.0
1376648175,4,10399.998544,207.99997088,2.0,1.6703488E7,178956.8,0.0,11.8,4.6,0.0
1376648475,4,10399.998544,213.199970152,2.05,1.6703488E7,234880.8,0.0,12.266666666666666,4.6,0.0
1376648775,4,10399.998544,207.99997088,2.0,1.6703488E7,55924.0,0.0,11.733333333333334,4.466666666666667,0.0
1376649075,4,10399.998544,211.4666370613333,2.033333333333333,1.6703488E7,156587.2,0.0,12.2,4.533333333333333,0.0
1376649375,4,10399.998544,211.4666370613333,2.033333333333333,1.6703488E7,156587.2,0.0,12.333333333333334,4.466666666666667,0.0
1376649675,4,10399.998544,214.93330324266663,2.0666666666666664,1.6703488E7,190141.6,0.0,12.066666666666666,4.533333333333333,0.0
1376649975,4,10399.998544,207.99997088,2.0,1.6703488E7,190141.6,0.0,12.066666666666666,4.466666666666667,0.0
1376650276,4,10399.998544,213.199970152,2.05,1.6703488E7,134217.6,0.0,12.0,4.666666666666667,0.0
1376650576,4,10399.998544,209.73330397066667,2.0166666666666666,1.6703488E7,134217.6,0.0,11.866666666666667,4.666666666666667,0.0
1376650876,4,10399.998544,214.93330324266663,2.0666666666666664,1.6703488E7,78293.6,0.0,12.333333333333332,4.6,0.06666666666666667
1376651176,4,10399.998544,214.93330324266663,2.0666666666666664,1.6703488E7,190141.6,0.0,12.666666666666666,4.6,0.0
1376651476,4,10399.998544,235.73330033066665,2.2666666666666666,1.6703488E7,246065.6,0.0,17.733333333333334,4.6,0.0
1376651776,4,10399.998544,207.99997088,2.0,1.6703488E7,145402.4,0.0,11.8,4.533333333333333,0.0
1376652076,4,10399.998544,213.199970152,2.05,1.6703488E7,268435.2,0.0,12.066666666666666,4.533333333333333,0.0
1376652376,4,10399.998544,213.199970152,2.05,1.6703488E7,234880.8,0.0,11.933333333333334,4.6,0.0
1376652676,4,10399.998544,227.06663487733334,2.1833333333333336,1.6703488E7,89478.4,0.0,12.533333333333335,4.466666666666667,0.0
1376652976,4,10399.998544,209.73330397066667,2.0166666666666666,1.6703488E7,167772.0,0.0,12.266666666666666,4.533333333333333,0.0
1376653276,4,10399.998544,213.199970152,2.05,1.6703488E7,212511.2,0.0,12.2,4.466666666666667,0.0
1376653576,4,10399.998544,207.99997088,2.0,1.6703488E7,22369.6,0.0,12.133333333333333,4.6,0.0
1376653876,4,10399.998544,214.93330324266663,2.0666666666666664,1.6703488E7,100663.2,0.0,11.933333333333334,4.4,0.0
1376654176,4,10399.998544,207.99997088,2.0,1.6703488E7,89478.4,0.0,12.333333333333334,4.466666666666667,0.0
1376654476,4,10399.998544,216.66663633333334,2.0833333333333335,1.6703488E7,324359.2,0.0,12.333333333333334,4.666666666666667,0.06666666666666667
1376654776,4,10399.998544,216.66663633333334,2.0833333333333335,1.6703488E7,279620.0,0.0,12.533333333333333,4.533333333333333,0.0
1376655076,4,10399.998544,233.99996724000002,2.25,1.6703488E7,324359.2,0.0,18.4,4.6,0.0
1376655376,4,10399.998544,207.99997088,2.0,1.6703488E7,223696.0,0.0,11.933333333333334,4.533333333333333,0.0
1376655676,4,10399.998544,211.4666370613333,2.033333333333333,1.6703488E7,212511.2,0.0,12.2,4.466666666666667,0.0
1376655976,4,10399.998544,207.99997088,2.0,1.6703488E7,145402.4,0.0,12.066666666666666,4.466666666666667,0.0
1376656276,4,10399.998544,213.199970152,2.05,1.6703488E7,89478.4,0.0,12.0,4.4,0.0
1376656576,4,10399.998544,209.73330397066667,2.0166666666666666,1.6703488E7,145402.4,0.0,12.266666666666666,4.666666666666667,0.0
1376656876,4,10399.998544,213.199970152,2.05,1.6703488E7,190141.6,0.0,12.0,4.4,0.0
1376657176,4,10399.998544,207.99997088,2.0,1.6703488E7,22369.6,0.0,12.333333333333332,4.4,0.0
1376657476,4,10399.998544,211.4666370613333,2.033333333333333,1.6703488E7,44739.2,0.0,12.133333333333333,4.533333333333333,0.0
1376657776,4,10399.998544,207.99997088,2.0,1.6703488E7,134217.6,0.0,12.066666666666666,4.533333333333333,0.0
1376658076,4,10399.998544,214.93330324266663,2.0666666666666664,1.6703488E7,134217.6,0.0,13.0,4.6,0.06666666666666667
1376658376,4,10399.998544,216.66663633333334,2.0833333333333335,1.6703488E7,357913.6,0.0,13.133333333333333,4.533333333333333,0.0
1376658676,4,10399.998544,233.99996724000002,2.25,1.6703488E7,268435.2,0.0,17.8,4.6,0.0
1376658976,4,10399.998544,207.99997088,2.0,1.6703488E7,167772.0,0.0,12.066666666666666,4.6,0.0
1376659276,4,10399.998544,213.199970152,2.05,1.6703488E7,234880.8,0.0,12.133333333333333,4.466666666666667,0.0
1376659576,4,10399.998544,211.4666370613333,2.033333333333333,1.6703488E7,33554.4,0.0,12.0,4.6,0.0
1376659876,4,10399.998544,211.4666370613333,2.033333333333333,1.6703488E7,100663.2,0.0,12.4,4.6,0.0
1376660176,4,10399.998544,213.199970152,2.05,1.6703488E7,201326.4,0.0,12.533333333333335,4.666666666666667,0.0
1376660476,4,10399.998544,213.199970152,2.05,1.6703488E7,134217.6,0.0,12.133333333333333,4.533333333333333,0.0
1376660776,4,10399.998544,213.199970152,2.05,1.6703488E7,167772.0,0.0,12.333333333333332,4.6,0.0
1376661076,4,10399.998544,214.93330324266663,2.0666666666666664,1.6703488E7,290804.8,0.0,12.333333333333332,4.6,0.0
1376661376,4,10399.998544,213.199970152,2.05,1.6703488E7,279620.0,0.0,12.2,4.6,0.0
1376661676,4,10399.998544,214.93330324266663,2.0666666666666664,1.6703488E7,212511.2,0.0,13.066666666666666,4.733333333333333,0.06666666666666667
1376661976,4,10399.998544,221.86663560533333,2.1333333333333333,1.6703488E7,301989.6,0.0,12.4,4.666666666666667,0.0
1376662276,4,10399.998544,233.99996724000002,2.25,1.6703488E7,335544.0,0.0,18.066666666666666,4.666666666666667,0.0
1376662576,4,10399.998544,213.199970152,2.05,1.6703488E7,134217.6,0.0,12.133333333333333,4.666666666666667,0.0
1376662876,4,10399.998544,223.599968696,2.15,1.6703488E7,145402.4,0.0,12.2,4.6,0.0
1376663176,4,10399.998544,216.66663633333334,2.0833333333333335,1.6703488E7,167772.0,0.0,12.4,4.6,0.0
1376663476,4,10399.998544,211.4666370613333,2.033333333333333,1.6703488E7,201326.4,0.0,12.266666666666666,4.6,0.0
1376663777,4,10399.998544,214.93330324266663,2.0666666666666664,1.6703488E7,0.0,0.0,12.533333333333333,4.6,0.0
1376664077,4,10399.998544,213.199970152,2.05,1.6703488E7,234880.8,0.0,12.666666666666668,4.533333333333333,0.0
1376664377,4,10399.998544,216.66663633333334,2.0833333333333335,1.6703488E7,234880.8,0.0,12.133333333333333,4.466666666666667,0.0
1376664677,4,10399.998544,213.199970152,2.05,1.6703488E7,134217.6,0.0,12.533333333333333,4.466666666666667,0.0
1376664977,4,10399.998544,214.93330324266663,2.0666666666666664,1.6703488E7,178956.8,0.0,12.4,4.6,0.0
1376665277,4,10399.998544,214.93330324266663,2.0666666666666664,1.6703488E7,89478.4,0.0,12.8,4.666666666666667,0.06666666666666667
1376665577,4,10399.998544,213.199970152,2.05,1.6703488E7,167772.0,0.0,13.0,4.466666666666667,0.0
1376665877,4,10399.998544,233.99996724000002,2.25,1.6703488E7,167772.0,0.0,17.8,4.533333333333333,0.0
1376666177,4,10399.998544,230.5333010586667,2.216666666666667,1.6703488E7,201326.4,0.0,12.4,4.4,0.0
1376666477,4,10399.998544,214.93330324266663,2.0666666666666664,1.6703488E7,234880.8,0.0,12.466666666666667,4.4,0.0
1376666777,4,10399.998544,211.4666370613333,2.033333333333333,1.6703488E7,167772.0,0.0,12.266666666666666,4.533333333333333,0.0
1376667077,4,10399.998544,213.199970152,2.05,1.6703488E7,134217.6,0.0,12.4,4.533333333333333,0.0
1376667377,4,10399.998544,213.199970152,2.05,1.6703488E7,111848.0,0.0,12.533333333333335,4.466666666666667,0.0
1376667677,4,10399.998544,213.199970152,2.05,1.6703488E7,123032.8,0.0,12.399999999999999,4.533333333333333,0.0
1376667977,4,10399.998544,211.4666370613333,2.033333333333333,1.6703488E7,145402.4,0.0,12.133333333333333,4.4,0.0
1376668277,4,10399.998544,209.73330397066667,2.0166666666666666,1.6703488E7,0.0,0.0,12.4,4.533333333333333,0.0
1376668577,4,10399.998544,211.4666370613333,2.033333333333333,1.6703488E7,201326.4,0.0,12.0,4.466666666666667,0.0
1376668877,4,10399.998544,214.93330324266663,2.0666666666666664,1.6703488E7,167772.0,0.0,12.733333333333334,4.533333333333333,0.06666666666666667
1376669177,4,10399.998544,221.86663560533333,2.1333333333333333,1.6703488E7,123032.8,0.0,13.4,4.6,0.06666666666666667
1376669477,4,10399.998544,233.99996724000002,2.25,1.6703488E7,167772.0,0.0,18.0,4.733333333333333,0.0
1376669777,4,10399.998544,213.199970152,2.05,1.6703488E7,111848.0,0.0,12.066666666666666,4.6,0.0
1376670077,4,10399.998544,213.199970152,2.05,1.6703488E7,55924.0,0.0,12.2,4.666666666666667,0.0
1376670377,4,10399.998544,214.93330324266663,2.0666666666666664,1.6703488E7,223696.0,0.0,12.133333333333333,4.666666666666667,0.0
1376670677,4,10399.998544,214.93330324266663,2.0666666666666664,1.6703488E7,212511.2,0.0,12.2,4.666666666666667,0.0
1376670977,4,10399.998544,211.4666370613333,2.033333333333333,1.6703488E7,55924.0,0.0,12.333333333333332,4.666666666666667,0.0
1376671277,4,10399.998544,211.4666370613333,2.033333333333333,1.6703488E7,190141.6,0.0,12.533333333333335,4.666666666666667,0.0
1376671577,4,10399.998544,213.199970152,2.05,1.6703488E7,167772.0,0.0,12.399999999999999,4.733333333333333,0.0
1376671878,4,10399.998544,213.199970152,2.05,1.6703488E7,234880.8,0.0,12.133333333333333,4.533333333333333,0.0
1376672178,4,10399.998544,209.73330397066667,2.0166666666666666,1.6703488E7,145402.4,0.0,12.266666666666666,4.733333333333333,0.0
1376672478,4,10399.998544,202.79997160799996,1.95,1.6703488E7,33554.4,0.0,5.066666666666667,0.7333333333333333,0.0
1376672778,4,10399.998544,204.53330469866665,1.9666666666666666,1.6703488E7,55924.0,0.0,3.3333333333333335,0.0,0.0
1376673078,4,10399.998544,218.399969424,2.1,1.6703488E7,369098.4,0.0,8.866666666666667,0.06666666666666667,0.0
1376673378,4,10399.998544,192.399973064,1.85,1.6703488E7,145402.4,0.0,2.6,0.0,0.0
1376673678,4,10399.998544,195.86663924533335,1.8833333333333335,1.6703488E7,167772.0,0.0,2.933333333333333,0.0,0.0
1376673978,4,10399.998544,190.66663997333336,1.8333333333333335,1.6703488E7,89478.4,0.0,2.6666666666666665,0.0,0.0
1376674278,4,10399.998544,194.13330615466666,1.8666666666666665,1.6703488E7,78293.6,0.0,3.2,0.0,0.0
1376674578,4,10399.998544,192.399973064,1.85,1.6703488E7,22369.6,0.0,3.2,0.0,0.0
1376674878,4,10399.998544,187.199973792,1.8,1.6703488E7,100663.2,0.0,2.8666666666666667,0.0,0.0
1376675178,4,10399.998544,192.399973064,1.85,1.6703488E7,0.0,0.0,2.8,0.0,0.0
1376675478,4,10399.998544,194.13330615466666,1.8666666666666665,1.6703488E7,0.0,0.0,3.0,0.0,0.0
1376675778,4,10399.998544,188.93330688266667,1.8166666666666667,1.6703488E7,0.0,0.0,2.933333333333333,0.0,0.0
1376676078,4,10399.998544,190.66663997333336,1.8333333333333335,1.6703488E7,145402.4,0.0,3.2666666666666666,0.06666666666666667,0.0
1376676378,4,10399.998544,197.59997233599998,1.9,1.6703488E7,268435.2,0.0,3.533333333333333,0.0,0.0
1376676678,4,10399.998544,214.93330324266663,2.0666666666666664,1.6703488E7,324359.2,0.0,8.4,0.06666666666666667,0.0
1376676978,4,10399.998544,185.46664070133335,1.7833333333333334,1.6703488E7,178956.8,0.0,2.8666666666666667,0.0,0.0
1376677278,4,10399.998544,192.399973064,1.85,1.6703488E7,246065.6,0.0,2.933333333333333,0.0,0.0
1376677578,4,10399.998544,190.66663997333336,1.8333333333333335,1.6703488E7,100663.2,0.0,2.7333333333333334,0.0,0.0
1376677878,4,10399.998544,190.66663997333336,1.8333333333333335,1.6703488E7,123032.8,0.0,3.066666666666667,0.0,0.0
1376678178,4,10399.998544,192.399973064,1.85,1.6703488E7,33554.4,0.0,3.066666666666667,0.0,0.0
1376678478,4,10399.998544,195.86663924533335,1.8833333333333335,1.6703488E7,190141.6,0.0,2.933333333333333,0.0,0.0
1376678778,4,10399.998544,188.93330688266667,1.8166666666666667,1.6703488E7,223696.0,0.0,2.8666666666666667,0.0,0.0
1376679078,4,10399.998544,190.66663997333336,1.8333333333333335,1.6703488E7,257250.4,0.0,2.8666666666666667,0.0,0.0
1376679378,4,10399.998544,188.93330688266667,1.8166666666666667,1.6703488E7,134217.6,0.0,3.066666666666667,0.0,0.0
1376679679,4,10399.998544,192.399973064,1.85,1.6703488E7,123032.8,0.0,3.4,0.06666666666666667,0.0
1376679979,4,10399.998544,201.06663851733333,1.9333333333333333,1.6703488E7,44739.2,0.0,3.7333333333333334,0.0,0.0
1376680279,4,10399.998544,213.199970152,2.05,1.6703488E7,279620.0,0.0,8.799999999999999,0.06666666666666667,0.0
1376680579,4,10399.998544,187.199973792,1.8,1.6703488E7,111848.0,0.0,2.7333333333333334,0.0,0.0
1376680879,4,10399.998544,192.399973064,1.85,1.6703488E7,313174.4,0.0,3.0,0.0,0.0
1376681179,4,10399.998544,197.59997233599998,1.9,1.6703488E7,100663.2,0.0,2.8,0.0,0.0
1376681479,4,10399.998544,211.4666370613333,2.033333333333333,1.6703488E7,156587.2,0.0,3.1333333333333333,0.0,0.0
1376681779,4,10399.998544,187.199973792,1.8,1.6703488E7,33554.4,0.0,3.1333333333333333,0.0,0.0
1376682079,4,10399.998544,192.399973064,1.85,1.6703488E7,111848.0,0.0,3.066666666666667,0.0,0.0
1376682379,4,10399.998544,194.13330615466666,1.8666666666666665,1.6703488E7,100663.2,0.0,2.933333333333333,0.0,0.0
1376682679,4,10399.998544,188.93330688266667,1.8166666666666667,1.6703488E7,212511.2,0.0,3.066666666666667,0.0,0.0
1376682979,4,10399.998544,194.13330615466666,1.8666666666666665,1.6703488E7,100663.2,0.0,2.933333333333333,0.0,0.0
1376683279,4,10399.998544,197.59997233599998,1.9,1.6703488E7,167772.0,0.0,3.533333333333333,0.06666666666666667,0.0
1376683579,4,10399.998544,206.26663778933332,1.9833333333333334,1.6703488E7,201326.4,0.0,3.3333333333333335,0.0,0.0
1376683879,4,10399.998544,213.199970152,2.05,1.6703488E7,301989.6,0.0,8.799999999999999,0.06666666666666667,0.0
1376684179,4,10399.998544,192.399973064,1.85,1.6703488E7,167772.0,0.0,2.933333333333333,0.0,0.0
1376684479,4,10399.998544,199.33330542666667,1.9166666666666665,1.6703488E7,167772.0,0.0,3.066666666666667,0.0,0.0
1376684779,4,10399.998544,192.399973064,1.85,1.6703488E7,167772.0,0.0,2.8666666666666667,0.0,0.0
1376685079,4,10399.998544,192.399973064,1.85,1.6703488E7,156587.2,0.0,3.2,0.0,0.0
1376685379,4,10399.998544,199.33330542666667,1.9166666666666665,1.6703488E7,167772.0,0.0,3.2666666666666666,0.0,0.0
1376685679,4,10399.998544,192.399973064,1.85,1.6703488E7,123032.8,0.0,2.8666666666666667,0.0,0.0
1376685979,4,10399.998544,188.93330688266667,1.8166666666666667,1.6703488E7,67108.8,0.0,2.933333333333333,0.0,0.0
1376686279,4,10399.998544,201.06663851733333,1.9333333333333333,1.6703488E7,100663.2,0.0,2.8,0.0,0.0
1376686579,4,10399.998544,199.33330542666667,1.9166666666666665,1.6703488E7,167772.0,0.0,2.8666666666666667,0.0,0.0
1376686879,4,10399.998544,197.59997233599998,1.9,1.6703488E7,134217.6,0.0,3.4,0.06666666666666667,0.0
1376687179,4,10399.998544,201.06663851733333,1.9333333333333333,1.6703488E7,167772.0,0.0,3.2666666666666666,0.0,0.0
1376687479,4,10399.998544,213.199970152,2.05,1.6703488E7,201326.4,0.0,8.799999999999999,0.06666666666666667,0.0
1376687779,4,10399.998544,209.73330397066667,2.0166666666666666,1.6703488E7,0.0,0.0,2.8666666666666667,0.0,0.0
1376688079,4,10399.998544,194.13330615466666,1.8666666666666665,1.6703488E7,78293.6,0.0,3.1333333333333333,0.0,0.0
1376688379,4,10399.998544,194.13330615466666,1.8666666666666665,1.6703488E7,100663.2,0.0,2.8666666666666667,0.0,0.0
1376688679,4,10399.998544,192.399973064,1.85,1.6703488E7,167772.0,0.0,3.066666666666667,0.0,0.0
1376688979,4,10399.998544,199.33330542666667,1.9166666666666665,1.6703488E7,89478.4,0.0,3.2,0.0,0.0
1376689279,4,10399.998544,190.66663997333336,1.8333333333333335,1.6703488E7,167772.0,0.0,2.7333333333333334,0.0,0.0
1376689579,4,10399.998544,192.399973064,1.85,1.6703488E7,145402.4,0.0,2.933333333333333,0.0,0.0
1376689879,4,10399.998544,192.399973064,1.85,1.6703488E7,268435.2,0.0,2.933333333333333,0.0,0.0
1376690179,4,10399.998544,195.86663924533335,1.8833333333333335,1.6703488E7,178956.8,0.0,4.2,0.0,0.0
1376690479,4,10399.998544,195.86663924533335,1.8833333333333335,1.6703488E7,134217.6,0.0,3.3333333333333335,0.06666666666666667,0.0
1376690779,4,10399.998544,204.53330469866665,1.9666666666666666,1.6703488E7,301989.6,0.0,3.933333333333333,0.06666666666666667,0.0
1376691079,4,10399.998544,213.199970152,2.05,1.6703488E7,391468.0,0.0,8.733333333333333,0.06666666666666667,0.0
1376691379,4,10399.998544,190.66663997333336,1.8333333333333335,1.6703488E7,134217.6,0.0,2.6666666666666665,0.0,0.0
1376691679,4,10399.998544,190.66663997333336,1.8333333333333335,1.6703488E7,33554.4,0.0,3.066666666666667,0.0,0.0
1376691979,4,10399.998544,197.59997233599998,1.9,1.6703488E7,67108.8,0.0,2.7333333333333334,0.0,0.0
1376692279,4,10399.998544,192.399973064,1.85,1.6703488E7,11184.8,0.0,3.1333333333333333,0.0,0.0
1376692579,4,10399.998544,195.86663924533335,1.8833333333333335,1.6703488E7,134217.6,0.0,3.1333333333333333,0.0,0.0
1376692879,4,10399.998544,249.599965056,2.4,1.6703488E7,234880.8,0.0,34.2,1.2666666666666666,2.3333333333333335
1376693179,4,10399.998544,192.399973064,1.85,1.6703488E7,313174.4,0.0,4.0,0.0,0.0
1376693480,4,10399.998544,188.93330688266667,1.8166666666666667,1.6703488E7,100663.2,0.0,2.6666666666666665,0.0,0.0
1376693780,4,10399.998544,197.59997233599998,1.9,1.6703488E7,134217.6,0.0,3.0,0.0,0.0
1376694080,4,10399.998544,194.13330615466666,1.8666666666666665,1.6703488E7,123032.8,0.0,3.2,0.06666666666666667,0.0
1376694380,4,10399.998544,202.79997160799996,1.95,1.6703488E7,301989.6,0.0,3.466666666666667,0.0,0.0
1376694680,4,10399.998544,211.4666370613333,2.033333333333333,1.6703488E7,380283.2,0.0,8.466666666666667,0.06666666666666667,0.0
1376694980,4,10399.998544,190.66663997333336,1.8333333333333335,1.6703488E7,100663.2,0.0,2.8,0.0,0.0
1376695280,4,10399.998544,207.99997088,2.0,1.6703488E7,212511.2,0.0,3.0,0.0,0.0
1376695580,4,10399.998544,194.13330615466666,1.8666666666666665,1.6703488E7,78293.6,0.0,2.6666666666666665,0.0,0.0
1376695880,4,10399.998544,187.199973792,1.8,1.6703488E7,78293.6,0.0,3.1333333333333333,0.0,0.0
1376696180,4,10399.998544,194.13330615466666,1.8666666666666665,1.6703488E7,22369.6,0.0,2.933333333333333,0.0,0.0
1376696480,4,10399.998544,192.399973064,1.85,1.6703488E7,67108.8,0.0,3.0,0.0,0.0
1376696780,4,10399.998544,195.86663924533335,1.8833333333333335,1.6703488E7,111848.0,0.0,2.8,0.0,0.0
1376697080,4,10399.998544,188.93330688266667,1.8166666666666667,1.6703488E7,100663.2,0.0,2.6,0.0,0.0
1376697380,4,10399.998544,194.13330615466666,1.8666666666666665,1.6703488E7,145402.4,0.0,2.8,0.0,0.0
1376697680,4,10399.998544,194.13330615466666,1.8666666666666665,1.6703488E7,100663.2,0.0,3.2,0.06666666666666667,0.0
1376697980,4,10399.998544,201.06663851733333,1.9333333333333333,1.6703488E7,145402.4,0.0,3.3333333333333335,0.06666666666666667,0.0
1376698280,4,10399.998544,207.99997088,2.0,1.6703488E7,268435.2,0.0,8.333333333333334,0.06666666666666667,0.0
1376698580,4,10399.998544,192.399973064,1.85,1.6703488E7,313174.4,0.0,2.8666666666666667,0.0,0.0
1376698880,4,10399.998544,194.13330615466666,1.8666666666666665,1.6703488E7,134217.6,0.0,2.8666666666666667,0.0,0.0
1376699180,4,10399.998544,194.13330615466666,1.8666666666666665,1.6703488E7,190141.6,0.0,2.8666666666666667,0.0,0.0
1376699480,4,10399.998544,190.66663997333336,1.8333333333333335,1.6703488E7,33554.4,0.0,3.2666666666666666,0.0,0.0
1376699780,4,10399.998544,197.59997233599998,1.9,1.6703488E7,111848.0,0.0,3.066666666666667,0.0,0.0
1376700080,4,10399.998544,187.199973792,1.8,1.6703488E7,89478.4,0.0,2.8666666666666667,0.0,0.0
1376700380,4,10399.998544,190.66663997333336,1.8333333333333335,1.6703488E7,78293.6,0.0,2.7333333333333334,0.0,0.0
1376700680,4,10399.998544,188.93330688266667,1.8166666666666667,1.6703488E7,55924.0,0.0,3.0,0.0,0.0
1376700980,4,10399.998544,188.93330688266667,1.8166666666666667,1.6703488E7,134217.6,0.0,2.8,0.0,0.0
1376701280,4,10399.998544,192.399973064,1.85,1.6703488E7,234880.8,0.0,3.4,0.06666666666666667,0.0
1376701581,4,10399.998544,206.26663778933332,1.9833333333333334,1.6703488E7,167772.0,0.0,3.8666666666666667,0.0,0.0
1376701881,4,10399.998544,221.86663560533333,2.1333333333333333,1.6703488E7,369098.4,0.0,67.39999999999999,15.066666666666666,0.2
1376702181,4,10399.998544,195.86663924533335,1.8833333333333335,1.6703488E7,100663.2,0.0,2.933333333333333,0.0,0.0
1376702481,4,10399.998544,190.66663997333336,1.8333333333333335,1.6703488E7,145402.4,0.0,2.933333333333333,0.0,0.0
1376702781,4,10399.998544,188.93330688266667,1.8166666666666667,1.6703488E7,167772.0,0.0,2.8,0.0,0.0
1376703081,4,10399.998544,195.86663924533335,1.8833333333333335,1.6703488E7,167772.0,0.0,3.066666666666667,0.0,0.0
1376703381,4,10399.998544,213.199970152,2.05,1.6703488E7,223696.0,0.0,15.200000000000001,0.2,0.6666666666666666
1376703681,4,10399.998544,194.13330615466666,1.8666666666666665,1.6703488E7,67108.8,0.0,2.933333333333333,0.0,0.0
1376703981,4,10399.998544,194.13330615466666,1.8666666666666665,1.6703488E7,0.0,0.0,2.6,0.0,0.0
1376704281,4,10399.998544,199.33330542666667,1.9166666666666665,1.6703488E7,44739.2,0.0,3.0,0.0,0.0
1376704581,4,10399.998544,201.06663851733333,1.9333333333333333,1.6703488E7,89478.4,0.0,2.6666666666666665,0.0,0.0
1376704881,4,10399.998544,355.3332835866667,3.416666666666667,1.6703488E7,246065.6,0.0,5.733333333333333,1.6,0.7333333333333333
1376705181,4,10399.998544,251.33329814666664,2.4166666666666665,1.6703488E7,592794.4,0.0,19.933333333333334,6.933333333333334,0.3333333333333333
1376705481,4,10399.998544,214.93330324266663,2.0666666666666664,1.6703488E7,279620.0,0.0,8.466666666666667,0.06666666666666667,0.0
1376705781,4,10399.998544,195.86663924533335,1.8833333333333335,1.6703488E7,156587.2,0.0,2.8666666666666667,0.0,0.0
1376706081,4,10399.998544,188.93330688266667,1.8166666666666667,1.6703488E7,44739.2,0.0,2.8666666666666667,0.0,0.0
1376706381,4,10399.998544,190.66663997333336,1.8333333333333335,1.6703488E7,0.0,0.0,3.0,0.0,0.0
1376706681,4,10399.998544,194.13330615466666,1.8666666666666665,1.6703488E7,223696.0,0.0,3.1333333333333333,0.0,0.0
1376706981,4,10399.998544,197.59997233599998,1.9,1.6703488E7,268435.2,0.0,3.2,0.0,0.0
1376707281,4,10399.998544,190.66663997333336,1.8333333333333335,1.6703488E7,167772.0,0.0,3.0,0.0,0.0
1376707581,4,10399.998544,192.399973064,1.85,1.6703488E7,67108.8,0.0,3.0,0.0,0.0
1376707881,4,10399.998544,192.399973064,1.85,1.6703488E7,100663.2,0.0,3.0,0.0,0.0
1376708181,4,10399.998544,188.93330688266667,1.8166666666666667,1.6703488E7,290804.8,0.0,2.8,0.0,0.0
1376708481,4,10399.998544,199.33330542666667,1.9166666666666665,1.6703488E7,167772.0,0.0,3.6666666666666665,0.06666666666666667,0.0
1376708781,4,10399.998544,199.33330542666667,1.9166666666666665,1.6703488E7,67108.8,0.0,3.466666666666667,0.0,0.0
1376709081,4,10399.998544,214.93330324266663,2.0666666666666664,1.6703488E7,234880.8,0.0,8.866666666666667,0.06666666666666667,0.0
1376709381,4,10399.998544,195.86663924533335,1.8833333333333335,1.6703488E7,100663.2,0.0,2.8666666666666667,0.0,0.0
1376709681,4,10399.998544,194.13330615466666,1.8666666666666665,1.6703488E7,100663.2,0.0,3.1333333333333333,0.0,0.0
1376709981,4,10399.998544,192.399973064,1.85,1.6703488E7,134217.6,0.0,2.8666666666666667,0.0,0.0
1376710281,4,10399.998544,190.66663997333336,1.8333333333333335,1.6703488E7,234880.8,0.0,3.1333333333333333,0.0,0.0
1376710581,4,10399.998544,192.399973064,1.85,1.6703488E7,301989.6,0.0,3.1333333333333333,0.0,0.0
1376710881,4,10399.998544,195.86663924533335,1.8833333333333335,1.6703488E7,156587.2,0.0,2.933333333333333,0.0,0.0
1376711181,4,10399.998544,197.59997233599998,1.9,1.6703488E7,201326.4,0.0,2.933333333333333,0.0,0.0
1376711481,4,10399.998544,192.399973064,1.85,1.6703488E7,201326.4,0.0,2.933333333333333,0.0,0.0
1376711781,4,10399.998544,192.399973064,1.85,1.6703488E7,279620.0,0.0,2.8666666666666667,0.0,0.0
1376712082,4,10399.998544,197.59997233599998,1.9,1.6703488E7,167772.0,0.0,3.466666666666667,0.06666666666666667,0.0
1376712382,4,10399.998544,214.93330324266663,2.0666666666666664,1.6703488E7,301989.6,0.0,3.8,0.0,0.0
1376712682,4,10399.998544,211.4666370613333,2.033333333333333,1.6703488E7,469761.6,0.0,8.466666666666667,0.06666666666666667,0.0
1376712982,4,10399.998544,195.86663924533335,1.8833333333333335,1.6703488E7,67108.8,0.0,2.933333333333333,0.0,0.0
1376713282,4,10399.998544,194.13330615466666,1.8666666666666665,1.6703488E7,134217.6,0.0,2.8,0.0,0.0
1376713582,4,10399.998544,188.93330688266667,1.8166666666666667,1.6703488E7,290804.8,0.0,2.8666666666666667,0.0,0.0
1376713882,4,10399.998544,199.33330542666667,1.9166666666666665,1.6703488E7,201326.4,0.0,3.1333333333333333,0.0,0.0
1376714182,4,10399.998544,213.199970152,2.05,1.6703488E7,178956.8,0.0,3.066666666666667,0.0,0.0
1376714482,4,10399.998544,194.13330615466666,1.8666666666666665,1.6703488E7,67108.8,0.0,2.933333333333333,0.0,0.0
1376714782,4,10399.998544,194.13330615466666,1.8666666666666665,1.6703488E7,123032.8,0.0,2.7333333333333334,0.0,0.0
1376715082,4,10399.998544,195.86663924533335,1.8833333333333335,1.6703488E7,100663.2,0.0,3.066666666666667,0.0,0.0
1376715382,4,10399.998544,194.13330615466666,1.8666666666666665,1.6703488E7,223696.0,0.0,2.8,0.0,0.0
1376715682,4,10399.998544,192.399973064,1.85,1.6703488E7,257250.4,0.0,3.4,0.06666666666666667,0.0
1376715982,4,10399.998544,199.33330542666667,1.9166666666666665,1.6703488E7,111848.0,0.0,3.533333333333333,0.0,0.0
1376716282,4,10399.998544,209.73330397066667,2.0166666666666666,1.6703488E7,190141.6,0.0,8.4,0.06666666666666667,0.0
1376716882,4,10399.998544,190.66663997333336,1.8333333333333335,1.6703488E7,78293.6,0.0,2.933333333333333,0.0,0.0
1376717182,4,10399.998544,192.399973064,1.85,1.6703488E7,55924.0,0.0,2.933333333333333,0.0,0.0
1376717482,4,10399.998544,195.86663924533335,1.8833333333333335,1.6703488E7,100663.2,0.0,3.0,0.0,0.0
1376717782,4,10399.998544,192.399973064,1.85,1.6703488E7,145402.4,0.0,3.0,0.0,0.0
1376718082,4,10399.998544,190.66663997333336,1.8333333333333335,1.6703488E7,223696.0,0.0,3.1333333333333333,0.0,0.0
1376718382,4,10399.998544,195.86663924533335,1.8833333333333335,1.6703488E7,167772.0,0.0,2.933333333333333,0.0,0.0
1376718682,4,10399.998544,194.13330615466666,1.8666666666666665,1.6703488E7,268435.2,0.0,3.0,0.0,0.0
1376718982,4,10399.998544,192.399973064,1.85,1.6703488E7,178956.8,0.0,2.8666666666666667,0.0,0.0
1376719282,4,10399.998544,194.13330615466666,1.8666666666666665,1.6703488E7,156587.2,0.0,3.6,0.06666666666666667,0.0
1376719582,4,10399.998544,214.93330324266663,2.0666666666666664,1.6703488E7,178956.8,0.0,3.4,0.0,0.0
1376719882,4,10399.998544,214.93330324266663,2.0666666666666664,1.6703488E7,313174.4,0.0,8.666666666666666,0.0,0.0
1376720182,4,10399.998544,192.399973064,1.85,1.6703488E7,89478.4,0.0,2.7333333333333334,0.0,0.0
1376720482,4,10399.998544,190.66663997333336,1.8333333333333335,1.6703488E7,78293.6,0.0,3.0,0.0,0.0
1376720782,4,10399.998544,190.66663997333336,1.8333333333333335,1.6703488E7,55924.0,0.0,2.8666666666666667,0.0,0.0
1376721082,4,10399.998544,192.399973064,1.85,1.6703488E7,223696.0,0.0,3.1333333333333333,0.0,0.0
1376721382,4,10399.998544,195.86663924533335,1.8833333333333335,1.6703488E7,156587.2,0.0,3.2666666666666666,0.0,0.0
1376721682,4,10399.998544,188.93330688266667,1.8166666666666667,1.6703488E7,156587.2,0.0,3.066666666666667,0.0,0.0
1376721982,4,10399.998544,195.86663924533335,1.8833333333333335,1.6703488E7,178956.8,0.0,2.933333333333333,0.0,0.0
1376722282,4,10399.998544,188.93330688266667,1.8166666666666667,1.6703488E7,301989.6,0.0,2.8666666666666667,0.0,0.0
1376722582,4,10399.998544,195.86663924533335,1.8833333333333335,1.6703488E7,44739.2,0.0,2.8666666666666667,0.0,0.0
1376722882,4,10399.998544,192.399973064,1.85,1.6703488E7,89478.4,0.0,3.466666666666667,0.06666666666666667,0.0
1376723182,4,10399.998544,202.79997160799996,1.95,1.6703488E7,234880.8,0.0,3.8666666666666667,0.0,0.0
1376723482,4,10399.998544,207.99997088,2.0,1.6703488E7,301989.6,0.0,8.266666666666667,0.0,0.0
1376723782,4,10399.998544,188.93330688266667,1.8166666666666667,1.6703488E7,212511.2,0.0,2.8666666666666667,0.0,0.0
1376724082,4,10399.998544,190.66663997333336,1.8333333333333335,1.6703488E7,111848.0,0.0,2.8666666666666667,0.0,0.0
1376724382,4,10399.998544,190.66663997333336,1.8333333333333335,1.6703488E7,123032.8,0.0,2.8666666666666667,0.0,0.0
1376724682,4,10399.998544,190.66663997333336,1.8333333333333335,1.6703488E7,145402.4,0.0,3.0,0.0,0.0
1376724982,4,10399.998544,197.59997233599998,1.9,1.6703488E7,212511.2,0.0,3.066666666666667,0.0,0.0
1376725282,4,10399.998544,194.13330615466666,1.8666666666666665,1.6703488E7,313174.4,0.0,3.0,0.0,0.0
1376725582,4,10399.998544,199.33330542666667,1.9166666666666665,1.6703488E7,357913.6,0.0,2.933333333333333,0.0,0.0
1376725882,4,10399.998544,192.399973064,1.85,1.6703488E7,123032.8,0.0,3.0,0.0,0.0
1376726182,4,10399.998544,192.399973064,1.85,1.6703488E7,123032.8,0.0,2.8666666666666667,0.0,0.0
1376726482,4,10399.998544,197.59997233599998,1.9,1.6703488E7,67108.8,0.0,3.4,0.06666666666666667,0.0
1376726782,4,10399.998544,199.33330542666667,1.9166666666666665,1.6703488E7,134217.6,0.0,3.6666666666666665,0.0,0.0
1376727082,4,10399.998544,211.4666370613333,2.033333333333333,1.6703488E7,279620.0,0.0,8.733333333333333,0.0,0.0
1376727382,4,10399.998544,190.66663997333336,1.8333333333333335,1.6703488E7,212511.2,0.0,2.933333333333333,0.0,0.0
1376727682,4,10399.998544,192.399973064,1.85,1.6703488E7,223696.0,0.0,2.933333333333333,0.0,0.0
1376727982,4,10399.998544,187.199973792,1.8,1.6703488E7,0.0,0.0,2.933333333333333,0.0,0.0
1376728282,4,10399.998544,195.86663924533335,1.8833333333333335,1.6703488E7,0.0,0.0,3.066666666666667,0.0,0.0
1376728583,4,10399.998544,192.399973064,1.85,1.6703488E7,78293.6,0.0,3.066666666666667,0.0,0.0
1376728883,4,10399.998544,202.79997160799996,1.95,1.6703488E7,89478.4,0.0,3.0,0.0,0.0
1376729183,4,10399.998544,197.59997233599998,1.9,1.6703488E7,190141.6,0.0,2.6666666666666665,0.0,0.0
1376729483,4,10399.998544,195.86663924533335,1.8833333333333335,1.6703488E7,313174.4,0.0,3.0,0.0,0.0
1376729783,4,10399.998544,192.399973064,1.85,1.6703488E7,145402.4,0.0,2.7333333333333334,0.0,0.0
1376730083,4,10399.998544,195.86663924533335,1.8833333333333335,1.6703488E7,167772.0,0.0,3.466666666666667,0.06666666666666667,0.0
1376730383,4,10399.998544,204.53330469866665,1.9666666666666666,1.6703488E7,201326.4,0.0,3.2666666666666666,0.0,0.0
1376730683,4,10399.998544,214.93330324266663,2.0666666666666664,1.6703488E7,234880.8,0.0,8.533333333333333,0.0,0.0
1376730983,4,10399.998544,199.33330542666667,1.9166666666666665,1.6703488E7,156587.2,0.0,2.933333333333333,0.0,0.0
1376731283,4,10399.998544,195.86663924533335,1.8833333333333335,1.6703488E7,134217.6,0.0,3.066666666666667,0.0,0.0
1376731583,4,10399.998544,199.33330542666667,1.9166666666666665,1.6703488E7,67108.8,0.0,2.933333333333333,0.0,0.0
1376731883,4,10399.998544,197.59997233599998,1.9,1.6703488E7,89478.4,0.0,2.933333333333333,0.0,0.0
1376732183,4,10399.998544,195.86663924533335,1.8833333333333335,1.6703488E7,246065.6,0.0,3.2,0.0,0.0
1376732483,4,10399.998544,199.33330542666667,1.9166666666666665,1.6703488E7,234880.8,0.0,2.8666666666666667,0.0,0.0
1376732783,4,10399.998544,197.59997233599998,1.9,1.6703488E7,201326.4,0.0,2.7333333333333334,0.0,0.0
1376733083,4,10399.998544,201.06663851733333,1.9333333333333333,1.6703488E7,100663.2,0.0,3.1333333333333333,0.0,0.0
1376733383,4,10399.998544,195.86663924533335,1.8833333333333335,1.6703488E7,223696.0,0.0,2.8,0.0,0.0
1376733683,4,10399.998544,195.86663924533335,1.8833333333333335,1.6703488E7,123032.8,0.0,3.4,0.06666666666666667,0.0
1376733983,4,10399.998544,204.53330469866665,1.9666666666666666,1.6703488E7,234880.8,0.0,4.133333333333334,0.0,0.0
1376734283,4,10399.998544,214.93330324266663,2.0666666666666664,1.6703488E7,234880.8,0.0,8.2,0.0,0.0
1376734583,4,10399.998544,201.06663851733333,1.9333333333333333,1.6703488E7,0.0,0.0,2.7333333333333334,0.0,0.0
1376734883,4,10399.998544,199.33330542666667,1.9166666666666665,1.6703488E7,134217.6,0.0,2.8666666666666667,0.0,0.0
1376735184,4,10399.998544,195.86663924533335,1.8833333333333335,1.6703488E7,134217.6,0.0,2.933333333333333,0.0,0.0
1376735484,4,10399.998544,192.399973064,1.85,1.6703488E7,67108.8,0.0,3.066666666666667,0.0,0.0
1376735784,4,10399.998544,197.59997233599998,1.9,1.6703488E7,67108.8,0.0,3.066666666666667,0.0,0.0
1376736084,4,10399.998544,194.13330615466666,1.8666666666666665,1.6703488E7,134217.6,0.0,2.933333333333333,0.0,0.0
1376736384,4,10399.998544,195.86663924533335,1.8833333333333335,1.6703488E7,268435.2,0.0,2.7333333333333334,0.0,0.0
1376736684,4,10399.998544,201.06663851733333,1.9333333333333333,1.6703488E7,134217.6,0.0,2.933333333333333,0.0,0.0
1376736984,4,10399.998544,195.86663924533335,1.8833333333333335,1.6703488E7,67108.8,0.0,2.933333333333333,0.0,0.0
1376737284,4,10399.998544,195.86663924533335,1.8833333333333335,1.6703488E7,67108.8,0.0,3.3333333333333335,0.06666666666666667,0.0
1376737584,4,10399.998544,204.53330469866665,1.9666666666666666,1.6703488E7,134217.6,0.0,3.3333333333333335,0.0,0.0
1376737884,4,10399.998544,214.93330324266663,2.0666666666666664,1.6703488E7,402652.8,0.0,8.333333333333334,0.0,0.0
1376738184,4,10399.998544,190.66663997333336,1.8333333333333335,1.6703488E7,33554.4,0.0,2.8666666666666667,0.0,0.0
1376738484,4,10399.998544,190.66663997333336,1.8333333333333335,1.6703488E7,257250.4,0.0,2.8666666666666667,0.0,0.0
1376738784,4,10399.998544,187.199973792,1.8,1.6703488E7,234880.8,0.0,2.7333333333333334,0.0,0.0
1376739084,4,10399.998544,192.399973064,1.85,1.6703488E7,178956.8,0.0,3.0,0.0,0.0
1376739384,4,10399.998544,192.399973064,1.85,1.6703488E7,134217.6,0.0,3.066666666666667,0.0,0.0
1376739684,4,10399.998544,190.66663997333336,1.8333333333333335,1.6703488E7,100663.2,0.0,2.7333333333333334,0.0,0.0
1376739984,4,10399.998544,202.79997160799996,1.95,1.6703488E7,100663.2,0.0,2.8666666666666667,0.0,0.0
1376740284,4,10399.998544,194.13330615466666,1.8666666666666665,1.6703488E7,190141.6,0.0,2.933333333333333,0.0,0.0
1376740584,4,10399.998544,190.66663997333336,1.8333333333333335,1.6703488E7,167772.0,0.0,2.7333333333333334,0.0,0.0
1376740884,4,10399.998544,194.13330615466666,1.8666666666666665,1.6703488E7,111848.0,0.0,3.2666666666666666,0.06666666666666667,0.0
1376741184,4,10399.998544,202.79997160799996,1.95,1.6703488E7,111848.0,0.0,3.533333333333333,0.0,0.0
1376741484,4,10399.998544,209.73330397066667,2.0166666666666666,1.6703488E7,290804.8,0.0,8.466666666666667,0.06666666666666667,0.0
1376741784,4,10399.998544,192.399973064,1.85,1.6703488E7,89478.4,0.0,2.7333333333333334,0.0,0.0
1376742084,4,10399.998544,209.73330397066667,2.0166666666666666,1.6703488E7,0.0,0.0,2.8,0.0,0.0
1376742384,4,10399.998544,192.399973064,1.85,1.6703488E7,156587.2,0.0,2.8666666666666667,0.0,0.0
1376742684,4,10399.998544,195.86663924533335,1.8833333333333335,1.6703488E7,33554.4,0.0,3.066666666666667,0.0,0.0
1376742984,4,10399.998544,195.86663924533335,1.8833333333333335,1.6703488E7,89478.4,0.0,3.0,0.0,0.0
1376743284,4,10399.998544,192.399973064,1.85,1.6703488E7,44739.2,0.0,2.8,0.0,0.0
1376743584,4,10399.998544,187.199973792,1.8,1.6703488E7,223696.0,0.0,2.7333333333333334,0.0,0.0
1376743885,4,10399.998544,187.199973792,1.8,1.6703488E7,134217.6,0.0,2.8,0.0,0.0
1376744185,4,10399.998544,194.13330615466666,1.8666666666666665,1.6703488E7,167772.0,0.0,2.6666666666666665,0.0,0.0
1376744485,4,10399.998544,194.13330615466666,1.8666666666666665,1.6703488E7,178956.8,0.0,3.4,0.06666666666666667,0.0
1376744785,4,10399.998544,204.53330469866665,1.9666666666666666,1.6703488E7,212511.2,0.0,3.8666666666666667,0.0,0.0
1376745085,4,10399.998544,209.73330397066667,2.0166666666666666,1.6703488E7,380283.2,0.0,8.666666666666666,0.06666666666666667,0.0
1376745385,4,10399.998544,192.399973064,1.85,1.6703488E7,246065.6,0.0,2.8666666666666667,0.0,0.0
1376745685,4,10399.998544,194.13330615466666,1.8666666666666665,1.6703488E7,178956.8,0.0,2.933333333333333,0.0,0.0
1376745985,4,10399.998544,192.399973064,1.85,1.6703488E7,167772.0,0.0,2.8666666666666667,0.0,0.0
1376746285,4,10399.998544,188.93330688266667,1.8166666666666667,1.6703488E7,212511.2,0.0,3.066666666666667,0.0,0.0
1376746585,4,10399.998544,197.59997233599998,1.9,1.6703488E7,324359.2,0.0,3.066666666666667,0.0,0.0
1376746885,4,10399.998544,192.399973064,1.85,1.6703488E7,78293.6,0.0,3.1333333333333333,0.0,0.0
1376747185,4,10399.998544,194.13330615466666,1.8666666666666665,1.6703488E7,111848.0,0.0,2.6,0.0,0.0
1376747485,4,10399.998544,192.399973064,1.85,1.6703488E7,134217.6,0.0,2.8666666666666667,0.0,0.0
1376747785,4,10399.998544,192.399973064,1.85,1.6703488E7,134217.6,0.0,2.7333333333333334,0.0,0.0
1376748085,4,10399.998544,204.53330469866665,1.9666666666666666,1.6703488E7,234880.8,0.0,3.6666666666666665,0.06666666666666667,0.0
1376748385,4,10399.998544,211.4666370613333,2.033333333333333,1.6703488E7,380283.2,0.0,3.466666666666667,0.0,0.0
1376748685,4,10399.998544,213.199970152,2.05,1.6703488E7,369098.4,0.0,8.333333333333334,0.06666666666666667,0.0
1376748985,4,10399.998544,187.199973792,1.8,1.6703488E7,234880.8,0.0,3.0,0.0,0.0
1376749285,4,10399.998544,192.399973064,1.85,1.6703488E7,67108.8,0.0,2.8666666666666667,0.0,0.0
1376749585,4,10399.998544,195.86663924533335,1.8833333333333335,1.6703488E7,246065.6,0.0,2.8666666666666667,0.0,0.0
1376749885,4,10399.998544,192.399973064,1.85,1.6703488E7,134217.6,0.0,2.8,0.0,0.0
1376750185,4,10399.998544,197.59997233599998,1.9,1.6703488E7,89478.4,0.0,3.0,0.0,0.0
1376750485,4,10399.998544,192.399973064,1.85,1.6703488E7,178956.8,0.0,3.066666666666667,0.0,0.0
1376750785,4,10399.998544,194.13330615466666,1.8666666666666665,1.6703488E7,167772.0,0.0,2.6666666666666665,0.0,0.0
1376751085,4,10399.998544,192.399973064,1.85,1.6703488E7,78293.6,0.0,3.1333333333333333,0.0,0.0
1376751385,4,10399.998544,190.66663997333336,1.8333333333333335,1.6703488E7,268435.2,0.0,2.933333333333333,0.0,0.0
1376751685,4,10399.998544,192.399973064,1.85,1.6703488E7,111848.0,0.0,3.3333333333333335,0.06666666666666667,0.0
1376751985,4,10399.998544,199.33330542666667,1.9166666666666665,1.6703488E7,167772.0,0.0,3.4,0.0,0.0
1376752285,4,10399.998544,216.66663633333334,2.0833333333333335,1.6703488E7,480946.4,0.0,8.4,0.06666666666666667,0.0
1376752586,4,10399.998544,192.399973064,1.85,1.6703488E7,190141.6,0.0,2.8,0.0,0.0
1376752886,4,10399.998544,188.93330688266667,1.8166666666666667,1.6703488E7,89478.4,0.0,2.533333333333333,0.0,0.0
1376753186,4,10399.998544,188.93330688266667,1.8166666666666667,1.6703488E7,22369.6,0.0,2.8,0.0,0.0
1376753485,4,10399.998544,190.66663997333336,1.8333333333333335,1.6703488E7,111848.0,0.0,3.0,0.0,0.0
1376753785,4,10399.998544,197.59997233599998,1.9,1.6703488E7,111848.0,0.0,3.1333333333333333,0.0,0.0
1376754085,4,10399.998544,190.66663997333336,1.8333333333333335,1.6703488E7,234880.8,0.0,2.8,0.0,0.0
1376754385,4,10399.998544,194.13330615466666,1.8666666666666665,1.6703488E7,55924.0,0.0,2.7333333333333334,0.0,0.0
1376754685,4,10399.998544,195.86663924533335,1.8833333333333335,1.6703488E7,123032.8,0.0,2.8,0.0,0.0
1376754985,4,10399.998544,188.93330688266667,1.8166666666666667,1.6703488E7,234880.8,0.0,2.6666666666666665,0.0,0.0
1376755285,4,10399.998544,192.399973064,1.85,1.6703488E7,290804.8,0.0,3.3333333333333335,0.06666666666666667,0.0
1376755585,4,10399.998544,202.79997160799996,1.95,1.6703488E7,111848.0,0.0,3.8666666666666667,0.0,0.0
1376755885,4,10399.998544,209.73330397066667,2.0166666666666666,1.6703488E7,335544.0,0.0,8.333333333333334,0.06666666666666667,0.0
1376756185,4,10399.998544,194.13330615466666,1.8666666666666665,1.6703488E7,246065.6,0.0,2.8666666666666667,0.0,0.0
1376756485,4,10399.998544,197.59997233599998,1.9,1.6703488E7,33554.4,0.0,2.6666666666666665,0.0,0.0
1376756785,4,10399.998544,188.93330688266667,1.8166666666666667,1.6703488E7,190141.6,0.0,2.8666666666666667,0.0,0.0
1376757085,4,10399.998544,192.399973064,1.85,1.6703488E7,100663.2,0.0,2.933333333333333,0.0,0.0
1376757385,4,10399.998544,195.86663924533335,1.8833333333333335,1.6703488E7,223696.0,0.0,3.066666666666667,0.0,0.0
1376757685,4,10399.998544,190.66663997333336,1.8333333333333335,1.6703488E7,134217.6,0.0,2.7333333333333334,0.0,0.0
1376757985,4,10399.998544,190.66663997333336,1.8333333333333335,1.6703488E7,67108.8,0.0,2.7333333333333334,0.0,0.0
1376758285,4,10399.998544,194.13330615466666,1.8666666666666665,1.6703488E7,33554.4,0.0,2.8666666666666667,0.0,0.0
1376758585,4,10399.998544,194.13330615466666,1.8666666666666665,1.6703488E7,167772.0,0.0,2.8,0.0,0.0
1376758885,4,10399.998544,188.93330688266667,1.8166666666666667,1.6703488E7,44739.2,0.0,3.2666666666666666,0.06666666666666667,0.0
1376759186,4,10399.998544,201.06663851733333,1.9333333333333333,1.6703488E7,178956.8,0.0,3.4,0.0,0.0
1376759486,4,10399.998544,211.4666370613333,2.033333333333333,1.6703488E7,301989.6,0.0,8.4,0.06666666666666667,0.0
1376759786,4,10399.998544,187.199973792,1.8,1.6703488E7,67108.8,0.0,2.8,0.0,0.0
1376760086,4,10399.998544,194.13330615466666,1.8666666666666665,1.6703488E7,123032.8,0.0,2.8,0.0,0.0
1376760386,4,10399.998544,190.66663997333336,1.8333333333333335,1.6703488E7,67108.8,0.0,2.7333333333333334,0.0,0.0
1376760686,4,10399.998544,195.86663924533335,1.8833333333333335,1.6703488E7,100663.2,0.0,2.8666666666666667,0.0,0.0
1376760986,4,10399.998544,199.33330542666667,1.9166666666666665,1.6703488E7,290804.8,0.0,3.066666666666667,0.0,0.0
1376761286,4,10399.998544,192.399973064,1.85,1.6703488E7,100663.2,0.0,2.933333333333333,0.0,0.0
1376761586,4,10399.998544,201.06663851733333,1.9333333333333333,1.6703488E7,134217.6,0.0,2.6666666666666665,0.0,0.0
1376761886,4,10399.998544,197.59997233599998,1.9,1.6703488E7,100663.2,0.0,2.8,0.0,0.0
1376762186,4,10399.998544,190.66663997333336,1.8333333333333335,1.6703488E7,234880.8,0.0,2.6,0.0,0.0
1376762486,4,10399.998544,194.13330615466666,1.8666666666666665,1.6703488E7,212511.2,0.0,3.4,0.06666666666666667,0.0
1376762786,4,10399.998544,197.59997233599998,1.9,1.6703488E7,234880.8,0.0,3.2666666666666666,0.0,0.0
1376763086,4,10399.998544,213.199970152,2.05,1.6703488E7,503316.0,0.0,8.533333333333333,0.06666666666666667,0.0
1376763386,4,10399.998544,194.13330615466666,1.8666666666666665,1.6703488E7,167772.0,0.0,2.7333333333333334,0.0,0.0
1376763686,4,10399.998544,197.59997233599998,1.9,1.6703488E7,201326.4,0.0,2.7333333333333334,0.0,0.0
1376763986,4,10399.998544,197.59997233599998,1.9,1.6703488E7,100663.2,0.0,2.7333333333333334,0.0,0.0
1376764286,4,10399.998544,199.33330542666667,1.9166666666666665,1.6703488E7,145402.4,0.0,2.8,0.0,0.0
1376764586,4,10399.998544,197.59997233599998,1.9,1.6703488E7,134217.6,0.0,3.066666666666667,0.0,0.0
1376764886,4,10399.998544,197.59997233599998,1.9,1.6703488E7,44739.2,0.0,2.933333333333333,0.0,0.0
1376765186,4,10399.998544,199.33330542666667,1.9166666666666665,1.6703488E7,111848.0,0.0,2.533333333333333,0.0,0.0
1376765486,4,10399.998544,197.59997233599998,1.9,1.6703488E7,22369.6,0.0,3.0,0.0,0.0
1376765786,4,10399.998544,195.86663924533335,1.8833333333333335,1.6703488E7,67108.8,0.0,2.533333333333333,0.0,0.0
1376766086,4,10399.998544,209.73330397066667,2.0166666666666666,1.6703488E7,223696.0,0.0,3.4,0.06666666666666667,0.0
1376766386,4,10399.998544,216.66663633333334,2.0833333333333335,1.6703488E7,246065.6,0.0,3.6666666666666665,0.0,0.0
1376766686,4,10399.998544,214.93330324266663,2.0666666666666664,1.6703488E7,402652.8,0.0,8.6,0.06666666666666667,0.0
1376766986,4,10399.998544,197.59997233599998,1.9,1.6703488E7,201326.4,0.0,2.7333333333333334,0.0,0.0
1376767286,4,10399.998544,201.06663851733333,1.9333333333333333,1.6703488E7,212511.2,0.0,3.0,0.0,0.0
1376767586,4,10399.998544,195.86663924533335,1.8833333333333335,1.6703488E7,134217.6,0.0,2.8,0.0,0.0
1376767886,4,10399.998544,195.86663924533335,1.8833333333333335,1.6703488E7,44739.2,0.0,2.933333333333333,0.0,0.0
1376768187,4,10399.998544,197.59997233599998,1.9,1.6703488E7,167772.0,0.0,3.1333333333333333,0.0,0.0
1376768487,4,10399.998544,199.33330542666667,1.9166666666666665,1.6703488E7,223696.0,0.0,3.066666666666667,0.0,0.0
1376768787,4,10399.998544,190.66663997333336,1.8333333333333335,1.6703488E7,111848.0,0.0,2.8666666666666667,0.0,0.0
1376769087,4,10399.998544,192.399973064,1.85,1.6703488E7,78293.6,0.0,3.0,0.0,0.0
1376769387,4,10399.998544,194.13330615466666,1.8666666666666665,1.6703488E7,0.0,0.0,3.066666666666667,0.0,0.0
1376769687,4,10399.998544,194.13330615466666,1.8666666666666665,1.6703488E7,78293.6,0.0,3.466666666666667,0.06666666666666667,0.0
1376769987,4,10399.998544,206.26663778933332,1.9833333333333334,1.6703488E7,178956.8,0.0,3.533333333333333,0.0,0.0
1376770287,4,10399.998544,216.66663633333334,2.0833333333333335,1.6703488E7,425022.4,0.0,8.4,0.06666666666666667,0.0
1376770587,4,10399.998544,197.59997233599998,1.9,1.6703488E7,78293.6,0.0,3.0,0.0,0.0
1376770887,4,10399.998544,195.86663924533335,1.8833333333333335,1.6703488E7,33554.4,0.0,3.066666666666667,0.0,0.0
1376771187,4,10399.998544,195.86663924533335,1.8833333333333335,1.6703488E7,167772.0,0.0,2.933333333333333,0.0,0.0
1376771487,4,10399.998544,192.399973064,1.85,1.6703488E7,156587.2,0.0,3.1333333333333333,0.0,0.0
1376771787,4,10399.998544,194.13330615466666,1.8666666666666665,1.6703488E7,145402.4,0.0,3.0,0.0,0.0
1376772087,4,10399.998544,197.59997233599998,1.9,1.6703488E7,201326.4,0.0,2.8,0.0,0.0
1376772387,4,10399.998544,192.399973064,1.85,1.6703488E7,100663.2,0.0,2.7333333333333334,0.0,0.0
1376772687,4,10399.998544,194.13330615466666,1.8666666666666665,1.6703488E7,55924.0,0.0,2.8,0.0,0.0
1376772987,4,10399.998544,194.13330615466666,1.8666666666666665,1.6703488E7,11184.8,0.0,2.7333333333333334,0.0,0.0
1376773287,4,10399.998544,197.59997233599998,1.9,1.6703488E7,44739.2,0.0,3.2666666666666666,0.06666666666666667,0.0
1376773587,4,10399.998544,201.06663851733333,1.9333333333333333,1.6703488E7,111848.0,0.0,3.4,0.0,0.0
1376773887,4,10399.998544,216.66663633333334,2.0833333333333335,1.6703488E7,223696.0,0.0,8.466666666666667,0.06666666666666667,0.0
1376774187,4,10399.998544,199.33330542666667,1.9166666666666665,1.6703488E7,111848.0,0.0,2.7333333333333334,0.0,0.0
1376774487,4,10399.998544,192.399973064,1.85,1.6703488E7,44739.2,0.0,2.7333333333333334,0.0,0.0
1376774787,4,10399.998544,195.86663924533335,1.8833333333333335,1.6703488E7,44739.2,0.0,3.0,0.0,0.0
1376775087,4,10399.998544,197.59997233599998,1.9,1.6703488E7,78293.6,0.0,3.2666666666666666,0.0,0.0
1376775387,4,10399.998544,199.33330542666667,1.9166666666666665,1.6703488E7,89478.4,0.0,3.066666666666667,0.0,0.0
1376775687,4,10399.998544,195.86663924533335,1.8833333333333335,1.6703488E7,78293.6,0.0,3.066666666666667,0.0,0.0
1376775988,4,10399.998544,197.59997233599998,1.9,1.6703488E7,145402.4,0.0,2.8,0.0,0.0
1376776288,4,10399.998544,197.59997233599998,1.9,1.6703488E7,201326.4,0.0,3.0,0.0,0.0
1376776588,4,10399.998544,207.99997088,2.0,1.6703488E7,223696.0,0.0,4.266666666666667,0.0,0.0
1376776891,4,10399.998544,199.33330542666667,1.9166666666666665,1.6703488E7,22369.6,0.0,3.3333333333333335,0.06666666666666667,0.0
1376777191,4,10399.998544,204.53330469866665,1.9666666666666666,1.6703488E7,44739.2,0.0,4.066666666666666,0.0,0.0
1376777491,4,10399.998544,223.599968696,2.15,1.6703488E7,335544.0,0.0,8.466666666666667,0.06666666666666667,0.0
1376777791,4,10399.998544,201.06663851733333,1.9333333333333333,1.6703488E7,167772.0,0.0,2.933333333333333,0.0,0.0
1376778091,4,10399.998544,207.99997088,2.0,1.6703488E7,22369.6,0.0,2.8,0.0,0.0
1376778391,4,10399.998544,204.53330469866665,1.9666666666666666,1.6703488E7,67108.8,0.0,2.933333333333333,0.0,0.0
1376778691,4,10399.998544,197.59997233599998,1.9,1.6703488E7,123032.8,0.0,3.1333333333333333,0.0,0.0
1376778991,4,10399.998544,199.33330542666667,1.9166666666666665,1.6703488E7,44739.2,0.0,3.066666666666667,0.0,0.0
1376779291,4,10399.998544,201.06663851733333,1.9333333333333333,1.6703488E7,301989.6,0.0,10.466666666666667,0.8,1.1333333333333333
1376779591,4,10399.998544,199.33330542666667,1.9166666666666665,1.6703488E7,290804.8,0.0,2.7333333333333334,0.0,0.0
1376779891,4,10399.998544,197.59997233599998,1.9,1.6703488E7,44739.2,0.0,3.0,0.0,0.0
1376780191,4,10399.998544,194.13330615466666,1.8666666666666665,1.6703488E7,190141.6,0.0,2.8,0.0,0.0
1376780491,4,10399.998544,197.59997233599998,1.9,1.6703488E7,145402.4,0.0,3.2666666666666666,0.13333333333333333,0.0
1376780791,4,10399.998544,202.79997160799996,1.95,1.6703488E7,257250.4,0.0,3.6,0.0,0.0
1376781091,4,10399.998544,216.66663633333334,2.0833333333333335,1.6703488E7,290804.8,0.0,8.6,0.06666666666666667,0.0
1376781391,4,10399.998544,195.86663924533335,1.8833333333333335,1.6703488E7,234880.8,0.0,2.933333333333333,0.0,0.0
1376781691,4,10399.998544,201.06663851733333,1.9333333333333333,1.6703488E7,0.0,0.0,2.8,0.0,0.0
1376781991,4,10399.998544,194.13330615466666,1.8666666666666665,1.6703488E7,67108.8,0.0,2.8666666666666667,0.0,0.0
1376782291,4,10399.998544,197.59997233599998,1.9,1.6703488E7,134217.6,0.0,3.1333333333333333,0.0,0.0
1376782591,4,10399.998544,201.06663851733333,1.9333333333333333,1.6703488E7,167772.0,0.0,2.933333333333333,0.0,0.0
1376782891,4,10399.998544,204.53330469866665,1.9666666666666666,1.6703488E7,111848.0,0.0,3.066666666666667,0.0,0.0
1376783191,4,10399.998544,199.33330542666667,1.9166666666666665,1.6703488E7,234880.8,0.0,2.466666666666667,0.0,0.0
1376783491,4,10399.998544,197.59997233599998,1.9,1.6703488E7,134217.6,0.0,2.933333333333333,0.0,0.0
1376783791,4,10399.998544,197.59997233599998,1.9,1.6703488E7,223696.0,0.0,2.6,0.0,0.0
1376784091,4,10399.998544,195.86663924533335,1.8833333333333335,1.6703488E7,167772.0,0.0,3.2666666666666666,0.06666666666666667,0.0
1376784392,4,10399.998544,201.06663851733333,1.9333333333333333,1.6703488E7,134217.6,0.0,3.3333333333333335,0.0,0.0
1376784692,4,10399.998544,218.399969424,2.1,1.6703488E7,234880.8,0.0,8.466666666666667,0.06666666666666667,0.0
1376784992,4,10399.998544,199.33330542666667,1.9166666666666665,1.6703488E7,167772.0,0.0,2.933333333333333,0.0,0.0
1376785292,4,10399.998544,197.59997233599998,1.9,1.6703488E7,33554.4,0.0,2.8,0.0,0.0
1376785592,4,10399.998544,199.33330542666667,1.9166666666666665,1.6703488E7,134217.6,0.0,2.933333333333333,0.0,0.0
1376785892,4,10399.998544,194.13330615466666,1.8666666666666665,1.6703488E7,33554.4,0.0,3.066666666666667,0.0,0.0
1376786191,4,10399.998544,195.86663924533335,1.8833333333333335,1.6703488E7,178956.8,0.0,3.1333333333333333,0.0,0.0
1376786491,4,10399.998544,204.53330469866665,1.9666666666666666,1.6703488E7,301989.6,0.0,3.1333333333333333,0.0,0.0
1376786791,4,10399.998544,195.86663924533335,1.8833333333333335,1.6703488E7,134217.6,0.0,2.7333333333333334,0.0,0.0
1376787091,4,10399.998544,201.06663851733333,1.9333333333333333,1.6703488E7,0.0,0.0,2.8666666666666667,0.0,0.0
1376787391,4,10399.998544,192.399973064,1.85,1.6703488E7,167772.0,0.0,2.8,0.0,0.0
1376787691,4,10399.998544,197.59997233599998,1.9,1.6703488E7,67108.8,0.0,3.4,0.06666666666666667,0.0
1376787991,4,10399.998544,204.53330469866665,1.9666666666666666,1.6703488E7,89478.4,0.0,3.6,0.06666666666666667,0.0
1376788291,4,10399.998544,228.79996796800003,2.2,1.6703488E7,201326.4,0.0,67.93333333333334,15.066666666666666,0.3333333333333333
1376788591,4,10399.998544,192.399973064,1.85,1.6703488E7,0.0,0.0,2.7333333333333334,0.0,0.0
1376788891,4,10399.998544,197.59997233599998,1.9,1.6703488E7,100663.2,0.0,2.6666666666666665,0.0,0.0
1376789191,4,10399.998544,201.06663851733333,1.9333333333333333,1.6703488E7,0.0,0.0,2.8,0.0,0.0
1376789491,4,10399.998544,201.06663851733333,1.9333333333333333,1.6703488E7,123032.8,0.0,6.533333333333333,0.06666666666666667,0.13333333333333333
1376789791,4,10399.998544,197.59997233599998,1.9,1.6703488E7,212511.2,0.0,2.933333333333333,0.0,0.0
1376790092,4,10399.998544,194.13330615466666,1.8666666666666665,1.6703488E7,0.0,0.0,2.8,0.0,0.0
1376790392,4,10399.998544,201.06663851733333,1.9333333333333333,1.6703488E7,0.0,0.0,2.6,0.0,0.0
1376790692,4,10399.998544,197.59997233599998,1.9,1.6703488E7,0.0,0.0,2.7333333333333334,0.0,0.0
1376790992,4,10399.998544,202.79997160799996,1.95,1.6703488E7,134217.6,0.0,2.7333333333333334,0.0,0.0
1376791292,4,10399.998544,370.9332814026667,3.566666666666667,1.6703488E7,0.0,0.0,5.133333333333333,1.5333333333333334,0.7333333333333333
1376791592,4,10399.998544,206.26663778933332,1.9833333333333334,1.6703488E7,100663.2,0.0,4.866666666666666,0.0,0.0
1376791892,4,10399.998544,213.199970152,2.05,1.6703488E7,201326.4,0.0,8.466666666666667,0.06666666666666667,0.0
1376792192,4,10399.998544,201.06663851733333,1.9333333333333333,1.6703488E7,156587.2,0.0,2.933333333333333,0.0,0.0
1376792492,4,10399.998544,230.5333010586667,2.216666666666667,1.6703488E7,480946.4,0.0,17.2,6.933333333333334,6.866666666666666
1376792792,4,10399.998544,540.799924288,5.2,1.6703488E7,369098.4,0.0,10.6,0.0,0.0
1376793092,4,10399.998544,197.59997233599998,1.9,1.6703488E7,145402.4,0.0,3.1333333333333333,0.0,0.0
1376793392,4,10399.998544,199.33330542666667,1.9166666666666665,1.6703488E7,425022.4,0.0,3.2,0.0,0.0
1376793692,4,10399.998544,195.86663924533335,1.8833333333333335,1.6703488E7,145402.4,0.0,2.933333333333333,0.0,0.0
1376793992,4,10399.998544,201.06663851733333,1.9333333333333333,1.6703488E7,0.0,0.0,2.8666666666666667,0.0,0.0
1376794292,4,10399.998544,199.33330542666667,1.9166666666666665,1.6703488E7,44739.2,0.0,2.933333333333333,0.0,0.0
1376794592,4,10399.998544,197.59997233599998,1.9,1.6703488E7,268435.2,0.0,2.8,0.0,0.0
1376794892,4,10399.998544,192.399973064,1.85,1.6703488E7,134217.6,0.0,3.6,0.06666666666666667,0.0
1376795192,4,10399.998544,223.599968696,2.15,1.6703488E7,167772.0,0.0,8.133333333333333,0.0,0.13333333333333333
1376795492,4,10399.998544,216.66663633333334,2.0833333333333335,1.6703488E7,357913.6,0.0,8.666666666666666,0.06666666666666667,0.0
1376795792,4,10399.998544,199.33330542666667,1.9166666666666665,1.6703488E7,145402.4,0.0,2.8666666666666667,0.0,0.0
1376796092,4,10399.998544,201.06663851733333,1.9333333333333333,1.6703488E7,0.0,0.0,3.0,0.0,0.0
1376796392,4,10399.998544,199.33330542666667,1.9166666666666665,1.6703488E7,111848.0,0.0,2.933333333333333,0.0,0.0
1376796692,4,10399.998544,195.86663924533335,1.8833333333333335,1.6703488E7,223696.0,0.0,2.8666666666666667,0.0,0.0
1376796992,4,10399.998544,194.13330615466666,1.8666666666666665,1.6703488E7,201326.4,0.0,2.933333333333333,0.0,0.0
1376797292,4,10399.998544,190.66663997333336,1.8333333333333335,1.6703488E7,111848.0,0.0,2.933333333333333,0.0,0.0
1376797592,4,10399.998544,194.13330615466666,1.8666666666666665,1.6703488E7,111848.0,0.0,2.8666666666666667,0.0,0.0
1376797892,4,10399.998544,190.66663997333336,1.8333333333333335,1.6703488E7,223696.0,0.0,2.8,0.0,0.0
1376798193,4,10399.998544,188.93330688266667,1.8166666666666667,1.6703488E7,156587.2,0.0,3.0,0.0,0.0
1376798493,4,10399.998544,199.33330542666667,1.9166666666666665,1.6703488E7,167772.0,0.0,3.533333333333333,0.06666666666666667,0.0
1376798793,4,10399.998544,201.06663851733333,1.9333333333333333,1.6703488E7,167772.0,0.0,3.533333333333333,0.0,0.0
1376799093,4,10399.998544,214.93330324266663,2.0666666666666664,1.6703488E7,380283.2,0.0,8.933333333333334,0.06666666666666667,0.0
1376799393,4,10399.998544,192.399973064,1.85,1.6703488E7,178956.8,0.0,2.7333333333333334,0.0,0.0
1376799693,4,10399.998544,195.86663924533335,1.8833333333333335,1.6703488E7,67108.8,0.0,3.066666666666667,0.0,0.0
1376799993,4,10399.998544,199.33330542666667,1.9166666666666665,1.6703488E7,89478.4,0.0,2.7333333333333334,0.0,0.0
1376800293,4,10399.998544,195.86663924533335,1.8833333333333335,1.6703488E7,55924.0,0.0,3.1333333333333333,0.0,0.0
1376800593,4,10399.998544,201.06663851733333,1.9333333333333333,1.6703488E7,123032.8,0.0,3.066666666666667,0.0,0.0
1376800893,4,10399.998544,201.06663851733333,1.9333333333333333,1.6703488E7,257250.4,0.0,3.0,0.0,0.0
1376801193,4,10399.998544,194.13330615466666,1.8666666666666665,1.6703488E7,223696.0,0.0,2.933333333333333,0.0,0.0
1376801493,4,10399.998544,195.86663924533335,1.8833333333333335,1.6703488E7,279620.0,0.0,3.2,0.0,0.0
1376801793,4,10399.998544,204.53330469866665,1.9666666666666666,1.6703488E7,89478.4,0.0,3.0,0.0,0.0
1376802093,4,10399.998544,199.33330542666667,1.9166666666666665,1.6703488E7,190141.6,0.0,3.6,0.06666666666666667,0.0
1376802393,4,10399.998544,206.26663778933332,1.9833333333333334,1.6703488E7,145402.4,0.0,3.2666666666666666,0.0,0.0
1376802693,4,10399.998544,218.399969424,2.1,1.6703488E7,257250.4,0.0,8.666666666666666,0.06666666666666667,0.0
1376802993,4,10399.998544,199.33330542666667,1.9166666666666665,1.6703488E7,145402.4,0.0,3.0,0.0,0.0
1376803293,4,10399.998544,195.86663924533335,1.8833333333333335,1.6703488E7,33554.4,0.0,2.933333333333333,0.0,0.0
1376803593,4,10399.998544,197.59997233599998,1.9,1.6703488E7,111848.0,0.0,3.066666666666667,0.0,0.0
1376803893,4,10399.998544,197.59997233599998,1.9,1.6703488E7,178956.8,0.0,3.3333333333333335,0.0,0.0
1376804193,4,10399.998544,202.79997160799996,1.95,1.6703488E7,100663.2,0.0,3.2,0.0,0.0
1376804493,4,10399.998544,195.86663924533335,1.8833333333333335,1.6703488E7,134217.6,0.0,3.0,0.0,0.0
1376804793,4,10399.998544,199.33330542666667,1.9166666666666665,1.6703488E7,123032.8,0.0,2.8666666666666667,0.0,0.0
1376805093,4,10399.998544,197.59997233599998,1.9,1.6703488E7,145402.4,0.0,2.8666666666666667,0.0,0.0
1376805393,4,10399.998544,195.86663924533335,1.8833333333333335,1.6703488E7,67108.8,0.0,2.8666666666666667,0.0,0.0
1376805693,4,10399.998544,197.59997233599998,1.9,1.6703488E7,123032.8,0.0,3.8,0.06666666666666667,0.0
1376805993,4,10399.998544,206.26663778933332,1.9833333333333334,1.6703488E7,268435.2,0.0,3.2666666666666666,0.0,0.0
1376806293,4,10399.998544,214.93330324266663,2.0666666666666664,1.6703488E7,268435.2,0.0,8.466666666666667,0.06666666666666667,0.0
1376806593,4,10399.998544,195.86663924533335,1.8833333333333335,1.6703488E7,178956.8,0.0,2.8,0.0,0.0
1376806893,4,10399.998544,199.33330542666667,1.9166666666666665,1.6703488E7,335544.0,0.0,3.066666666666667,0.0,0.0
1376807193,4,10399.998544,213.199970152,2.05,1.6703488E7,100663.2,0.0,2.8,0.0,0.0
1376807493,4,10399.998544,194.13330615466666,1.8666666666666665,1.6703488E7,178956.8,0.0,3.1333333333333333,0.0,0.0
1376807793,4,10399.998544,202.79997160799996,1.95,1.6703488E7,89478.4,0.0,3.066666666666667,0.0,0.0
1376808093,4,10399.998544,199.33330542666667,1.9166666666666665,1.6703488E7,123032.8,0.0,2.933333333333333,0.0,0.0
1376808393,4,10399.998544,202.79997160799996,1.95,1.6703488E7,335544.0,0.0,2.6666666666666665,0.0,0.0
1376808693,4,10399.998544,197.59997233599998,1.9,1.6703488E7,55924.0,0.0,2.8666666666666667,0.0,0.0
1376808993,4,10399.998544,199.33330542666667,1.9166666666666665,1.6703488E7,44739.2,0.0,2.8,0.0,0.0
1376809293,4,10399.998544,199.33330542666667,1.9166666666666665,1.6703488E7,290804.8,0.0,3.7333333333333334,0.06666666666666667,0.0
1376809593,4,10399.998544,204.53330469866665,1.9666666666666666,1.6703488E7,134217.6,0.0,3.6666666666666665,0.0,0.0
1376809894,4,10399.998544,216.66663633333334,2.0833333333333335,1.6703488E7,369098.4,0.0,8.533333333333333,0.06666666666666667,0.0
1376810194,4,10399.998544,195.86663924533335,1.8833333333333335,1.6703488E7,201326.4,0.0,2.8666666666666667,0.0,0.0
1376810494,4,10399.998544,190.66663997333336,1.8333333333333335,1.6703488E7,67108.8,0.0,2.933333333333333,0.0,0.0
1376810794,4,10399.998544,206.26663778933332,1.9833333333333334,1.6703488E7,100663.2,0.0,2.7333333333333334,0.0,0.0
1376811094,4,10399.998544,206.26663778933332,1.9833333333333334,1.6703488E7,78293.6,0.0,3.2,0.0,0.0
1376811394,4,10399.998544,202.79997160799996,1.95,1.6703488E7,134217.6,0.0,3.066666666666667,0.0,0.0
1376811694,4,10399.998544,199.33330542666667,1.9166666666666665,1.6703488E7,67108.8,0.0,2.8,0.0,0.0
1376811994,4,10399.998544,197.59997233599998,1.9,1.6703488E7,111848.0,0.0,3.066666666666667,0.0,0.0
1376812294,4,10399.998544,195.86663924533335,1.8833333333333335,1.6703488E7,78293.6,0.0,3.066666666666667,0.0,0.0
1376812594,4,10399.998544,199.33330542666667,1.9166666666666665,1.6703488E7,111848.0,0.0,3.0,0.0,0.0
1376812894,4,10399.998544,199.33330542666667,1.9166666666666665,1.6703488E7,134217.6,0.0,3.7333333333333334,0.06666666666666667,0.0
1376813194,4,10399.998544,206.26663778933332,1.9833333333333334,1.6703488E7,246065.6,0.0,3.466666666666667,0.0,0.0
1376813494,4,10399.998544,216.66663633333334,2.0833333333333335,1.6703488E7,301989.6,0.0,8.533333333333333,0.06666666666666667,0.0
1376813794,4,10399.998544,197.59997233599998,1.9,1.6703488E7,234880.8,0.0,3.066666666666667,0.0,0.0
1376814094,4,10399.998544,194.13330615466666,1.8666666666666665,1.6703488E7,67108.8,0.0,2.933333333333333,0.0,0.0
1376814394,4,10399.998544,197.59997233599998,1.9,1.6703488E7,0.0,0.0,2.8,0.0,0.0
1376814694,4,10399.998544,197.59997233599998,1.9,1.6703488E7,22369.6,0.0,3.2666666666666666,0.0,0.0
1376814994,4,10399.998544,199.33330542666667,1.9166666666666665,1.6703488E7,67108.8,0.0,3.3333333333333335,0.0,0.0
1376815294,4,10399.998544,201.06663851733333,1.9333333333333333,1.6703488E7,78293.6,0.0,2.7333333333333334,0.0,0.0
1376815594,4,10399.998544,201.06663851733333,1.9333333333333333,1.6703488E7,178956.8,0.0,2.6666666666666665,0.0,0.0
1376815894,4,10399.998544,194.13330615466666,1.8666666666666665,1.6703488E7,167772.0,0.0,2.7333333333333334,0.0,0.0
1376816194,4,10399.998544,199.33330542666667,1.9166666666666665,1.6703488E7,156587.2,0.0,2.7333333333333334,0.0,0.0
1376816494,4,10399.998544,195.86663924533335,1.8833333333333335,1.6703488E7,156587.2,0.0,3.466666666666667,0.06666666666666667,0.0
1376816794,4,10399.998544,201.06663851733333,1.9333333333333333,1.6703488E7,190141.6,0.0,3.1333333333333333,0.0,0.0
1376817094,4,10399.998544,216.66663633333334,2.0833333333333335,1.6703488E7,156587.2,0.0,8.6,0.06666666666666667,0.0
1376817394,4,10399.998544,197.59997233599998,1.9,1.6703488E7,100663.2,0.0,2.6,0.0,0.0
1376817694,4,10399.998544,202.79997160799996,1.95,1.6703488E7,89478.4,0.0,2.933333333333333,0.0,0.0
1376817994,4,10399.998544,197.59997233599998,1.9,1.6703488E7,246065.6,0.0,2.7333333333333334,0.0,0.0
1376818294,4,10399.998544,194.13330615466666,1.8666666666666665,1.6703488E7,0.0,0.0,2.933333333333333,0.0,0.0
1376818594,4,10399.998544,199.33330542666667,1.9166666666666665,1.6703488E7,0.0,0.0,3.066666666666667,0.0,0.0
1376818894,4,10399.998544,201.06663851733333,1.9333333333333333,1.6703488E7,413837.6,0.0,2.7333333333333334,0.0,0.0
1376819194,4,10399.998544,202.79997160799996,1.95,1.6703488E7,100663.2,0.0,2.8666666666666667,0.0,0.0
1376819494,4,10399.998544,195.86663924533335,1.8833333333333335,1.6703488E7,67108.8,0.0,2.8666666666666667,0.0,0.0
1376819794,4,10399.998544,192.399973064,1.85,1.6703488E7,156587.2,0.0,2.8666666666666667,0.0,0.0
1376820094,4,10399.998544,192.399973064,1.85,1.6703488E7,134217.6,0.0,3.8666666666666667,0.06666666666666667,0.0
1376820394,4,10399.998544,202.79997160799996,1.95,1.6703488E7,257250.4,0.0,3.8,0.0,0.0
1376820694,4,10399.998544,213.199970152,2.05,1.6703488E7,234880.8,0.0,8.733333333333333,0.06666666666666667,0.0
1376820994,4,10399.998544,195.86663924533335,1.8833333333333335,1.6703488E7,145402.4,0.0,2.6666666666666665,0.0,0.0
1376821294,4,10399.998544,192.399973064,1.85,1.6703488E7,167772.0,0.0,2.933333333333333,0.0,0.0
1376821594,4,10399.998544,192.399973064,1.85,1.6703488E7,44739.2,0.0,2.6,0.0,0.0
1376821894,4,10399.998544,192.399973064,1.85,1.6703488E7,33554.4,0.0,3.1333333333333333,0.0,0.0
1376822194,4,10399.998544,197.59997233599998,1.9,1.6703488E7,369098.4,0.0,3.0,0.0,0.0
1376822494,4,10399.998544,188.93330688266667,1.8166666666666667,1.6703488E7,100663.2,0.0,2.933333333333333,0.0,0.0
1376822794,4,10399.998544,195.86663924533335,1.8833333333333335,1.6703488E7,0.0,0.0,2.8,0.0,0.0
1376823094,4,10399.998544,192.399973064,1.85,1.6703488E7,89478.4,0.0,2.8,0.0,0.0
1376823394,4,10399.998544,195.86663924533335,1.8833333333333335,1.6703488E7,234880.8,0.0,2.8,0.0,0.0
1376823694,4,10399.998544,201.06663851733333,1.9333333333333333,1.6703488E7,78293.6,0.0,3.466666666666667,0.06666666666666667,0.0
1376823995,4,10399.998544,202.79997160799996,1.95,1.6703488E7,167772.0,0.0,2.933333333333333,0.0,0.0
1376824295,4,10399.998544,218.399969424,2.1,1.6703488E7,301989.6,0.0,8.466666666666667,0.06666666666666667,0.0
1376824595,4,10399.998544,195.86663924533335,1.8833333333333335,1.6703488E7,178956.8,0.0,2.8666666666666667,0.0,0.0
1376824895,4,10399.998544,192.399973064,1.85,1.6703488E7,190141.6,0.0,2.8666666666666667,0.0,0.0
1376825195,4,10399.998544,194.13330615466666,1.8666666666666665,1.6703488E7,55924.0,0.0,2.7333333333333334,0.0,0.0
1376825495,4,10399.998544,195.86663924533335,1.8833333333333335,1.6703488E7,134217.6,0.0,3.2,0.0,0.0
1376825795,4,10399.998544,197.59997233599998,1.9,1.6703488E7,178956.8,0.0,3.0,0.0,0.0
1376826095,4,10399.998544,192.399973064,1.85,1.6703488E7,67108.8,0.0,2.8,0.0,0.0
1376826395,4,10399.998544,201.06663851733333,1.9333333333333333,1.6703488E7,33554.4,0.0,3.0,0.0,0.0
1376826695,4,10399.998544,201.06663851733333,1.9333333333333333,1.6703488E7,178956.8,0.0,2.8666666666666667,0.0,0.0
1376826995,4,10399.998544,199.33330542666667,1.9166666666666665,1.6703488E7,55924.0,0.0,2.8,0.0,0.0
1376827295,4,10399.998544,199.33330542666667,1.9166666666666665,1.6703488E7,67108.8,0.0,3.8,0.06666666666666667,0.0
1376827595,4,10399.998544,207.99997088,2.0,1.6703488E7,346728.8,0.0,2.8666666666666667,0.0,0.0
1376827895,4,10399.998544,223.599968696,2.15,1.6703488E7,503316.0,0.0,8.666666666666666,0.06666666666666667,0.0
1376828195,4,10399.998544,192.399973064,1.85,1.6703488E7,145402.4,0.0,2.7333333333333334,0.0,0.0
1376828495,4,10399.998544,190.66663997333336,1.8333333333333335,1.6703488E7,55924.0,0.0,3.066666666666667,0.0,0.0
1376828795,4,10399.998544,194.13330615466666,1.8666666666666665,1.6703488E7,145402.4,0.0,2.933333333333333,0.0,0.0
1376829095,4,10399.998544,197.59997233599998,1.9,1.6703488E7,223696.0,0.0,2.933333333333333,0.0,0.0
1376829395,4,10399.998544,201.06663851733333,1.9333333333333333,1.6703488E7,268435.2,0.0,3.0,0.0,0.0
1376829695,4,10399.998544,192.399973064,1.85,1.6703488E7,123032.8,0.0,2.8666666666666667,0.0,0.0
1376829995,4,10399.998544,192.399973064,1.85,1.6703488E7,55924.0,0.0,2.8666666666666667,0.0,0.0
1376830295,4,10399.998544,190.66663997333336,1.8333333333333335,1.6703488E7,145402.4,0.0,2.933333333333333,0.0,0.0
1376830595,4,10399.998544,195.86663924533335,1.8833333333333335,1.6703488E7,134217.6,0.0,2.933333333333333,0.0,0.0
1376830895,4,10399.998544,192.399973064,1.85,1.6703488E7,100663.2,0.0,3.6666666666666665,0.06666666666666667,0.0
1376831195,4,10399.998544,201.06663851733333,1.9333333333333333,1.6703488E7,223696.0,0.0,3.6,0.0,0.0
1376831495,4,10399.998544,213.199970152,2.05,1.6703488E7,268435.2,0.0,8.4,0.06666666666666667,0.0
1376831795,4,10399.998544,197.59997233599998,1.9,1.6703488E7,0.0,0.0,2.8666666666666667,0.0,0.0
1376832096,4,10399.998544,194.13330615466666,1.8666666666666665,1.6703488E7,178956.8,0.0,2.8666666666666667,0.0,0.0
1376832396,4,10399.998544,194.13330615466666,1.8666666666666665,1.6703488E7,357913.6,0.0,2.8666666666666667,0.0,0.0
1376832696,4,10399.998544,197.59997233599998,1.9,1.6703488E7,22369.6,0.0,2.933333333333333,0.0,0.0
1376832996,4,10399.998544,195.86663924533335,1.8833333333333335,1.6703488E7,44739.2,0.0,2.933333333333333,0.0,0.0
1376833296,4,10399.998544,195.86663924533335,1.8833333333333335,1.6703488E7,156587.2,0.0,2.933333333333333,0.0,0.0
1376833596,4,10399.998544,188.93330688266667,1.8166666666666667,1.6703488E7,67108.8,0.0,2.8666666666666667,0.0,0.0
1376833896,4,10399.998544,194.13330615466666,1.8666666666666665,1.6703488E7,145402.4,0.0,2.8,0.0,0.0
1376834196,4,10399.998544,199.33330542666667,1.9166666666666665,1.6703488E7,178956.8,0.0,2.7333333333333334,0.0,0.0
1376834495,4,10399.998544,201.06663851733333,1.9333333333333333,1.6703488E7,111848.0,0.0,3.533333333333333,0.0,0.0
1376834795,4,10399.998544,197.59997233599998,1.9,1.6703488E7,100663.2,0.0,3.066666666666667,0.0,0.0
1376835095,4,10399.998544,214.93330324266663,2.0666666666666664,1.6703488E7,324359.2,0.0,8.466666666666667,0.06666666666666667,0.0
1376835395,4,10399.998544,195.86663924533335,1.8833333333333335,1.6703488E7,190141.6,0.0,2.8,0.0,0.0
1376835695,4,10399.998544,187.199973792,1.8,1.6703488E7,100663.2,0.0,3.0,0.0,0.0
1376835995,4,10399.998544,188.93330688266667,1.8166666666666667,1.6703488E7,67108.8,0.0,2.6666666666666665,0.0,0.0
1376836295,4,10399.998544,195.86663924533335,1.8833333333333335,1.6703488E7,123032.8,0.0,3.1333333333333333,0.0,0.0
1376836595,4,10399.998544,199.33330542666667,1.9166666666666665,1.6703488E7,290804.8,0.0,2.8666666666666667,0.0,0.0
1376836895,4,10399.998544,194.13330615466666,1.8666666666666665,1.6703488E7,178956.8,0.0,3.0,0.0,0.0
1376837195,4,10399.998544,197.59997233599998,1.9,1.6703488E7,67108.8,0.0,2.7333333333333334,0.0,0.0
1376837495,4,10399.998544,190.66663997333336,1.8333333333333335,1.6703488E7,33554.4,0.0,2.933333333333333,0.0,0.0
1376837795,4,10399.998544,194.13330615466666,1.8666666666666665,1.6703488E7,55924.0,0.0,3.0,0.0,0.0
1376838096,4,10399.998544,192.399973064,1.85,1.6703488E7,134217.6,0.0,3.533333333333333,0.06666666666666667,0.0
1376838396,4,10399.998544,202.79997160799996,1.95,1.6703488E7,145402.4,0.0,3.2,0.0,0.0
1376838696,4,10399.998544,214.93330324266663,2.0666666666666664,1.6703488E7,201326.4,0.0,8.4,0.0,0.0
1376838996,4,10399.998544,190.66663997333336,1.8333333333333335,1.6703488E7,0.0,0.0,3.0,0.0,0.0
1376839296,4,10399.998544,190.66663997333336,1.8333333333333335,1.6703488E7,44739.2,0.0,2.8666666666666667,0.0,0.0
1376839596,4,10399.998544,195.86663924533335,1.8833333333333335,1.6703488E7,268435.2,0.0,2.6666666666666665,0.0,0.0
1376839896,4,10399.998544,194.13330615466666,1.8666666666666665,1.6703488E7,134217.6,0.0,3.2,0.0,0.0
1376840196,4,10399.998544,197.59997233599998,1.9,1.6703488E7,167772.0,0.0,3.0,0.0,0.0
1376840496,4,10399.998544,194.13330615466666,1.8666666666666665,1.6703488E7,167772.0,0.0,2.8666666666666667,0.0,0.0
1376840796,4,10399.998544,197.59997233599998,1.9,1.6703488E7,134217.6,0.0,2.7333333333333334,0.0,0.0
1376841096,4,10399.998544,197.59997233599998,1.9,1.6703488E7,123032.8,0.0,2.8666666666666667,0.0,0.0
1376841396,4,10399.998544,194.13330615466666,1.8666666666666665,1.6703488E7,100663.2,0.0,2.6,0.0,0.0
1376841696,4,10399.998544,195.86663924533335,1.8833333333333335,1.6703488E7,67108.8,0.0,3.6666666666666665,0.06666666666666667,0.0
1376841996,4,10399.998544,201.06663851733333,1.9333333333333333,1.6703488E7,268435.2,0.0,3.466666666666667,0.0,0.0
1376842296,4,10399.998544,228.79996796800003,2.2,1.6703488E7,223696.0,0.0,8.4,0.06666666666666667,0.0
1376842596,4,10399.998544,197.59997233599998,1.9,1.6703488E7,190141.6,0.0,3.066666666666667,0.0,0.0
1376842896,4,10399.998544,194.13330615466666,1.8666666666666665,1.6703488E7,100663.2,0.0,2.933333333333333,0.0,0.0
1376843196,4,10399.998544,195.86663924533335,1.8833333333333335,1.6703488E7,111848.0,0.0,3.0,0.0,0.0
1376843496,4,10399.998544,194.13330615466666,1.8666666666666665,1.6703488E7,67108.8,0.0,3.066666666666667,0.0,0.0
1376843796,4,10399.998544,197.59997233599998,1.9,1.6703488E7,167772.0,0.0,3.1333333333333333,0.0,0.0
1376844096,4,10399.998544,213.199970152,2.05,1.6703488E7,156587.2,0.0,3.066666666666667,0.0,0.0
1376844396,4,10399.998544,201.06663851733333,1.9333333333333333,1.6703488E7,100663.2,0.0,2.8,0.0,0.0
1376844696,4,10399.998544,195.86663924533335,1.8833333333333335,1.6703488E7,123032.8,0.0,2.8666666666666667,0.0,0.0
1376844996,4,10399.998544,192.399973064,1.85,1.6703488E7,167772.0,0.0,3.0,0.0,0.0
1376845296,4,10399.998544,194.13330615466666,1.8666666666666665,1.6703488E7,100663.2,0.0,3.7333333333333334,0.06666666666666667,0.0
1376845596,4,10399.998544,201.06663851733333,1.9333333333333333,1.6703488E7,346728.8,0.0,2.8,0.0,0.0
1376845896,4,10399.998544,211.4666370613333,2.033333333333333,1.6703488E7,380283.2,0.0,8.533333333333333,0.06666666666666667,0.0
1376846196,4,10399.998544,195.86663924533335,1.8833333333333335,1.6703488E7,33554.4,0.0,2.8666666666666667,0.0,0.0
1376846496,4,10399.998544,195.86663924533335,1.8833333333333335,1.6703488E7,67108.8,0.0,2.7333333333333334,0.0,0.0
1376846796,4,10399.998544,190.66663997333336,1.8333333333333335,1.6703488E7,111848.0,0.0,2.8666666666666667,0.0,0.0
1376847096,4,10399.998544,195.86663924533335,1.8833333333333335,1.6703488E7,33554.4,0.0,3.1333333333333333,0.0,0.0
1376847396,4,10399.998544,197.59997233599998,1.9,1.6703488E7,111848.0,0.0,3.0,0.0,0.0
1376847696,4,10399.998544,190.66663997333336,1.8333333333333335,1.6703488E7,0.0,0.0,3.066666666666667,0.0,0.0
1376847996,4,10399.998544,190.66663997333336,1.8333333333333335,1.6703488E7,0.0,0.0,3.0,0.0,0.0
1376848296,4,10399.998544,192.399973064,1.85,1.6703488E7,100663.2,0.0,3.066666666666667,0.0,0.0
1376848596,4,10399.998544,194.13330615466666,1.8666666666666665,1.6703488E7,111848.0,0.0,2.6666666666666665,0.0,0.0
1376848896,4,10399.998544,197.59997233599998,1.9,1.6703488E7,89478.4,0.0,3.8,0.06666666666666667,0.0
1376849196,4,10399.998544,204.53330469866665,1.9666666666666666,1.6703488E7,279620.0,0.0,3.1333333333333333,0.0,0.0
1376849496,4,10399.998544,209.73330397066667,2.0166666666666666,1.6703488E7,290804.8,0.0,8.6,0.06666666666666667,0.0
1376849796,4,10399.998544,195.86663924533335,1.8833333333333335,1.6703488E7,111848.0,0.0,2.8666666666666667,0.0,0.0
1376850096,4,10399.998544,195.86663924533335,1.8833333333333335,1.6703488E7,89478.4,0.0,2.7333333333333334,0.0,0.0
1376850396,4,10399.998544,195.86663924533335,1.8833333333333335,1.6703488E7,190141.6,0.0,2.6666666666666665,0.0,0.0
1376850696,4,10399.998544,192.399973064,1.85,1.6703488E7,257250.4,0.0,3.1333333333333333,0.0,0.0
1376850996,4,10399.998544,194.13330615466666,1.8666666666666665,1.6703488E7,111848.0,0.0,3.1333333333333333,0.0,0.0
1376851296,4,10399.998544,195.86663924533335,1.8833333333333335,1.6703488E7,134217.6,0.0,3.0,0.0,0.0
1376851596,4,10399.998544,188.93330688266667,1.8166666666666667,1.6703488E7,246065.6,0.0,2.6,0.0,0.0
1376851896,4,10399.998544,195.86663924533335,1.8833333333333335,1.6703488E7,55924.0,0.0,2.933333333333333,0.0,0.0
1376852196,4,10399.998544,194.13330615466666,1.8666666666666665,1.6703488E7,55924.0,0.0,2.8,0.0,0.0
1376852496,4,10399.998544,192.399973064,1.85,1.6703488E7,22369.6,0.0,3.7333333333333334,0.0,0.0
1376852796,4,10399.998544,206.26663778933332,1.9833333333333334,1.6703488E7,78293.6,0.0,3.6,0.0,0.0
1376853096,4,10399.998544,209.73330397066667,2.0166666666666666,1.6703488E7,178956.8,0.0,8.933333333333334,0.06666666666666667,0.0
1376853396,4,10399.998544,192.399973064,1.85,1.6703488E7,111848.0,0.0,2.8,0.0,0.0
1376853697,4,10399.998544,194.13330615466666,1.8666666666666665,1.6703488E7,167772.0,0.0,2.933333333333333,0.0,0.0
1376853996,4,10399.998544,201.06663851733333,1.9333333333333333,1.6703488E7,123032.8,0.0,2.933333333333333,0.0,0.0
1376854297,4,10399.998544,195.86663924533335,1.8833333333333335,1.6703488E7,380283.2,0.0,3.1333333333333333,0.0,0.0
1376854597,4,10399.998544,197.59997233599998,1.9,1.6703488E7,279620.0,0.0,3.066666666666667,0.0,0.0
1376854897,4,10399.998544,194.13330615466666,1.8666666666666665,1.6703488E7,134217.6,0.0,2.8666666666666667,0.0,0.0
1376855197,4,10399.998544,199.33330542666667,1.9166666666666665,1.6703488E7,178956.8,0.0,2.8666666666666667,0.0,0.0
1376855497,4,10399.998544,194.13330615466666,1.8666666666666665,1.6703488E7,234880.8,0.0,2.933333333333333,0.0,0.0
1376855797,4,10399.998544,195.86663924533335,1.8833333333333335,1.6703488E7,413837.6,0.0,2.8666666666666667,0.0,0.0
1376856097,4,10399.998544,197.59997233599998,1.9,1.6703488E7,246065.6,0.0,3.8666666666666667,0.06666666666666667,0.0
1376856397,4,10399.998544,199.33330542666667,1.9166666666666665,1.6703488E7,178956.8,0.0,3.066666666666667,0.0,0.0
1376856697,4,10399.998544,214.93330324266663,2.0666666666666664,1.6703488E7,335544.0,0.0,8.533333333333333,0.06666666666666667,0.0
1376856997,4,10399.998544,192.399973064,1.85,1.6703488E7,201326.4,0.0,2.8666666666666667,0.0,0.0
1376857297,4,10399.998544,194.13330615466666,1.8666666666666665,1.6703488E7,0.0,0.0,2.8666666666666667,0.0,0.0
1376857597,4,10399.998544,194.13330615466666,1.8666666666666665,1.6703488E7,234880.8,0.0,2.933333333333333,0.0,0.0
1376857897,4,10399.998544,202.79997160799996,1.95,1.6703488E7,111848.0,0.0,3.0,0.0,0.0
1376858197,4,10399.998544,199.33330542666667,1.9166666666666665,1.6703488E7,257250.4,0.0,3.066666666666667,0.0,0.0
1376858497,4,10399.998544,195.86663924533335,1.8833333333333335,1.6703488E7,290804.8,0.0,2.8666666666666667,0.0,0.0
1376858797,4,10399.998544,194.13330615466666,1.8666666666666665,1.6703488E7,123032.8,0.0,2.8,0.0,0.0
1376859097,4,10399.998544,194.13330615466666,1.8666666666666665,1.6703488E7,167772.0,0.0,2.7333333333333334,0.0,0.0
1376859397,4,10399.998544,190.66663997333336,1.8333333333333335,1.6703488E7,89478.4,0.0,2.8,0.0,0.0
1376859697,4,10399.998544,197.59997233599998,1.9,1.6703488E7,0.0,0.0,3.7333333333333334,0.0,0.0
1376859997,4,10399.998544,201.06663851733333,1.9333333333333333,1.6703488E7,33554.4,0.0,3.0,0.0,0.0
1376860297,4,10399.998544,216.66663633333334,2.0833333333333335,1.6703488E7,301989.6,0.0,8.799999999999999,0.06666666666666667,0.0
1376860597,4,10399.998544,192.399973064,1.85,1.6703488E7,22369.6,0.0,2.6,0.0,0.0
1376860897,4,10399.998544,195.86663924533335,1.8833333333333335,1.6703488E7,123032.8,0.0,2.8666666666666667,0.0,0.0
1376861197,4,10399.998544,195.86663924533335,1.8833333333333335,1.6703488E7,223696.0,0.0,2.8,0.0,0.0
1376861497,4,10399.998544,194.13330615466666,1.8666666666666665,1.6703488E7,223696.0,0.0,3.2666666666666666,0.0,0.0
1376861797,4,10399.998544,190.66663997333336,1.8333333333333335,1.6703488E7,33554.4,0.0,2.933333333333333,0.0,0.0
1376862097,4,10399.998544,195.86663924533335,1.8833333333333335,1.6703488E7,100663.2,0.0,2.933333333333333,0.0,0.0
1376862397,4,10399.998544,195.86663924533335,1.8833333333333335,1.6703488E7,100663.2,0.0,2.8666666666666667,0.0,0.0
1376862697,4,10399.998544,197.59997233599998,1.9,1.6703488E7,89478.4,0.0,3.066666666666667,0.0,0.0
1376862997,4,10399.998544,195.86663924533335,1.8833333333333335,1.6703488E7,134217.6,0.0,4.0,0.0,0.0
1376863298,4,10399.998544,195.86663924533335,1.8833333333333335,1.6703488E7,0.0,0.0,3.6666666666666665,0.0,0.0
1376863598,4,10399.998544,206.26663778933332,1.9833333333333334,1.6703488E7,89478.4,0.0,3.7333333333333334,0.0,0.0
1376863898,4,10399.998544,209.73330397066667,2.0166666666666666,1.6703488E7,369098.4,0.0,8.466666666666667,0.06666666666666667,0.0
1376864198,4,10399.998544,194.13330615466666,1.8666666666666665,1.6703488E7,257250.4,0.0,2.7333333333333334,0.0,0.0
1376864498,4,10399.998544,194.13330615466666,1.8666666666666665,1.6703488E7,234880.8,0.0,3.0,0.0,0.0
1376864798,4,10399.998544,192.399973064,1.85,1.6703488E7,167772.0,0.0,2.6666666666666665,0.0,0.0
1376865098,4,10399.998544,194.13330615466666,1.8666666666666665,1.6703488E7,67108.8,0.0,2.933333333333333,0.0,0.0
1376865398,4,10399.998544,194.13330615466666,1.8666666666666665,1.6703488E7,201326.4,0.0,2.7333333333333334,0.0,0.0
1376865698,4,10399.998544,207.99997088,2.0,1.6703488E7,268435.2,0.0,18.0,1.0,1.2
1376865998,4,10399.998544,221.86663560533333,2.1333333333333333,1.6703488E7,402652.8,0.0,11.4,0.06666666666666667,0.5333333333333333
1376866298,4,10399.998544,197.59997233599998,1.9,1.6703488E7,134217.6,0.0,3.0,0.0,0.0
1376866599,4,10399.998544,192.399973064,1.85,1.6703488E7,100663.2,0.0,2.6,0.0,0.0
1376866899,4,10399.998544,194.13330615466666,1.8666666666666665,1.6703488E7,0.0,0.0,3.6,0.06666666666666667,0.0
1376867199,4,10399.998544,201.06663851733333,1.9333333333333333,1.6703488E7,167772.0,0.0,3.1333333333333333,0.0,0.0
1376867500,4,10399.998544,213.199970152,2.05,1.6703488E7,246065.6,0.0,8.333333333333334,0.06666666666666667,0.0
1376867801,4,10399.998544,192.399973064,1.85,1.6703488E7,134217.6,0.0,2.8666666666666667,0.0,0.0
1376868101,4,10399.998544,192.399973064,1.85,1.6703488E7,78293.6,0.0,2.8666666666666667,0.0,0.0
1376868401,4,10399.998544,197.59997233599998,1.9,1.6703488E7,134217.6,0.0,3.0,0.0,0.0
1376868701,4,10399.998544,194.13330615466666,1.8666666666666665,1.6703488E7,123032.8,0.0,3.1333333333333333,0.0,0.0
1376869001,4,10399.998544,194.13330615466666,1.8666666666666665,1.6703488E7,212511.2,0.0,2.933333333333333,0.0,0.0
1376869301,4,10399.998544,195.86663924533335,1.8833333333333335,1.6703488E7,89478.4,0.0,2.8666666666666667,0.0,0.0
1376869601,4,10399.998544,192.399973064,1.85,1.6703488E7,212511.2,0.0,2.6666666666666665,0.0,0.0
1376869901,4,10399.998544,192.399973064,1.85,1.6703488E7,391468.0,0.0,3.3333333333333335,0.0,0.0
1376870201,4,10399.998544,195.86663924533335,1.8833333333333335,1.6703488E7,123032.8,0.0,2.7333333333333334,0.0,0.0
1376870501,4,10399.998544,197.59997233599998,1.9,1.6703488E7,44739.2,0.0,3.6666666666666665,0.06666666666666667,0.0
1376870801,4,10399.998544,202.79997160799996,1.95,1.6703488E7,391468.0,0.0,3.066666666666667,0.06666666666666667,0.0
1376871101,4,10399.998544,209.73330397066667,2.0166666666666666,1.6703488E7,402652.8,0.0,9.0,0.06666666666666667,0.0
1376871401,4,10399.998544,188.93330688266667,1.8166666666666667,1.6703488E7,156587.2,0.0,2.8666666666666667,0.0,0.0
1376871701,4,10399.998544,190.66663997333336,1.8333333333333335,1.6703488E7,111848.0,0.0,2.7333333333333334,0.0,0.0
1376872001,4,10399.998544,190.66663997333336,1.8333333333333335,1.6703488E7,22369.6,0.0,3.0,0.0,0.0
1376872301,4,10399.998544,199.33330542666667,1.9166666666666665,1.6703488E7,78293.6,0.0,3.1333333333333333,0.0,0.0
1376872601,4,10399.998544,199.33330542666667,1.9166666666666665,1.6703488E7,190141.6,0.0,3.066666666666667,0.0,0.0
1376872901,4,10399.998544,194.13330615466666,1.8666666666666665,1.6703488E7,156587.2,0.0,3.0,0.0,0.0
1376873201,4,10399.998544,190.66663997333336,1.8333333333333335,1.6703488E7,123032.8,0.0,2.6666666666666665,0.0,0.0
1376873501,4,10399.998544,188.93330688266667,1.8166666666666667,1.6703488E7,190141.6,0.0,2.933333333333333,0.0,0.0
1376873801,4,10399.998544,192.399973064,1.85,1.6703488E7,223696.0,0.0,2.8,0.0,0.0
1376874101,4,10399.998544,194.13330615466666,1.8666666666666665,1.6703488E7,0.0,0.0,3.933333333333333,0.06666666666666667,0.0
1376874401,4,10399.998544,202.79997160799996,1.95,1.6703488E7,156587.2,0.0,3.466666666666667,0.0,0.0
1376874701,4,10399.998544,209.73330397066667,2.0166666666666666,1.6703488E7,212511.2,0.0,8.533333333333333,0.06666666666666667,0.0
1376875001,4,10399.998544,194.13330615466666,1.8666666666666665,1.6703488E7,223696.0,0.0,3.066666666666667,0.0,0.0
1376875301,4,10399.998544,197.59997233599998,1.9,1.6703488E7,145402.4,0.0,2.8,0.0,0.0
1376875601,4,10399.998544,194.13330615466666,1.8666666666666665,1.6703488E7,156587.2,0.0,2.7333333333333334,0.0,0.0
1376875901,4,10399.998544,195.86663924533335,1.8833333333333335,1.6703488E7,22369.6,0.0,2.8,0.0,0.0
1376876201,4,10399.998544,195.86663924533335,1.8833333333333335,1.6703488E7,268435.2,0.0,3.2666666666666666,0.0,0.0
1376876501,4,10399.998544,195.86663924533335,1.8833333333333335,1.6703488E7,190141.6,0.0,2.6666666666666665,0.0,0.0
1376876801,4,10399.998544,192.399973064,1.85,1.6703488E7,100663.2,0.0,2.8,0.0,0.0
1376877101,4,10399.998544,192.399973064,1.85,1.6703488E7,123032.8,0.0,2.933333333333333,0.0,0.0
1376877401,4,10399.998544,194.13330615466666,1.8666666666666665,1.6703488E7,145402.4,0.0,2.6666666666666665,0.0,0.0
1376877701,4,10399.998544,360.5332828586667,3.466666666666667,1.6703488E7,212511.2,0.0,5.533333333333333,1.6,0.7333333333333333
1376878001,4,10399.998544,204.53330469866665,1.9666666666666666,1.6703488E7,167772.0,0.0,4.4,0.0,0.0
1376878302,4,10399.998544,303.3332908666667,2.916666666666667,1.6703488E7,335544.0,0.0,65.4,3.4,189.13333333333333
1376878602,4,10399.998544,681.199904632,6.55,1.6703488E7,458576.8,0.0,97.66666666666667,3.7333333333333334,10.4
1376878902,4,10399.998544,228.79996796800003,2.2,1.6703488E7,425022.4,0.0,18.066666666666666,6.866666666666666,0.13333333333333333
1376879202,4,10399.998544,194.13330615466666,1.8666666666666665,1.6703488E7,380283.2,0.0,2.933333333333333,0.0,0.0
1376879502,4,10399.998544,194.13330615466666,1.8666666666666665,1.6703488E7,156587.2,0.0,3.066666666666667,0.0,0.0
1376879802,4,10399.998544,201.06663851733333,1.9333333333333333,1.6703488E7,78293.6,0.0,3.066666666666667,0.0,0.0
1376880102,4,10399.998544,192.399973064,1.85,1.6703488E7,190141.6,0.0,2.8,0.0,0.0
1376880402,4,10399.998544,192.399973064,1.85,1.6703488E7,55924.0,0.0,3.0,0.0,0.0
1376880702,4,10399.998544,192.399973064,1.85,1.6703488E7,67108.8,0.0,2.6,0.0,0.0
1376881002,4,10399.998544,199.33330542666667,1.9166666666666665,1.6703488E7,67108.8,0.0,2.8,0.0,0.0
1376881302,4,10399.998544,201.06663851733333,1.9333333333333333,1.6703488E7,67108.8,0.0,3.8,0.06666666666666667,0.0
1376881602,4,10399.998544,214.93330324266663,2.0666666666666664,1.6703488E7,190141.6,0.0,3.066666666666667,0.0,0.0
1376881902,4,10399.998544,211.4666370613333,2.033333333333333,1.6703488E7,279620.0,0.0,8.4,0.06666666666666667,0.0
1376882202,4,10399.998544,199.33330542666667,1.9166666666666665,1.6703488E7,223696.0,0.0,2.933333333333333,0.0,0.0
1376882502,4,10399.998544,194.13330615466666,1.8666666666666665,1.6703488E7,0.0,0.0,2.933333333333333,0.0,0.0
1376882802,4,10399.998544,197.59997233599998,1.9,1.6703488E7,67108.8,0.0,2.533333333333333,0.0,0.0
1376883102,4,10399.998544,197.59997233599998,1.9,1.6703488E7,33554.4,0.0,3.2,0.0,0.0
1376883402,4,10399.998544,207.99997088,2.0,1.6703488E7,100663.2,0.0,3.0,0.0,0.0
1376883702,4,10399.998544,190.66663997333336,1.8333333333333335,1.6703488E7,0.0,0.0,2.8666666666666667,0.0,0.0
1376884002,4,10399.998544,194.13330615466666,1.8666666666666665,1.6703488E7,156587.2,0.0,2.8666666666666667,0.0,0.0
1376884302,4,10399.998544,194.13330615466666,1.8666666666666665,1.6703488E7,67108.8,0.0,3.066666666666667,0.0,0.0
1376884602,4,10399.998544,192.399973064,1.85,1.6703488E7,156587.2,0.0,2.8666666666666667,0.0,0.0
1376884902,4,10399.998544,195.86663924533335,1.8833333333333335,1.6703488E7,89478.4,0.0,3.7333333333333334,0.06666666666666667,0.0
1376885202,4,10399.998544,227.06663487733334,2.1833333333333336,1.6703488E7,313174.4,0.0,8.4,0.0,0.13333333333333333
1376885502,4,10399.998544,216.66663633333334,2.0833333333333335,1.6703488E7,380283.2,0.0,8.4,0.06666666666666667,0.0
1376885802,4,10399.998544,194.13330615466666,1.8666666666666665,1.6703488E7,89478.4,0.0,2.8666666666666667,0.0,0.0
1376886102,4,10399.998544,194.13330615466666,1.8666666666666665,1.6703488E7,0.0,0.0,2.933333333333333,0.0,0.0
1376886402,4,10399.998544,197.59997233599998,1.9,1.6703488E7,167772.0,0.0,2.8666666666666667,0.0,0.0
1376886702,4,10399.998544,199.33330542666667,1.9166666666666665,1.6703488E7,78293.6,0.0,3.2,0.0,0.0
1376887002,4,10399.998544,195.86663924533335,1.8833333333333335,1.6703488E7,145402.4,0.0,3.066666666666667,0.0,0.0
1376887302,4,10399.998544,195.86663924533335,1.8833333333333335,1.6703488E7,0.0,0.0,3.0,0.0,0.0
1376887602,4,10399.998544,192.399973064,1.85,1.6703488E7,134217.6,0.0,2.8,0.0,0.0
1376887902,4,10399.998544,195.86663924533335,1.8833333333333335,1.6703488E7,167772.0,0.0,2.7333333333333334,0.0,0.0
1376888202,4,10399.998544,195.86663924533335,1.8833333333333335,1.6703488E7,268435.2,0.0,2.933333333333333,0.0,0.0
1376888502,4,10399.998544,197.59997233599998,1.9,1.6703488E7,301989.6,0.0,3.7333333333333334,0.06666666666666667,0.0
1376888802,4,10399.998544,202.79997160799996,1.95,1.6703488E7,190141.6,0.0,3.066666666666667,0.0,0.0
1376889102,4,10399.998544,214.93330324266663,2.0666666666666664,1.6703488E7,369098.4,0.0,9.133333333333333,0.06666666666666667,0.0
1376889403,4,10399.998544,194.13330615466666,1.8666666666666665,1.6703488E7,33554.4,0.0,2.933333333333333,0.0,0.0
1376889703,4,10399.998544,195.86663924533335,1.8833333333333335,1.6703488E7,0.0,0.0,3.066666666666667,0.0,0.0
1376890003,4,10399.998544,192.399973064,1.85,1.6703488E7,123032.8,0.0,2.8,0.0,0.0
1376890303,4,10399.998544,190.66663997333336,1.8333333333333335,1.6703488E7,201326.4,0.0,3.4,0.0,0.0
1376890603,4,10399.998544,194.13330615466666,1.8666666666666665,1.6703488E7,33554.4,0.0,3.0,0.0,0.0
1376890903,4,10399.998544,190.66663997333336,1.8333333333333335,1.6703488E7,33554.4,0.0,2.8666666666666667,0.0,0.0
1376891203,4,10399.998544,190.66663997333336,1.8333333333333335,1.6703488E7,55924.0,0.0,2.7333333333333334,0.0,0.0
1376891503,4,10399.998544,192.399973064,1.85,1.6703488E7,111848.0,0.0,3.0,0.0,0.0
1376891803,4,10399.998544,194.13330615466666,1.8666666666666665,1.6703488E7,234880.8,0.0,3.0,0.0,0.0
1376892103,4,10399.998544,194.9999727,1.875,1.6703488E7,167772.0,0.0,3.75,0.08333333333333333,0.0
1376892403,4,10399.998544,197.59997233599998,1.9,1.6703488E7,268435.2,0.0,3.0,0.0,0.0
1376892703,4,10399.998544,213.199970152,2.05,1.6703488E7,425022.4,0.0,8.666666666666666,0.06666666666666667,0.0
1376893003,4,10399.998544,197.59997233599998,1.9,1.6703488E7,223696.0,0.0,2.6666666666666665,0.0,0.0
1376893303,4,10399.998544,190.66663997333336,1.8333333333333335,1.6703488E7,100663.2,0.0,2.8666666666666667,0.0,0.0
1376893603,4,10399.998544,188.93330688266667,1.8166666666666667,1.6703488E7,78293.6,0.0,2.8,0.0,0.0
1376893903,4,10399.998544,192.399973064,1.85,1.6703488E7,201326.4,0.0,3.1333333333333333,0.0,0.0
1376894203,4,10399.998544,199.33330542666667,1.9166666666666665,1.6703488E7,167772.0,0.0,3.0,0.0,0.0
1376894503,4,10399.998544,192.399973064,1.85,1.6703488E7,44739.2,0.0,2.8666666666666667,0.0,0.0
1376894803,4,10399.998544,192.399973064,1.85,1.6703488E7,123032.8,0.0,2.933333333333333,0.0,0.0
1376895103,4,10399.998544,194.13330615466666,1.8666666666666665,1.6703488E7,290804.8,0.0,2.8,0.0,0.0
1376895403,4,10399.998544,198.54542674909092,1.9090909090909092,1.6703488E7,91512.0,0.0,2.5454545454545454,0.0,0.0
1376895703,4,10399.998544,197.59997233599998,1.9,1.6703488E7,346728.8,0.0,3.533333333333333,0.06666666666666667,0.0
1376896003,4,10399.998544,206.26663778933332,1.9833333333333334,1.6703488E7,313174.4,0.0,3.4,0.0,0.0
1376896304,4,10399.998544,211.4666370613333,2.033333333333333,1.6703488E7,190141.6,0.0,8.466666666666667,0.06666666666666667,0.0
1376896604,4,10399.998544,194.13330615466666,1.8666666666666665,1.6703488E7,44739.2,0.0,2.8666666666666667,0.0,0.0
1376896904,4,10399.998544,195.86663924533335,1.8833333333333335,1.6703488E7,55924.0,0.0,2.933333333333333,0.0,0.0
1376897204,4,10399.998544,194.13330615466666,1.8666666666666665,1.6703488E7,167772.0,0.0,2.6666666666666665,0.0,0.0
1376897504,4,10399.998544,194.13330615466666,1.8666666666666665,1.6703488E7,167772.0,0.0,3.4,0.0,0.0
1376897804,4,10399.998544,194.13330615466666,1.8666666666666665,1.6703488E7,44739.2,0.0,2.933333333333333,0.0,0.0
1376898104,4,10399.998544,195.86663924533335,1.8833333333333335,1.6703488E7,0.0,0.0,2.8,0.0,0.0
1376898404,4,10399.998544,194.13330615466666,1.8666666666666665,1.6703488E7,44739.2,0.0,2.933333333333333,0.0,0.0
1376898704,4,10399.998544,193.81815468363638,1.8636363636363638,1.6703488E7,0.0,0.0,2.727272727272727,0.09090909090909091,0.0
1376899004,4,10399.998544,197.59997233599998,1.9,1.6703488E7,44739.2,0.0,3.066666666666667,0.0,0.0
1376899304,4,10399.998544,199.33330542666667,1.9166666666666665,1.6703488E7,156587.2,0.0,3.6,0.06666666666666667,0.0
1376899604,4,10399.998544,195.86663924533335,1.8833333333333335,1.6703488E7,190141.6,0.0,3.066666666666667,0.0,0.0
1376899904,4,10399.998544,191.45451865090908,1.8409090909090908,1.6703488E7,366048.0,0.0,2.8181818181818183,0.0,0.0
1376900204,4,10399.998544,195.86663924533335,1.8833333333333335,1.6703488E7,290804.8,0.0,2.8666666666666667,0.0,0.0
1376900504,4,10399.998544,197.59997233599998,1.9,1.6703488E7,268435.2,0.0,2.8666666666666667,0.0,0.0
1376900804,4,10399.998544,195.86663924533335,1.8833333333333335,1.6703488E7,89478.4,0.0,2.933333333333333,0.0,0.0
1376901104,4,10399.998544,189.9999734,1.8269230769230769,1.6703488E7,77433.23076923077,0.0,3.076923076923077,0.0,0.0
1376901404,4,10399.998544,195.86663924533335,1.8833333333333335,1.6703488E7,44739.2,0.0,3.066666666666667,0.0,0.0
1376901704,4,10399.998544,192.399973064,1.85,1.6703488E7,167772.0,0.0,2.933333333333333,0.0,0.0
1376902004,4,10399.998544,194.13330615466666,1.8666666666666665,1.6703488E7,134217.6,0.0,2.8666666666666667,0.0,0.0
1376902304,4,10399.998544,207.99997088,2.0,1.6703488E7,55924.0,0.0,3.0,0.0,0.0
1376902604,4,10399.998544,197.59997233599998,1.9,1.6703488E7,134217.6,0.0,2.8,0.0,0.0
1376902904,4,10399.998544,194.13330615466666,1.8666666666666665,1.6703488E7,201326.4,0.0,3.6666666666666665,0.06666666666666667,0.0
1376903204,4,10399.998544,199.33330542666667,1.9166666666666665,1.6703488E7,156587.2,0.0,3.0,0.0,0.0
1376903504,4,10399.998544,214.93330324266663,2.0666666666666664,1.6703488E7,212511.2,0.0,8.733333333333333,0.06666666666666667,0.0
1376903804,4,10399.998544,188.93330688266667,1.8166666666666667,1.6703488E7,134217.6,0.0,3.0,0.0,0.0
1376904104,4,10399.998544,197.59997233599998,1.9,1.6703488E7,223696.0,0.0,2.8,0.0,0.0
1376904404,4,10399.998544,195.86663924533335,1.8833333333333335,1.6703488E7,167772.0,0.0,2.8,0.0,0.0
1376904704,4,10399.998544,192.399973064,1.85,1.6703488E7,78293.6,0.0,3.0,0.0,0.0
1376905004,4,10399.998544,197.59997233599998,1.9,1.6703488E7,223696.0,0.0,3.066666666666667,0.0,0.0
1376905304,4,10399.998544,201.06663851733333,1.9333333333333333,1.6703488E7,67108.8,0.0,5.666666666666667,1.4,0.0
1376905604,4,10399.998544,207.99997088,2.0,1.6703488E7,156587.2,0.0,11.933333333333334,4.533333333333333,0.0
1376905904,4,10399.998544,213.199970152,2.05,1.6703488E7,145402.4,0.0,12.333333333333332,4.533333333333333,0.0
1376906204,4,10399.998544,207.99997088,2.0,1.6703488E7,324359.2,0.0,12.133333333333333,4.666666666666667,0.0
1376906504,4,10399.998544,213.199970152,2.05,1.6703488E7,190141.6,0.0,13.0,4.666666666666667,0.06666666666666667
1376906804,4,10399.998544,216.66663633333334,2.0833333333333335,1.6703488E7,234880.8,0.0,12.8,4.533333333333333,0.0
1376907104,4,10399.998544,233.99996724000002,2.25,1.6703488E7,402652.8,0.0,18.4,4.466666666666667,0.0
1376907404,4,10399.998544,207.99997088,2.0,1.6703488E7,167772.0,0.0,12.0,4.333333333333333,0.0
1376907704,4,10399.998544,213.199970152,2.05,1.6703488E7,246065.6,0.0,12.2,4.333333333333333,0.0
1376908004,4,10399.998544,207.99997088,2.0,1.6703488E7,167772.0,0.0,12.066666666666666,4.4,0.0
1376908304,4,10399.998544,213.199970152,2.05,1.6703488E7,123032.8,0.0,12.533333333333335,4.4,0.0
1376908604,4,10399.998544,209.73330397066667,2.0166666666666666,1.6703488E7,201326.4,0.0,12.333333333333334,4.6,0.0
1376908904,4,10399.998544,213.199970152,2.05,1.6703488E7,0.0,0.0,11.733333333333334,4.533333333333333,0.0
1376909204,4,10399.998544,207.99997088,2.0,1.6703488E7,100663.2,0.0,12.066666666666666,4.6,0.0
1376909504,4,10399.998544,213.199970152,2.05,1.6703488E7,313174.4,0.0,12.2,4.533333333333333,0.0
1376909804,4,10399.998544,207.99997088,2.0,1.6703488E7,380283.2,0.0,11.933333333333334,4.533333333333333,0.0
1376910104,4,10399.998544,213.199970152,2.05,1.6703488E7,201326.4,0.0,13.066666666666666,4.666666666666667,0.06666666666666667
1376910404,4,10399.998544,214.93330324266663,2.0666666666666664,1.6703488E7,212511.2,0.0,11.933333333333334,4.6,0.0
1376910705,4,10399.998544,233.99996724000002,2.25,1.6703488E7,480946.4,0.0,17.8,4.666666666666667,0.0
1376911005,4,10399.998544,207.99997088,2.0,1.6703488E7,212511.2,0.0,12.133333333333333,4.6,0.0
1376911305,4,10399.998544,213.199970152,2.05,1.6703488E7,100663.2,0.0,12.2,4.533333333333333,0.0
1376911605,4,10399.998544,207.99997088,2.0,1.6703488E7,201326.4,0.0,12.133333333333333,4.533333333333333,0.0
1376911905,4,10399.998544,211.4666370613333,2.033333333333333,1.6703488E7,134217.6,0.0,12.066666666666666,4.533333333333333,0.0
1376912205,4,10399.998544,209.73330397066667,2.0166666666666666,1.6703488E7,156587.2,0.0,12.2,4.533333333333333,0.0
1376912505,4,10399.998544,213.199970152,2.05,1.6703488E7,201326.4,0.0,12.0,4.466666666666667,0.0
1376912805,4,10399.998544,207.99997088,2.0,1.6703488E7,167772.0,0.0,12.333333333333334,4.4,0.0
1376913105,4,10399.998544,213.199970152,2.05,1.6703488E7,201326.4,0.0,12.4,4.533333333333333,0.0
1376913405,4,10399.998544,207.99997088,2.0,1.6703488E7,369098.4,0.0,12.133333333333333,4.6,0.0
1376913705,4,10399.998544,213.199970152,2.05,1.6703488E7,246065.6,0.0,13.2,4.666666666666667,0.06666666666666667
1376914005,4,10399.998544,214.93330324266663,2.0666666666666664,1.6703488E7,469761.6,0.0,12.133333333333333,4.6,0.0
1376914305,4,10399.998544,233.99996724000002,2.25,1.6703488E7,268435.2,0.0,17.6,4.6,0.0
1376914605,4,10399.998544,207.99997088,2.0,1.6703488E7,391468.0,0.0,12.133333333333333,4.533333333333333,0.0
1376914905,4,10399.998544,213.199970152,2.05,1.6703488E7,89478.4,0.0,12.066666666666666,4.466666666666667,0.0
1376915205,4,10399.998544,207.99997088,2.0,1.6703488E7,234880.8,0.0,12.2,4.466666666666667,0.0
1376915505,4,10399.998544,213.199970152,2.05,1.6703488E7,167772.0,0.0,12.066666666666666,4.4,0.0
1376915805,4,10399.998544,207.99997088,2.0,1.6703488E7,268435.2,0.0,12.2,4.466666666666667,0.0
1376916105,4,10399.998544,213.199970152,2.05,1.6703488E7,201326.4,0.0,12.066666666666666,4.466666666666667,0.0
1376916405,4,10399.998544,207.99997088,2.0,1.6703488E7,167772.0,0.0,12.133333333333333,4.533333333333333,0.0
1376916705,4,10399.998544,213.199970152,2.05,1.6703488E7,346728.8,0.0,12.2,4.533333333333333,0.0
1376917005,4,10399.998544,207.99997088,2.0,1.6703488E7,134217.6,0.0,12.2,4.466666666666667,0.0
1376917305,4,10399.998544,216.66663633333334,2.0833333333333335,1.6703488E7,33554.4,0.0,12.866666666666667,4.6,0.0
1376917605,4,10399.998544,214.93330324266663,2.0666666666666664,1.6703488E7,89478.4,0.0,13.2,4.666666666666667,0.0
1376917905,4,10399.998544,232.26663414933333,2.2333333333333334,1.6703488E7,380283.2,0.0,17.733333333333334,4.6,0.0
1376918205,4,10399.998544,207.99997088,2.0,1.6703488E7,134217.6,0.0,11.866666666666667,4.6,0.0
1376918505,4,10399.998544,211.4666370613333,2.033333333333333,1.6703488E7,178956.8,0.0,12.2,4.466666666666667,0.0
1376918805,4,10399.998544,209.73330397066667,2.0166666666666666,1.6703488E7,190141.6,0.0,11.933333333333334,4.333333333333333,0.0
1376919105,4,10399.998544,211.4666370613333,2.033333333333333,1.6703488E7,89478.4,0.0,12.533333333333335,4.533333333333333,0.0
1376919405,4,10399.998544,209.73330397066667,2.0166666666666666,1.6703488E7,145402.4,0.0,12.266666666666666,4.533333333333333,0.0
1376919705,4,10399.998544,211.4666370613333,2.033333333333333,1.6703488E7,190141.6,0.0,12.133333333333333,4.466666666666667,0.0
1376920005,4,10399.998544,209.73330397066667,2.0166666666666666,1.6703488E7,380283.2,0.0,12.133333333333333,4.6,0.0
1376920306,4,10399.998544,211.4666370613333,2.033333333333333,1.6703488E7,469761.6,0.0,12.066666666666666,4.533333333333333,0.0
1376920606,4,10399.998544,209.73330397066667,2.0166666666666666,1.6703488E7,335544.0,0.0,12.133333333333333,4.666666666666667,0.0
1376920906,4,10399.998544,214.93330324266663,2.0666666666666664,1.6703488E7,178956.8,0.0,13.266666666666666,4.666666666666667,0.06666666666666667
1376921206,4,10399.998544,214.93330324266663,2.0666666666666664,1.6703488E7,22369.6,0.0,12.0,4.533333333333333,0.0
1376921506,4,10399.998544,232.26663414933333,2.2333333333333334,1.6703488E7,380283.2,0.0,18.066666666666666,4.6,0.0
1376921806,4,10399.998544,209.73330397066667,2.0166666666666666,1.6703488E7,223696.0,0.0,12.0,4.6,0.0
1376922106,4,10399.998544,211.4666370613333,2.033333333333333,1.6703488E7,78293.6,0.0,12.066666666666666,4.4,0.0
1376922406,4,10399.998544,209.73330397066667,2.0166666666666666,1.6703488E7,234880.8,0.0,12.133333333333333,4.4,0.0
1376922706,4,10399.998544,211.4666370613333,2.033333333333333,1.6703488E7,89478.4,0.0,12.133333333333333,4.533333333333333,0.0
1376923006,4,10399.998544,211.4666370613333,2.033333333333333,1.6703488E7,123032.8,0.0,12.333333333333332,4.6,0.0
1376923306,4,10399.998544,211.4666370613333,2.033333333333333,1.6703488E7,89478.4,0.0,12.066666666666666,4.533333333333333,0.0
1376923606,4,10399.998544,209.73330397066667,2.0166666666666666,1.6703488E7,279620.0,0.0,12.266666666666666,4.466666666666667,0.0
1376923906,4,10399.998544,211.4666370613333,2.033333333333333,1.6703488E7,156587.2,0.0,12.066666666666666,4.466666666666667,0.0
1376924206,4,10399.998544,209.73330397066667,2.0166666666666666,1.6703488E7,156587.2,0.0,11.866666666666667,4.533333333333333,0.0
1376924506,4,10399.998544,211.4666370613333,2.033333333333333,1.6703488E7,212511.2,0.0,12.866666666666667,4.733333333333333,0.06666666666666667
1376924806,4,10399.998544,214.93330324266663,2.0666666666666664,1.6703488E7,458576.8,0.0,12.0,4.4,0.0
1376925106,4,10399.998544,232.26663414933333,2.2333333333333334,1.6703488E7,290804.8,0.0,18.333333333333336,4.466666666666667,0.0
1376925406,4,10399.998544,209.73330397066667,2.0166666666666666,1.6703488E7,201326.4,0.0,11.866666666666667,4.466666666666667,0.0
1376925706,4,10399.998544,211.4666370613333,2.033333333333333,1.6703488E7,100663.2,0.0,12.133333333333333,4.533333333333333,0.0
1376926006,4,10399.998544,209.73330397066667,2.0166666666666666,1.6703488E7,201326.4,0.0,12.4,4.533333333333333,0.0
1376926306,4,10399.998544,211.4666370613333,2.033333333333333,1.6703488E7,78293.6,0.0,12.266666666666666,4.466666666666667,0.0
1376926606,4,10399.998544,211.4666370613333,2.033333333333333,1.6703488E7,145402.4,0.0,12.2,4.4,0.0
1376926906,4,10399.998544,211.4666370613333,2.033333333333333,1.6703488E7,100663.2,0.0,12.0,4.6,0.0
1376927206,4,10399.998544,209.73330397066667,2.0166666666666666,1.6703488E7,22369.6,0.0,12.133333333333333,4.466666666666667,0.0
1376927506,4,10399.998544,213.199970152,2.05,1.6703488E7,212511.2,0.0,12.0,4.533333333333333,0.0
1376927806,4,10399.998544,211.4666370613333,2.033333333333333,1.6703488E7,111848.0,0.0,11.733333333333334,4.466666666666667,0.0
1376928106,4,10399.998544,213.199970152,2.05,1.6703488E7,0.0,0.0,12.866666666666667,4.666666666666667,0.06666666666666667
1376928406,4,10399.998544,220.1333025146667,2.1166666666666667,1.6703488E7,0.0,0.0,12.533333333333333,4.6,0.0
1376928706,4,10399.998544,230.5333010586667,2.216666666666667,1.6703488E7,134217.6,0.0,17.733333333333334,4.666666666666667,0.0
1376929006,4,10399.998544,211.4666370613333,2.033333333333333,1.6703488E7,201326.4,0.0,12.066666666666666,4.466666666666667,0.0
1376929306,4,10399.998544,209.73330397066667,2.0166666666666666,1.6703488E7,391468.0,0.0,12.0,4.533333333333333,0.0
1376929606,4,10399.998544,209.73330397066667,2.0166666666666666,1.6703488E7,134217.6,0.0,12.0,4.733333333333333,0.0
1376929906,4,10399.998544,209.73330397066667,2.0166666666666666,1.6703488E7,145402.4,0.0,12.133333333333333,4.6,0.0
1376930207,4,10399.998544,209.73330397066667,2.0166666666666666,1.6703488E7,134217.6,0.0,12.266666666666666,4.6,0.0
1376930507,4,10399.998544,211.4666370613333,2.033333333333333,1.6703488E7,134217.6,0.0,11.933333333333334,4.466666666666667,0.0
1376930807,4,10399.998544,209.73330397066667,2.0166666666666666,1.6703488E7,123032.8,0.0,12.066666666666666,4.466666666666667,0.0
1376931107,4,10399.998544,202.79997160799996,1.95,1.6703488E7,44739.2,0.0,6.7333333333333325,1.8666666666666667,0.0
1376931407,4,10399.998544,188.93330688266667,1.8166666666666667,1.6703488E7,111848.0,0.0,2.533333333333333,0.0,0.0
1376931707,4,10399.998544,197.59997233599998,1.9,1.6703488E7,190141.6,0.0,3.933333333333333,0.06666666666666667,0.0
1376932007,4,10399.998544,204.53330469866665,1.9666666666666666,1.6703488E7,78293.6,0.0,3.0,0.0,0.0
1376932307,4,10399.998544,223.599968696,2.15,1.6703488E7,335544.0,0.0,8.266666666666666,0.06666666666666667,0.0
1376932607,4,10399.998544,188.93330688266667,1.8166666666666667,1.6703488E7,89478.4,0.0,3.0,0.0,0.0
1376932907,4,10399.998544,194.13330615466666,1.8666666666666665,1.6703488E7,11184.8,0.0,2.7333333333333334,0.0,0.0
1376933207,4,10399.998544,192.399973064,1.85,1.6703488E7,55924.0,0.0,2.8666666666666667,0.0,0.0
1376933507,4,10399.998544,190.66663997333336,1.8333333333333335,1.6703488E7,11184.8,0.0,2.8,0.0,0.0
1376933807,4,10399.998544,195.86663924533335,1.8833333333333335,1.6703488E7,156587.2,0.0,2.8666666666666667,0.0,0.0
1376934107,4,10399.998544,190.66663997333336,1.8333333333333335,1.6703488E7,22369.6,0.0,2.8666666666666667,0.0,0.0
1376934407,4,10399.998544,195.86663924533335,1.8833333333333335,1.6703488E7,167772.0,0.0,2.6,0.0,0.0
1376934707,4,10399.998544,188.93330688266667,1.8166666666666667,1.6703488E7,33554.4,0.0,2.8,0.0,0.0
1376935007,4,10399.998544,194.13330615466666,1.8666666666666665,1.6703488E7,212511.2,0.0,2.7333333333333334,0.0,0.0
1376935307,4,10399.998544,194.13330615466666,1.8666666666666665,1.6703488E7,167772.0,0.0,3.8,0.06666666666666667,0.0
1376935607,4,10399.998544,201.06663851733333,1.9333333333333333,1.6703488E7,167772.0,0.0,3.1333333333333333,0.0,0.0
1376935907,4,10399.998544,207.99997088,2.0,1.6703488E7,100663.2,0.0,8.266666666666666,0.06666666666666667,0.0
1376936207,4,10399.998544,192.399973064,1.85,1.6703488E7,33554.4,0.0,2.933333333333333,0.0,0.0
1376936507,4,10399.998544,192.399973064,1.85,1.6703488E7,0.0,0.0,2.8,0.0,0.0
1376936807,4,10399.998544,197.59997233599998,1.9,1.6703488E7,89478.4,0.0,2.8,0.0,0.0
1376937107,4,10399.998544,192.399973064,1.85,1.6703488E7,67108.8,0.0,3.2666666666666666,0.0,0.0
1376937407,4,10399.998544,195.86663924533335,1.8833333333333335,1.6703488E7,0.0,0.0,2.8,0.0,0.0
1376937707,4,10399.998544,192.399973064,1.85,1.6703488E7,33554.4,0.0,2.8,0.0,0.0
1376938007,4,10399.998544,188.93330688266667,1.8166666666666667,1.6703488E7,67108.8,0.0,3.0,0.0,0.0
1376938307,4,10399.998544,192.399973064,1.85,1.6703488E7,156587.2,0.0,3.066666666666667,0.0,0.0
1376938607,4,10399.998544,192.399973064,1.85,1.6703488E7,100663.2,0.0,2.933333333333333,0.0,0.0
1376938907,4,10399.998544,192.399973064,1.85,1.6703488E7,0.0,0.0,3.6666666666666665,0.06666666666666667,0.0
1376939208,4,10399.998544,197.59997233599998,1.9,1.6703488E7,89478.4,0.0,3.466666666666667,0.0,0.0
1376939508,4,10399.998544,211.4666370613333,2.033333333333333,1.6703488E7,290804.8,0.0,8.333333333333332,0.06666666666666667,0.0
1376939808,4,10399.998544,194.13330615466666,1.8666666666666665,1.6703488E7,100663.2,0.0,2.8,0.0,0.0
1376940108,4,10399.998544,188.93330688266667,1.8166666666666667,1.6703488E7,22369.6,0.0,2.8666666666666667,0.0,0.0
1376940408,4,10399.998544,194.13330615466666,1.8666666666666665,1.6703488E7,369098.4,0.0,2.7333333333333334,0.0,0.0
1376940708,4,10399.998544,194.13330615466666,1.8666666666666665,1.6703488E7,201326.4,0.0,2.933333333333333,0.0,0.0
1376941008,4,10399.998544,197.59997233599998,1.9,1.6703488E7,167772.0,0.0,3.0,0.0,0.0
1376941308,4,10399.998544,192.399973064,1.85,1.6703488E7,301989.6,0.0,2.933333333333333,0.0,0.0
1376941608,4,10399.998544,195.86663924533335,1.8833333333333335,1.6703488E7,0.0,0.0,2.8,0.0,0.0
1376941908,4,10399.998544,194.13330615466666,1.8666666666666665,1.6703488E7,0.0,0.0,3.066666666666667,0.0,0.0
1376942208,4,10399.998544,195.86663924533335,1.8833333333333335,1.6703488E7,134217.6,0.0,2.7333333333333334,0.0,0.0
1376942508,4,10399.998544,197.59997233599998,1.9,1.6703488E7,234880.8,0.0,3.933333333333333,0.06666666666666667,0.0
1376942808,4,10399.998544,199.33330542666667,1.9166666666666665,1.6703488E7,290804.8,0.0,3.0,0.0,0.0
1376943108,4,10399.998544,213.199970152,2.05,1.6703488E7,190141.6,0.0,9.0,0.06666666666666667,0.0
1376943408,4,10399.998544,207.99997088,2.0,1.6703488E7,425022.4,0.0,2.8666666666666667,0.0,0.0
1376943708,4,10399.998544,194.13330615466666,1.8666666666666665,1.6703488E7,178956.8,0.0,2.8666666666666667,0.0,0.0
1376944008,4,10399.998544,195.86663924533335,1.8833333333333335,1.6703488E7,123032.8,0.0,3.066666666666667,0.0,0.0
1376944308,4,10399.998544,199.33330542666667,1.9166666666666665,1.6703488E7,167772.0,0.0,3.2,0.0,0.0
1376944608,4,10399.998544,195.86663924533335,1.8833333333333335,1.6703488E7,111848.0,0.0,3.2,0.0,0.0
1376944908,4,10399.998544,194.13330615466666,1.8666666666666665,1.6703488E7,89478.4,0.0,3.0,0.0,0.0
1376945208,4,10399.998544,199.33330542666667,1.9166666666666665,1.6703488E7,178956.8,0.0,2.6,0.0,0.0
1376945508,4,10399.998544,197.59997233599998,1.9,1.6703488E7,111848.0,0.0,2.933333333333333,0.0,0.0
1376945808,4,10399.998544,199.33330542666667,1.9166666666666665,1.6703488E7,178956.8,0.0,2.6666666666666665,0.0,0.0
1376946108,4,10399.998544,199.33330542666667,1.9166666666666665,1.6703488E7,100663.2,0.0,3.7333333333333334,0.06666666666666667,0.0
1376946408,4,10399.998544,202.79997160799996,1.95,1.6703488E7,67108.8,0.0,2.8666666666666667,0.0,0.0
1376946708,4,10399.998544,216.66663633333334,2.0833333333333335,1.6703488E7,246065.6,0.0,8.533333333333333,0.06666666666666667,0.0
1376947008,4,10399.998544,195.86663924533335,1.8833333333333335,1.6703488E7,67108.8,0.0,2.7333333333333334,0.0,0.0
1376947309,4,10399.998544,197.59997233599998,1.9,1.6703488E7,55924.0,0.0,2.933333333333333,0.0,0.0
1376947609,4,10399.998544,201.06663851733333,1.9333333333333333,1.6703488E7,301989.6,0.0,2.8666666666666667,0.0,0.0
1376947909,4,10399.998544,197.59997233599998,1.9,1.6703488E7,11184.8,0.0,3.0,0.0,0.0
1376948209,4,10399.998544,197.59997233599998,1.9,1.6703488E7,89478.4,0.0,3.0,0.0,0.0
1376948509,4,10399.998544,192.399973064,1.85,1.6703488E7,100663.2,0.0,2.7333333333333334,0.0,0.0
1376948809,4,10399.998544,197.59997233599998,1.9,1.6703488E7,89478.4,0.0,2.7333333333333334,0.0,0.0
1376949109,4,10399.998544,192.399973064,1.85,1.6703488E7,145402.4,0.0,2.7333333333333334,0.0,0.0
1376949408,4,10399.998544,192.399973064,1.85,1.6703488E7,156587.2,0.0,3.933333333333333,0.0,0.0
1376949709,4,10399.998544,204.53330469866665,1.9666666666666666,1.6703488E7,190141.6,0.0,3.6666666666666665,0.06666666666666667,0.0
1376950009,4,10399.998544,207.99997088,2.0,1.6703488E7,55924.0,0.0,3.7333333333333334,0.0,0.0
1376950309,4,10399.998544,214.93330324266663,2.0666666666666664,1.6703488E7,167772.0,0.0,8.4,0.06666666666666667,0.0
1376950609,4,10399.998544,209.73330397066667,2.0166666666666666,1.6703488E7,111848.0,0.0,2.7333333333333334,0.0,0.0
1376950909,4,10399.998544,199.33330542666667,1.9166666666666665,1.6703488E7,33554.4,0.0,2.7333333333333334,0.0,0.0
1376951209,4,10399.998544,194.13330615466666,1.8666666666666665,1.6703488E7,11184.8,0.0,2.8,0.0,0.0
1376951509,4,10399.998544,197.59997233599998,1.9,1.6703488E7,167772.0,0.0,3.066666666666667,0.0,0.0
1376951809,4,10399.998544,199.33330542666667,1.9166666666666665,1.6703488E7,212511.2,0.0,3.0,0.0,0.0
1376952109,4,10399.998544,202.79997160799996,1.95,1.6703488E7,290804.8,0.0,13.533333333333333,0.4,0.4666666666666667
1376952409,4,10399.998544,227.06663487733334,2.1833333333333336,1.6703488E7,335544.0,0.0,29.733333333333334,0.4666666666666667,1.0
1376952709,4,10399.998544,197.59997233599998,1.9,1.6703488E7,201326.4,0.0,2.8,0.0,0.0
1376953009,4,10399.998544,202.79997160799996,1.95,1.6703488E7,123032.8,0.0,2.8,0.0,0.0
1376953309,4,10399.998544,206.26663778933332,1.9833333333333334,1.6703488E7,201326.4,0.0,3.6,0.06666666666666667,0.0
1376953610,4,10399.998544,204.53330469866665,1.9666666666666666,1.6703488E7,100663.2,0.0,2.8666666666666667,0.0,0.0
1376953910,4,10399.998544,220.1333025146667,2.1166666666666667,1.6703488E7,212511.2,0.0,8.466666666666667,0.06666666666666667,0.0
1376954210,4,10399.998544,195.86663924533335,1.8833333333333335,1.6703488E7,111848.0,0.0,2.8666666666666667,0.0,0.0
1376954510,4,10399.998544,194.13330615466666,1.8666666666666665,1.6703488E7,55924.0,0.0,3.0,0.0,0.0
1376954810,4,10399.998544,199.33330542666667,1.9166666666666665,1.6703488E7,0.0,0.0,2.933333333333333,0.0,0.0
1376955110,4,10399.998544,195.86663924533335,1.8833333333333335,1.6703488E7,89478.4,0.0,3.0,0.0,0.0
1376955410,4,10399.998544,201.06663851733333,1.9333333333333333,1.6703488E7,313174.4,0.0,3.0,0.0,0.0
1376955710,4,10399.998544,197.59997233599998,1.9,1.6703488E7,111848.0,0.0,2.8666666666666667,0.0,0.0
1376956010,4,10399.998544,192.399973064,1.85,1.6703488E7,111848.0,0.0,2.8666666666666667,0.0,0.0
1376956310,4,10399.998544,197.59997233599998,1.9,1.6703488E7,55924.0,0.0,2.933333333333333,0.0,0.0
1376956610,4,10399.998544,201.06663851733333,1.9333333333333333,1.6703488E7,67108.8,0.0,3.0,0.0,0.0
1376956910,4,10399.998544,207.99997088,2.0,1.6703488E7,0.0,0.0,3.8,0.0,0.0
1376957210,4,10399.998544,211.4666370613333,2.033333333333333,1.6703488E7,145402.4,0.0,3.1333333333333333,0.0,0.0
1376957510,4,10399.998544,214.93330324266663,2.0666666666666664,1.6703488E7,380283.2,0.0,8.6,0.06666666666666667,0.0
1376957810,4,10399.998544,201.06663851733333,1.9333333333333333,1.6703488E7,145402.4,0.0,2.8,0.0,0.0
1376958110,4,10399.998544,197.59997233599998,1.9,1.6703488E7,123032.8,0.0,3.0,0.0,0.0
1376958410,4,10399.998544,201.06663851733333,1.9333333333333333,1.6703488E7,33554.4,0.0,2.8666666666666667,0.0,0.0
1376958710,4,10399.998544,195.86663924533335,1.8833333333333335,1.6703488E7,167772.0,0.0,2.8666666666666667,0.0,0.0
1376959010,4,10399.998544,195.86663924533335,1.8833333333333335,1.6703488E7,234880.8,0.0,3.0,0.0,0.0
1376959310,4,10399.998544,194.13330615466666,1.8666666666666665,1.6703488E7,67108.8,0.0,2.8666666666666667,0.0,0.0
1376959610,4,10399.998544,195.86663924533335,1.8833333333333335,1.6703488E7,0.0,0.0,2.8666666666666667,0.0,0.0
1376959910,4,10399.998544,192.399973064,1.85,1.6703488E7,100663.2,0.0,2.8,0.0,0.0
1376960210,4,10399.998544,197.59997233599998,1.9,1.6703488E7,67108.8,0.0,2.8666666666666667,0.0,0.0
1376960510,4,10399.998544,199.33330542666667,1.9166666666666665,1.6703488E7,55924.0,0.0,3.7333333333333334,0.06666666666666667,0.0
1376960810,4,10399.998544,199.33330542666667,1.9166666666666665,1.6703488E7,268435.2,0.0,3.533333333333333,0.06666666666666667,0.0
1376961110,4,10399.998544,213.199970152,2.05,1.6703488E7,313174.4,0.0,8.866666666666667,0.06666666666666667,0.0
1376961410,4,10399.998544,197.59997233599998,1.9,1.6703488E7,268435.2,0.0,2.7333333333333334,0.0,0.0
1376961710,4,10399.998544,195.86663924533335,1.8833333333333335,1.6703488E7,324359.2,0.0,2.8,0.0,0.0
1376962010,4,10399.998544,192.399973064,1.85,1.6703488E7,100663.2,0.0,2.933333333333333,0.0,0.0
1376962311,4,10399.998544,192.399973064,1.85,1.6703488E7,100663.2,0.0,3.066666666666667,0.0,0.0
1376962611,4,10399.998544,204.53330469866665,1.9666666666666666,1.6703488E7,134217.6,0.0,10.533333333333335,0.26666666666666666,0.6666666666666666
1376962911,4,10399.998544,211.4666370613333,2.033333333333333,1.6703488E7,268435.2,0.0,7.466666666666667,0.0,0.0
1376963211,4,10399.998544,194.13330615466666,1.8666666666666665,1.6703488E7,167772.0,0.0,3.066666666666667,0.0,0.0
1376963511,4,10399.998544,192.399973064,1.85,1.6703488E7,156587.2,0.0,2.8,0.0,0.0
1376963811,4,10399.998544,190.66663997333336,1.8333333333333335,1.6703488E7,167772.0,0.0,2.7333333333333334,0.0,0.0
1376964111,4,10399.998544,358.79994976800003,3.45,1.6703488E7,234880.8,0.0,5.533333333333333,1.6,0.7333333333333333
1376964411,4,10399.998544,232.26663414933333,2.2333333333333334,1.6703488E7,279620.0,0.0,18.53333333333333,6.866666666666666,0.13333333333333333
1376964711,4,10399.998544,214.93330324266663,2.0666666666666664,1.6703488E7,402652.8,0.0,8.6,0.06666666666666667,0.0
1376965011,4,10399.998544,190.66663997333336,1.8333333333333335,1.6703488E7,268435.2,0.0,2.7333333333333334,0.0,0.0
1376965311,4,10399.998544,194.13330615466666,1.8666666666666665,1.6703488E7,301989.6,0.0,3.066666666666667,0.0,0.0
1376965611,4,10399.998544,195.86663924533335,1.8833333333333335,1.6703488E7,0.0,0.0,2.6666666666666665,0.0,0.0
1376965911,4,10399.998544,197.59997233599998,1.9,1.6703488E7,156587.2,0.0,3.2666666666666666,0.0,0.0
1376966211,4,10399.998544,199.33330542666667,1.9166666666666665,1.6703488E7,346728.8,0.0,3.0,0.0,0.0
1376966511,4,10399.998544,194.13330615466666,1.8666666666666665,1.6703488E7,134217.6,0.0,2.6666666666666665,0.0,0.0
1376966811,4,10399.998544,194.13330615466666,1.8666666666666665,1.6703488E7,100663.2,0.0,3.0,0.0,0.0
1376967111,4,10399.998544,194.13330615466666,1.8666666666666665,1.6703488E7,78293.6,0.0,2.8666666666666667,0.0,0.0
1376967411,4,10399.998544,195.86663924533335,1.8833333333333335,1.6703488E7,190141.6,0.0,2.933333333333333,0.0,0.0
1376967711,4,10399.998544,197.59997233599998,1.9,1.6703488E7,156587.2,0.0,3.6666666666666665,0.06666666666666667,0.0
1376968011,4,10399.998544,199.33330542666667,1.9166666666666665,1.6703488E7,246065.6,0.0,3.3333333333333335,0.06666666666666667,0.0
1376968311,4,10399.998544,214.93330324266663,2.0666666666666664,1.6703488E7,425022.4,0.0,8.466666666666667,0.06666666666666667,0.0
1376968611,4,10399.998544,192.399973064,1.85,1.6703488E7,134217.6,0.0,2.8,0.0,0.0
1376968911,4,10399.998544,192.399973064,1.85,1.6703488E7,234880.8,0.0,2.933333333333333,0.0,0.0
1376969211,4,10399.998544,195.86663924533335,1.8833333333333335,1.6703488E7,123032.8,0.0,2.8,0.0,0.0
1376969511,4,10399.998544,195.86663924533335,1.8833333333333335,1.6703488E7,167772.0,0.0,3.2666666666666666,0.0,0.0
1376969811,4,10399.998544,197.59997233599998,1.9,1.6703488E7,44739.2,0.0,3.066666666666667,0.0,0.0
1376970111,4,10399.998544,194.13330615466666,1.8666666666666665,1.6703488E7,301989.6,0.0,3.0,0.0,0.0
1376970411,4,10399.998544,195.86663924533335,1.8833333333333335,1.6703488E7,246065.6,0.0,2.933333333333333,0.0,0.0
1376970711,4,10399.998544,194.13330615466666,1.8666666666666665,1.6703488E7,44739.2,0.0,3.0,0.0,0.0
1376971011,4,10399.998544,195.86663924533335,1.8833333333333335,1.6703488E7,67108.8,0.0,3.0,0.0,0.0
1376971311,4,10399.998544,195.86663924533335,1.8833333333333335,1.6703488E7,100663.2,0.0,3.6,0.06666666666666667,0.0
1376971611,4,10399.998544,197.59997233599998,1.9,1.6703488E7,492131.2,0.0,3.6,0.0,0.0
1376971911,4,10399.998544,213.199970152,2.05,1.6703488E7,480946.4,0.0,8.466666666666667,0.06666666666666667,0.0
1376972211,4,10399.998544,201.06663851733333,1.9333333333333333,1.6703488E7,324359.2,0.0,2.8,0.0,0.0
1376972512,4,10399.998544,192.399973064,1.85,1.6703488E7,212511.2,0.0,2.933333333333333,0.0,0.0
1376972812,4,10399.998544,190.66663997333336,1.8333333333333335,1.6703488E7,67108.8,0.0,2.6666666666666665,0.0,0.0
1376973112,4,10399.998544,190.66663997333336,1.8333333333333335,1.6703488E7,111848.0,0.0,3.466666666666667,0.0,0.0
1376973412,4,10399.998544,201.06663851733333,1.9333333333333333,1.6703488E7,178956.8,0.0,3.0,0.0,0.0
1376973712,4,10399.998544,194.13330615466666,1.8666666666666665,1.6703488E7,100663.2,0.0,3.1333333333333333,0.0,0.0
1376974012,4,10399.998544,192.399973064,1.85,1.6703488E7,167772.0,0.0,2.466666666666667,0.0,0.0
1376974312,4,10399.998544,194.13330615466666,1.8666666666666665,1.6703488E7,11184.8,0.0,3.066666666666667,0.0,0.0
1376974612,4,10399.998544,194.13330615466666,1.8666666666666665,1.6703488E7,201326.4,0.0,2.8666666666666667,0.0,0.0
1376974912,4,10399.998544,195.86663924533335,1.8833333333333335,1.6703488E7,156587.2,0.0,3.6666666666666665,0.06666666666666667,0.0
1376975212,4,10399.998544,213.199970152,2.05,1.6703488E7,324359.2,0.0,8.066666666666666,0.0,0.13333333333333333
1376975512,4,10399.998544,213.199970152,2.05,1.6703488E7,234880.8,0.0,8.533333333333333,0.06666666666666667,0.0
1376975812,4,10399.998544,192.399973064,1.85,1.6703488E7,134217.6,0.0,3.0,0.0,0.0
1376976112,4,10399.998544,194.13330615466666,1.8666666666666665,1.6703488E7,100663.2,0.0,2.8,0.0,0.0
1376976412,4,10399.998544,192.399973064,1.85,1.6703488E7,156587.2,0.0,2.8666666666666667,0.0,0.0
1376976712,4,10399.998544,197.59997233599998,1.9,1.6703488E7,67108.8,0.0,3.2,0.0,0.0
1376977012,4,10399.998544,201.06663851733333,1.9333333333333333,1.6703488E7,67108.8,0.0,2.933333333333333,0.0,0.0
1376977312,4,10399.998544,209.73330397066667,2.0166666666666666,1.6703488E7,100663.2,0.0,2.933333333333333,0.0,0.0
1376977612,4,10399.998544,194.13330615466666,1.8666666666666665,1.6703488E7,33554.4,0.0,2.6666666666666665,0.0,0.0
1376977912,4,10399.998544,192.399973064,1.85,1.6703488E7,0.0,0.0,3.066666666666667,0.0,0.0
1376978212,4,10399.998544,195.86663924533335,1.8833333333333335,1.6703488E7,78293.6,0.0,2.6,0.0,0.0
1376978512,4,10399.998544,194.13330615466666,1.8666666666666665,1.6703488E7,134217.6,0.0,3.2666666666666666,0.06666666666666667,0.0
1376978812,4,10399.998544,201.06663851733333,1.9333333333333333,1.6703488E7,156587.2,0.0,3.3333333333333335,0.0,0.0
1376979112,4,10399.998544,213.199970152,2.05,1.6703488E7,290804.8,0.0,8.933333333333334,0.06666666666666667,0.0
1376979412,4,10399.998544,194.13330615466666,1.8666666666666665,1.6703488E7,190141.6,0.0,2.933333333333333,0.0,0.0
1376979712,4,10399.998544,194.13330615466666,1.8666666666666665,1.6703488E7,100663.2,0.0,2.8666666666666667,0.0,0.0
1376980012,4,10399.998544,197.59997233599998,1.9,1.6703488E7,201326.4,0.0,2.933333333333333,0.0,0.0
1376980312,4,10399.998544,190.66663997333336,1.8333333333333335,1.6703488E7,178956.8,0.0,2.8,0.0,0.0
1376980612,4,10399.998544,199.33330542666667,1.9166666666666665,1.6703488E7,290804.8,0.0,3.0,0.0,0.0
1376980912,4,10399.998544,195.86663924533335,1.8833333333333335,1.6703488E7,100663.2,0.0,3.066666666666667,0.0,0.0
1376981212,4,10399.998544,192.399973064,1.85,1.6703488E7,234880.8,0.0,2.8666666666666667,0.0,0.0
1376981512,4,10399.998544,199.33330542666667,1.9166666666666665,1.6703488E7,201326.4,0.0,3.0,0.0,0.0
1376981812,4,10399.998544,202.79997160799996,1.95,1.6703488E7,324359.2,0.0,2.8,0.0,0.0
1376982112,4,10399.998544,199.33330542666667,1.9166666666666665,1.6703488E7,156587.2,0.0,3.6,0.06666666666666667,0.0
1376982412,4,10399.998544,201.06663851733333,1.9333333333333333,1.6703488E7,279620.0,0.0,3.7333333333333334,0.0,0.0
1376982712,4,10399.998544,211.4666370613333,2.033333333333333,1.6703488E7,436207.2,0.0,8.4,0.06666666666666667,0.0
1376983012,4,10399.998544,194.13330615466666,1.8666666666666665,1.6703488E7,201326.4,0.0,2.933333333333333,0.0,0.0
1376983312,4,10399.998544,195.86663924533335,1.8833333333333335,1.6703488E7,100663.2,0.0,2.8,0.0,0.0
1376983612,4,10399.998544,194.13330615466666,1.8666666666666665,1.6703488E7,234880.8,0.0,2.8666666666666667,0.0,0.0
1376983912,4,10399.998544,194.13330615466666,1.8666666666666665,1.6703488E7,268435.2,0.0,2.933333333333333,0.0,0.0
1376984212,4,10399.998544,194.13330615466666,1.8666666666666665,1.6703488E7,156587.2,0.0,3.066666666666667,0.0,0.0
1376984512,4,10399.998544,190.66663997333336,1.8333333333333335,1.6703488E7,257250.4,0.0,2.933333333333333,0.0,0.0
1376984812,4,10399.998544,194.13330615466666,1.8666666666666665,1.6703488E7,279620.0,0.0,2.533333333333333,0.0,0.0
1376985112,4,10399.998544,192.399973064,1.85,1.6703488E7,167772.0,0.0,3.066666666666667,0.0,0.0
1376985412,4,10399.998544,188.93330688266667,1.8166666666666667,1.6703488E7,89478.4,0.0,2.7333333333333334,0.0,0.0
1376985712,4,10399.998544,194.13330615466666,1.8666666666666665,1.6703488E7,201326.4,0.0,3.2666666666666666,0.06666666666666667,0.0
1376986012,4,10399.998544,195.86663924533335,1.8833333333333335,1.6703488E7,67108.8,0.0,3.4,0.0,0.0
1376986312,4,10399.998544,218.399969424,2.1,1.6703488E7,279620.0,0.0,8.6,0.06666666666666667,0.0
1376986612,4,10399.998544,194.13330615466666,1.8666666666666665,1.6703488E7,100663.2,0.0,2.933333333333333,0.0,0.0
1376986912,4,10399.998544,194.13330615466666,1.8666666666666665,1.6703488E7,167772.0,0.0,2.8666666666666667,0.0,0.0
1376987212,4,10399.998544,194.13330615466666,1.8666666666666665,1.6703488E7,0.0,0.0,2.933333333333333,0.0,0.0
1376987512,4,10399.998544,201.06663851733333,1.9333333333333333,1.6703488E7,111848.0,0.0,3.2,0.0,0.0
1376987812,4,10399.998544,199.33330542666667,1.9166666666666665,1.6703488E7,234880.8,0.0,2.8666666666666667,0.0,0.0
1376988112,4,10399.998544,194.13330615466666,1.8666666666666665,1.6703488E7,167772.0,0.0,2.933333333333333,0.0,0.0
1376988412,4,10399.998544,192.399973064,1.85,1.6703488E7,134217.6,0.0,2.7333333333333334,0.0,0.0
1376988712,4,10399.998544,194.13330615466666,1.8666666666666665,1.6703488E7,178956.8,0.0,3.1333333333333333,0.0,0.0
1376989012,4,10399.998544,192.399973064,1.85,1.6703488E7,33554.4,0.0,2.6666666666666665,0.0,0.0
1376989312,4,10399.998544,199.33330542666667,1.9166666666666665,1.6703488E7,0.0,0.0,3.3333333333333335,0.06666666666666667,0.0
1376989612,4,10399.998544,201.06663851733333,1.9333333333333333,1.6703488E7,335544.0,0.0,3.2666666666666666,0.0,0.0
1376989912,4,10399.998544,211.4666370613333,2.033333333333333,1.6703488E7,391468.0,0.0,8.333333333333334,0.06666666666666667,0.0
1376990212,4,10399.998544,197.59997233599998,1.9,1.6703488E7,223696.0,0.0,2.8666666666666667,0.0,0.0
1376990512,4,10399.998544,197.59997233599998,1.9,1.6703488E7,78293.6,0.0,2.8,0.0,0.0
1376990812,4,10399.998544,195.86663924533335,1.8833333333333335,1.6703488E7,156587.2,0.0,2.8,0.0,0.0
1376991112,4,10399.998544,192.399973064,1.85,1.6703488E7,167772.0,0.0,3.0,0.0,0.0
1376991412,4,10399.998544,199.33330542666667,1.9166666666666665,1.6703488E7,156587.2,0.0,3.2,0.0,0.0
1376991712,4,10399.998544,190.66663997333336,1.8333333333333335,1.6703488E7,55924.0,0.0,2.933333333333333,0.0,0.0
1376992012,4,10399.998544,201.06663851733333,1.9333333333333333,1.6703488E7,100663.2,0.0,2.7333333333333334,0.0,0.0
1376992312,4,10399.998544,197.59997233599998,1.9,1.6703488E7,67108.8,0.0,3.0,0.0,0.0
1376992612,4,10399.998544,197.59997233599998,1.9,1.6703488E7,67108.8,0.0,2.7333333333333334,0.0,0.0
1376992913,4,10399.998544,214.93330324266663,2.0666666666666664,1.6703488E7,134217.6,0.0,3.7333333333333334,0.06666666666666667,0.0
1376993213,4,10399.998544,209.73330397066667,2.0166666666666666,1.6703488E7,268435.2,0.0,3.466666666666667,0.0,0.0
1376993513,4,10399.998544,216.66663633333334,2.0833333333333335,1.6703488E7,201326.4,0.0,8.6,0.06666666666666667,0.0
1376993813,4,10399.998544,197.59997233599998,1.9,1.6703488E7,67108.8,0.0,2.933333333333333,0.0,0.0
1376994123,4,10399.998544,190.66663997333336,1.8333333333333335,1.6703488E7,167772.0,0.0,2.933333333333333,0.0,0.0
1376994423,4,10399.998544,197.59997233599998,1.9,1.6703488E7,134217.6,0.0,2.8666666666666667,0.0,0.0
1376994724,4,10399.998544,195.86663924533335,1.8833333333333335,1.6703488E7,134217.6,0.0,3.0,0.0,0.0
1376995024,4,10399.998544,199.33330542666667,1.9166666666666665,1.6703488E7,134217.6,0.0,2.933333333333333,0.0,0.0
1376995324,4,10399.998544,195.86663924533335,1.8833333333333335,1.6703488E7,100663.2,0.0,3.0,0.0,0.0
1376995624,4,10399.998544,192.399973064,1.85,1.6703488E7,111848.0,0.0,2.8,0.0,0.0
1376995924,4,10399.998544,207.99997088,2.0,1.6703488E7,167772.0,0.0,2.933333333333333,0.0,0.0
1376996224,4,10399.998544,194.13330615466666,1.8666666666666665,1.6703488E7,134217.6,0.0,2.6666666666666665,0.0,0.0
1376996524,4,10399.998544,199.33330542666667,1.9166666666666665,1.6703488E7,67108.8,0.0,3.7333333333333334,0.06666666666666667,0.0
1376996824,4,10399.998544,197.59997233599998,1.9,1.6703488E7,134217.6,0.0,3.1333333333333333,0.0,0.0
1376997124,4,10399.998544,214.93330324266663,2.0666666666666664,1.6703488E7,391468.0,0.0,8.666666666666666,0.06666666666666667,0.0
1376997424,4,10399.998544,192.399973064,1.85,1.6703488E7,67108.8,0.0,2.8666666666666667,0.0,0.0
1376997724,4,10399.998544,192.399973064,1.85,1.6703488E7,123032.8,0.0,2.8,0.0,0.0
1376998024,4,10399.998544,195.86663924533335,1.8833333333333335,1.6703488E7,145402.4,0.0,2.7333333333333334,0.0,0.0
1376998324,4,10399.998544,190.66663997333336,1.8333333333333335,1.6703488E7,78293.6,0.0,2.933333333333333,0.0,0.0
1376998624,4,10399.998544,194.13330615466666,1.8666666666666665,1.6703488E7,100663.2,0.0,3.1333333333333333,0.0,0.0
1376998924,4,10399.998544,194.13330615466666,1.8666666666666665,1.6703488E7,89478.4,0.0,2.8,0.0,0.0
1376999224,4,10399.998544,195.86663924533335,1.8833333333333335,1.6703488E7,134217.6,0.0,2.8,0.0,0.0
1376999524,4,10399.998544,190.66663997333336,1.8333333333333335,1.6703488E7,223696.0,0.0,2.933333333333333,0.0,0.0
1376999824,4,10399.998544,194.13330615466666,1.8666666666666665,1.6703488E7,111848.0,0.0,2.8,0.0,0.0
1377000124,4,10399.998544,195.86663924533335,1.8833333333333335,1.6703488E7,33554.4,0.0,3.7333333333333334,0.06666666666666667,0.0
1377000424,4,10399.998544,197.59997233599998,1.9,1.6703488E7,44739.2,0.0,3.0,0.0,0.0
1377000724,4,10399.998544,214.93330324266663,2.0666666666666664,1.6703488E7,335544.0,0.0,8.466666666666667,0.06666666666666667,0.0
1377001024,4,10399.998544,194.13330615466666,1.8666666666666665,1.6703488E7,44739.2,0.0,2.8,0.0,0.0
1377001324,4,10399.998544,190.66663997333336,1.8333333333333335,1.6703488E7,55924.0,0.0,2.7333333333333334,0.0,0.0
1377001624,4,10399.998544,190.66663997333336,1.8333333333333335,1.6703488E7,123032.8,0.0,2.6666666666666665,0.0,0.0
1377001924,4,10399.998544,194.13330615466666,1.8666666666666665,1.6703488E7,156587.2,0.0,3.2666666666666666,0.0,0.0
1377002224,4,10399.998544,194.13330615466666,1.8666666666666665,1.6703488E7,234880.8,0.0,7.733333333333333,0.0,0.0
1377002524,4,10399.998544,192.399973064,1.85,1.6703488E7,44739.2,0.0,2.933333333333333,0.0,0.0
1377002824,4,10399.998544,188.93330688266667,1.8166666666666667,1.6703488E7,0.0,0.0,2.7333333333333334,0.0,0.0
1377003125,4,10399.998544,187.199973792,1.8,1.6703488E7,78293.6,0.0,2.8,0.0,0.0
1377003425,4,10399.998544,195.86663924533335,1.8833333333333335,1.6703488E7,212511.2,0.0,2.7333333333333334,0.0,0.0
1377003725,4,10399.998544,197.59997233599998,1.9,1.6703488E7,22369.6,0.0,3.8,0.06666666666666667,0.0
1377004025,4,10399.998544,197.59997233599998,1.9,1.6703488E7,134217.6,0.0,3.4,0.0,0.0
1377004325,4,10399.998544,211.4666370613333,2.033333333333333,1.6703488E7,246065.6,0.0,8.666666666666666,0.06666666666666667,0.0
1377004625,4,10399.998544,190.66663997333336,1.8333333333333335,1.6703488E7,257250.4,0.0,2.8666666666666667,0.0,0.0
1377004925,4,10399.998544,190.66663997333336,1.8333333333333335,1.6703488E7,257250.4,0.0,2.933333333333333,0.0,0.0
1377005225,4,10399.998544,188.93330688266667,1.8166666666666667,1.6703488E7,246065.6,0.0,2.933333333333333,0.0,0.0
1377005525,4,10399.998544,188.93330688266667,1.8166666666666667,1.6703488E7,111848.0,0.0,2.933333333333333,0.0,0.0
1377005825,4,10399.998544,192.399973064,1.85,1.6703488E7,78293.6,0.0,3.2,0.0,0.0
1377006125,4,10399.998544,188.93330688266667,1.8166666666666667,1.6703488E7,33554.4,0.0,2.7333333333333334,0.0,0.0
1377006425,4,10399.998544,188.93330688266667,1.8166666666666667,1.6703488E7,44739.2,0.0,2.8666666666666667,0.0,0.0
1377006725,4,10399.998544,190.66663997333336,1.8333333333333335,1.6703488E7,167772.0,0.0,3.066666666666667,0.0,0.0
1377007025,4,10399.998544,194.13330615466666,1.8666666666666665,1.6703488E7,167772.0,0.0,2.8666666666666667,0.0,0.0
1377007325,4,10399.998544,194.13330615466666,1.8666666666666665,1.6703488E7,167772.0,0.0,3.7333333333333334,0.06666666666666667,0.0
1377007625,4,10399.998544,214.93330324266663,2.0666666666666664,1.6703488E7,391468.0,0.0,3.1333333333333333,0.0,0.0
1377007925,4,10399.998544,209.73330397066667,2.0166666666666666,1.6703488E7,525685.6,0.0,8.466666666666667,0.06666666666666667,0.0
1377008225,4,10399.998544,187.199973792,1.8,1.6703488E7,123032.8,0.0,2.8666666666666667,0.0,0.0
1377008525,4,10399.998544,190.66663997333336,1.8333333333333335,1.6703488E7,145402.4,0.0,3.0,0.0,0.0
1377008825,4,10399.998544,194.13330615466666,1.8666666666666665,1.6703488E7,156587.2,0.0,2.8666666666666667,0.0,0.0
1377009125,4,10399.998544,187.199973792,1.8,1.6703488E7,100663.2,0.0,3.1333333333333333,0.0,0.0
1377009425,4,10399.998544,187.199973792,1.8,1.6703488E7,67108.8,0.0,2.933333333333333,0.0,0.0
1377009725,4,10399.998544,187.199973792,1.8,1.6703488E7,78293.6,0.0,2.8666666666666667,0.0,0.0
1377010025,4,10399.998544,195.86663924533335,1.8833333333333335,1.6703488E7,223696.0,0.0,2.7333333333333334,0.0,0.0
1377010325,4,10399.998544,188.93330688266667,1.8166666666666667,1.6703488E7,212511.2,0.0,2.7333333333333334,0.0,0.0
1377010625,4,10399.998544,190.66663997333336,1.8333333333333335,1.6703488E7,201326.4,0.0,3.0,0.0,0.0
1377010925,4,10399.998544,197.59997233599998,1.9,1.6703488E7,134217.6,0.0,3.6,0.06666666666666667,0.0
1377011226,4,10399.998544,199.33330542666667,1.9166666666666665,1.6703488E7,212511.2,0.0,3.0,0.0,0.0
1377011526,4,10399.998544,211.4666370613333,2.033333333333333,1.6703488E7,246065.6,0.0,8.666666666666666,0.06666666666666667,0.0
1377011826,4,10399.998544,190.66663997333336,1.8333333333333335,1.6703488E7,178956.8,0.0,2.7333333333333334,0.0,0.0
1377012126,4,10399.998544,195.86663924533335,1.8833333333333335,1.6703488E7,257250.4,0.0,3.1333333333333333,0.0,0.0
1377012426,4,10399.998544,194.13330615466666,1.8666666666666665,1.6703488E7,22369.6,0.0,2.7333333333333334,0.0,0.0
1377012726,4,10399.998544,192.399973064,1.85,1.6703488E7,190141.6,0.0,3.0,0.0,0.0
1377013026,4,10399.998544,192.399973064,1.85,1.6703488E7,447392.0,0.0,3.2,0.0,0.0
1377013326,4,10399.998544,192.399973064,1.85,1.6703488E7,212511.2,0.0,2.8666666666666667,0.0,0.0
1377013626,4,10399.998544,194.13330615466666,1.8666666666666665,1.6703488E7,67108.8,0.0,2.8,0.0,0.0
1377013926,4,10399.998544,190.66663997333336,1.8333333333333335,1.6703488E7,33554.4,0.0,2.8666666666666667,0.0,0.0
1377014226,4,10399.998544,195.86663924533335,1.8833333333333335,1.6703488E7,44739.2,0.0,2.933333333333333,0.0,0.0
1377014526,4,10399.998544,195.86663924533335,1.8833333333333335,1.6703488E7,33554.4,0.0,3.8,0.06666666666666667,0.0
1377014825,4,10399.998544,199.33330542666667,1.9166666666666665,1.6703488E7,201326.4,0.0,3.6,0.0,0.0
1377015125,4,10399.998544,216.66663633333334,2.0833333333333335,1.6703488E7,201326.4,0.0,8.666666666666666,0.06666666666666667,0.0
1377015425,4,10399.998544,192.399973064,1.85,1.6703488E7,167772.0,0.0,2.8,0.0,0.0
1377015725,4,10399.998544,188.93330688266667,1.8166666666666667,1.6703488E7,167772.0,0.0,3.0,0.0,0.0
1377016025,4,10399.998544,190.66663997333336,1.8333333333333335,1.6703488E7,134217.6,0.0,2.7333333333333334,0.0,0.0
1377016325,4,10399.998544,195.86663924533335,1.8833333333333335,1.6703488E7,67108.8,0.0,3.2666666666666666,0.0,0.0
1377016625,4,10399.998544,209.73330397066667,2.0166666666666666,1.6703488E7,167772.0,0.0,3.066666666666667,0.0,0.0
1377016925,4,10399.998544,199.33330542666667,1.9166666666666665,1.6703488E7,167772.0,0.0,2.933333333333333,0.0,0.0
1377017225,4,10399.998544,192.399973064,1.85,1.6703488E7,100663.2,0.0,2.8666666666666667,0.0,0.0
1377017526,4,10399.998544,190.66663997333336,1.8333333333333335,1.6703488E7,0.0,0.0,2.8666666666666667,0.0,0.0
1377017826,4,10399.998544,188.93330688266667,1.8166666666666667,1.6703488E7,134217.6,0.0,3.0,0.0,0.0
1377018126,4,10399.998544,195.86663924533335,1.8833333333333335,1.6703488E7,201326.4,0.0,3.6,0.06666666666666667,0.0
1377018426,4,10399.998544,197.59997233599998,1.9,1.6703488E7,167772.0,0.0,2.933333333333333,0.0,0.0
1377018726,4,10399.998544,216.66663633333334,2.0833333333333335,1.6703488E7,570424.8,0.0,8.666666666666666,0.06666666666666667,0.0
1377019026,4,10399.998544,199.33330542666667,1.9166666666666665,1.6703488E7,234880.8,0.0,2.8666666666666667,0.0,0.0
1377019326,4,10399.998544,190.66663997333336,1.8333333333333335,1.6703488E7,67108.8,0.0,2.8666666666666667,0.0,0.0
1377019626,4,10399.998544,188.93330688266667,1.8166666666666667,1.6703488E7,167772.0,0.0,2.7333333333333334,0.0,0.0
1377019926,4,10399.998544,190.66663997333336,1.8333333333333335,1.6703488E7,33554.4,0.0,2.8,0.0,0.0
1377020226,4,10399.998544,199.33330542666667,1.9166666666666665,1.6703488E7,33554.4,0.0,3.1333333333333333,0.0,0.0
1377020526,4,10399.998544,190.66663997333336,1.8333333333333335,1.6703488E7,257250.4,0.0,3.066666666666667,0.0,0.0
1377020826,4,10399.998544,194.13330615466666,1.8666666666666665,1.6703488E7,234880.8,0.0,2.7333333333333334,0.0,0.0
1377021126,4,10399.998544,190.66663997333336,1.8333333333333335,1.6703488E7,201326.4,0.0,3.1333333333333333,0.0,0.0
1377021426,4,10399.998544,188.93330688266667,1.8166666666666667,1.6703488E7,134217.6,0.0,2.933333333333333,0.0,0.0
1377021726,4,10399.998544,192.399973064,1.85,1.6703488E7,167772.0,0.0,3.6666666666666665,0.06666666666666667,0.0
1377022026,4,10399.998544,194.13330615466666,1.8666666666666665,1.6703488E7,324359.2,0.0,2.8666666666666667,0.0,0.0
1377022326,4,10399.998544,209.73330397066667,2.0166666666666666,1.6703488E7,268435.2,0.0,8.533333333333333,0.06666666666666667,0.0
1377022626,4,10399.998544,188.93330688266667,1.8166666666666667,1.6703488E7,145402.4,0.0,2.933333333333333,0.0,0.0
1377022926,4,10399.998544,188.93330688266667,1.8166666666666667,1.6703488E7,201326.4,0.0,2.8666666666666667,0.0,0.0
1377023226,4,10399.998544,190.66663997333336,1.8333333333333335,1.6703488E7,156587.2,0.0,2.8,0.0,0.0
1377023526,4,10399.998544,187.199973792,1.8,1.6703488E7,44739.2,0.0,2.8,0.0,0.0
1377023826,4,10399.998544,190.66663997333336,1.8333333333333335,1.6703488E7,100663.2,0.0,3.0,0.0,0.0
1377024126,4,10399.998544,190.66663997333336,1.8333333333333335,1.6703488E7,123032.8,0.0,3.0,0.0,0.0
1377024426,4,10399.998544,188.93330688266667,1.8166666666666667,1.6703488E7,178956.8,0.0,2.8666666666666667,0.0,0.0
1377024726,4,10399.998544,187.199973792,1.8,1.6703488E7,44739.2,0.0,2.7333333333333334,0.0,0.0
1377025026,4,10399.998544,187.199973792,1.8,1.6703488E7,44739.2,0.0,2.7333333333333334,0.0,0.0
1377025326,4,10399.998544,190.66663997333336,1.8333333333333335,1.6703488E7,33554.4,0.0,3.8,0.06666666666666667,0.0
1377025627,4,10399.998544,192.399973064,1.85,1.6703488E7,167772.0,0.0,3.533333333333333,0.0,0.0
1377025927,4,10399.998544,207.99997088,2.0,1.6703488E7,167772.0,0.0,8.466666666666667,0.06666666666666667,0.0
1377026227,4,10399.998544,190.66663997333336,1.8333333333333335,1.6703488E7,290804.8,0.0,2.7333333333333334,0.0,0.0
1377026527,4,10399.998544,192.399973064,1.85,1.6703488E7,335544.0,0.0,3.0,0.0,0.0
1377026827,4,10399.998544,190.66663997333336,1.8333333333333335,1.6703488E7,123032.8,0.0,2.8666666666666667,0.0,0.0
1377027127,4,10399.998544,192.399973064,1.85,1.6703488E7,33554.4,0.0,3.1333333333333333,0.0,0.0
1377027427,4,10399.998544,190.66663997333336,1.8333333333333335,1.6703488E7,212511.2,0.0,3.066666666666667,0.0,0.0
1377027727,4,10399.998544,187.199973792,1.8,1.6703488E7,201326.4,0.0,3.0,0.0,0.0
1377028027,4,10399.998544,188.93330688266667,1.8166666666666667,1.6703488E7,246065.6,0.0,2.8,0.0,0.0
1377028327,4,10399.998544,188.93330688266667,1.8166666666666667,1.6703488E7,167772.0,0.0,2.8666666666666667,0.0,0.0
1377028627,4,10399.998544,187.199973792,1.8,1.6703488E7,167772.0,0.0,2.8,0.0,0.0
1377028927,4,10399.998544,194.13330615466666,1.8666666666666665,1.6703488E7,190141.6,0.0,3.7333333333333334,0.06666666666666667,0.0
1377029227,4,10399.998544,195.86663924533335,1.8833333333333335,1.6703488E7,134217.6,0.0,3.1333333333333333,0.0,0.0
1377029527,4,10399.998544,211.4666370613333,2.033333333333333,1.6703488E7,469761.6,0.0,8.466666666666667,0.06666666666666667,0.0
1377029827,4,10399.998544,187.199973792,1.8,1.6703488E7,78293.6,0.0,2.933333333333333,0.0,0.0
1377030127,4,10399.998544,187.199973792,1.8,1.6703488E7,100663.2,0.0,2.933333333333333,0.0,0.0
1377030427,4,10399.998544,192.399973064,1.85,1.6703488E7,201326.4,0.0,2.8666666666666667,0.0,0.0
1377030727,4,10399.998544,188.93330688266667,1.8166666666666667,1.6703488E7,156587.2,0.0,3.066666666666667,0.0,0.0
1377031027,4,10399.998544,192.399973064,1.85,1.6703488E7,44739.2,0.0,3.1333333333333333,0.0,0.0
1377031327,4,10399.998544,188.93330688266667,1.8166666666666667,1.6703488E7,167772.0,0.0,2.933333333333333,0.0,0.0
1377031627,4,10399.998544,188.93330688266667,1.8166666666666667,1.6703488E7,156587.2,0.0,2.8,0.0,0.0
1377031927,4,10399.998544,188.93330688266667,1.8166666666666667,1.6703488E7,33554.4,0.0,2.6666666666666665,0.0,0.0
1377032227,4,10399.998544,188.93330688266667,1.8166666666666667,1.6703488E7,313174.4,0.0,2.6666666666666665,0.0,0.0
1377032527,4,10399.998544,194.13330615466666,1.8666666666666665,1.6703488E7,167772.0,0.0,3.6,0.06666666666666667,0.0
1377032827,4,10399.998544,194.13330615466666,1.8666666666666665,1.6703488E7,503316.0,0.0,2.8666666666666667,0.0,0.0
1377033127,4,10399.998544,211.4666370613333,2.033333333333333,1.6703488E7,335544.0,0.0,8.533333333333333,0.06666666666666667,0.0
1377033427,4,10399.998544,187.199973792,1.8,1.6703488E7,33554.4,0.0,2.7333333333333334,0.0,0.0
1377033727,4,10399.998544,190.66663997333336,1.8333333333333335,1.6703488E7,190141.6,0.0,2.933333333333333,0.0,0.0
1377034027,4,10399.998544,190.66663997333336,1.8333333333333335,1.6703488E7,100663.2,0.0,2.8,0.0,0.0
1377034327,4,10399.998544,190.66663997333336,1.8333333333333335,1.6703488E7,234880.8,0.0,3.1333333333333333,0.0,0.0
1377034627,4,10399.998544,194.13330615466666,1.8666666666666665,1.6703488E7,100663.2,0.0,3.066666666666667,0.0,0.0
1377034928,4,10399.998544,187.199973792,1.8,1.6703488E7,78293.6,0.0,2.6,0.0,0.0
1377035228,4,10399.998544,188.93330688266667,1.8166666666666667,1.6703488E7,134217.6,0.0,3.0,0.0,0.0
1377035528,4,10399.998544,187.199973792,1.8,1.6703488E7,123032.8,0.0,2.8666666666666667,0.0,0.0
1377035828,4,10399.998544,188.93330688266667,1.8166666666666667,1.6703488E7,44739.2,0.0,4.066666666666666,0.0,0.0
1377036128,4,10399.998544,195.86663924533335,1.8833333333333335,1.6703488E7,212511.2,0.0,3.6666666666666665,0.06666666666666667,0.0
1377036428,4,10399.998544,194.13330615466666,1.8666666666666665,1.6703488E7,134217.6,0.0,3.666666666666667,0.0,0.0
1377036728,4,10399.998544,237.4666334213333,2.283333333333333,1.6703488E7,469761.6,0.0,67.66666666666667,15.066666666666666,0.13333333333333333
1377037028,4,10399.998544,190.66663997333336,1.8333333333333335,1.6703488E7,167772.0,0.0,2.6666666666666665,0.0,0.0
1377037328,4,10399.998544,187.199973792,1.8,1.6703488E7,78293.6,0.0,2.933333333333333,0.0,0.0
1377037628,4,10399.998544,188.93330688266667,1.8166666666666667,1.6703488E7,145402.4,0.0,2.8,0.0,0.0
1377037928,4,10399.998544,190.66663997333336,1.8333333333333335,1.6703488E7,111848.0,0.0,2.8,0.0,0.0
1377038229,4,10399.998544,188.93330688266667,1.8166666666666667,1.6703488E7,156587.2,0.0,3.2,0.0,0.0
1377038529,4,10399.998544,201.06663851733333,1.9333333333333333,1.6703488E7,246065.6,0.0,10.2,0.7333333333333333,1.0666666666666667
1377038829,4,10399.998544,188.93330688266667,1.8166666666666667,1.6703488E7,257250.4,0.0,2.8,0.0,0.0
1377039129,4,10399.998544,188.93330688266667,1.8166666666666667,1.6703488E7,22369.6,0.0,2.7333333333333334,0.0,0.0
1377039429,4,10399.998544,188.93330688266667,1.8166666666666667,1.6703488E7,78293.6,0.0,2.8666666666666667,0.0,0.0
1377039729,4,10399.998544,192.399973064,1.85,1.6703488E7,223696.0,0.0,3.6,0.06666666666666667,0.0
1377040029,4,10399.998544,211.4666370613333,2.033333333333333,1.6703488E7,335544.0,0.0,3.066666666666667,0.0,0.0
1377040329,4,10399.998544,207.99997088,2.0,1.6703488E7,290804.8,0.0,8.333333333333334,0.06666666666666667,0.0
1377040629,4,10399.998544,188.93330688266667,1.8166666666666667,1.6703488E7,55924.0,0.0,2.6,0.0,0.0
1377040929,4,10399.998544,194.13330615466666,1.8666666666666665,1.6703488E7,33554.4,0.0,2.933333333333333,0.0,0.0
1377041229,4,10399.998544,188.93330688266667,1.8166666666666667,1.6703488E7,33554.4,0.0,2.8,0.0,0.0
1377041529,4,10399.998544,190.66663997333336,1.8333333333333335,1.6703488E7,0.0,0.0,3.1333333333333333,0.0,0.0
1377041829,4,10399.998544,192.399973064,1.85,1.6703488E7,0.0,0.0,3.1333333333333333,0.0,0.0
1377042129,4,10399.998544,188.93330688266667,1.8166666666666667,1.6703488E7,156587.2,0.0,2.8,0.0,0.0
1377042429,4,10399.998544,202.79997160799996,1.95,1.6703488E7,0.0,0.0,2.933333333333333,0.0,0.0
1377042729,4,10399.998544,197.59997233599998,1.9,1.6703488E7,0.0,0.0,2.8666666666666667,0.0,0.0
1377043029,4,10399.998544,188.93330688266667,1.8166666666666667,1.6703488E7,111848.0,0.0,3.0,0.0,0.0
1377043329,4,10399.998544,194.13330615466666,1.8666666666666665,1.6703488E7,268435.2,0.0,3.6,0.06666666666666667,0.0
1377043629,4,10399.998544,192.399973064,1.85,1.6703488E7,234880.8,0.0,3.1333333333333333,0.0,0.0
1377043929,4,10399.998544,209.73330397066667,2.0166666666666666,1.6703488E7,357913.6,0.0,8.799999999999999,0.06666666666666667,0.0
1377044229,4,10399.998544,188.93330688266667,1.8166666666666667,1.6703488E7,190141.6,0.0,2.8,0.0,0.0
1377044529,4,10399.998544,190.66663997333336,1.8333333333333335,1.6703488E7,268435.2,0.0,3.1333333333333333,0.0,0.0
1377044829,4,10399.998544,188.93330688266667,1.8166666666666667,1.6703488E7,201326.4,0.0,2.6666666666666665,0.0,0.0
1377045129,4,10399.998544,188.93330688266667,1.8166666666666667,1.6703488E7,167772.0,0.0,3.466666666666667,0.0,0.0
1377045429,4,10399.998544,192.399973064,1.85,1.6703488E7,335544.0,0.0,2.933333333333333,0.0,0.0
1377045729,4,10399.998544,188.93330688266667,1.8166666666666667,1.6703488E7,134217.6,0.0,2.933333333333333,0.0,0.0
1377046029,4,10399.998544,192.399973064,1.85,1.6703488E7,234880.8,0.0,3.0,0.0,0.0
1377046329,4,10399.998544,187.199973792,1.8,1.6703488E7,268435.2,0.0,2.8666666666666667,0.0,0.0
1377046629,4,10399.998544,192.399973064,1.85,1.6703488E7,123032.8,0.0,2.933333333333333,0.0,0.0
1377046929,4,10399.998544,194.13330615466666,1.8666666666666665,1.6703488E7,78293.6,0.0,3.6,0.06666666666666667,0.0
1377047230,4,10399.998544,194.13330615466666,1.8666666666666665,1.6703488E7,167772.0,0.0,3.6,0.0,0.0
1377047529,4,10399.998544,211.4666370613333,2.033333333333333,1.6703488E7,369098.4,0.0,8.4,0.06666666666666667,0.0
1377047829,4,10399.998544,190.66663997333336,1.8333333333333335,1.6703488E7,11184.8,0.0,2.6666666666666665,0.0,0.0
1377048129,4,10399.998544,194.13330615466666,1.8666666666666665,1.6703488E7,0.0,0.0,3.2,0.0,0.0
1377048429,4,10399.998544,192.399973064,1.85,1.6703488E7,55924.0,0.0,2.8,0.0,0.0
1377048729,4,10399.998544,190.66663997333336,1.8333333333333335,1.6703488E7,78293.6,0.0,3.466666666666667,0.0,0.0
1377049029,4,10399.998544,209.73330397066667,2.0166666666666666,1.6703488E7,67108.8,0.0,11.933333333333334,0.2,0.6666666666666666
1377049329,4,10399.998544,188.93330688266667,1.8166666666666667,1.6703488E7,100663.2,0.0,2.8666666666666667,0.0,0.0
1377049629,4,10399.998544,188.93330688266667,1.8166666666666667,1.6703488E7,167772.0,0.0,3.066666666666667,0.0,0.0
1377049929,4,10399.998544,192.399973064,1.85,1.6703488E7,67108.8,0.0,2.8666666666666667,0.0,0.0
1377050229,4,10399.998544,194.13330615466666,1.8666666666666665,1.6703488E7,212511.2,0.0,2.8,0.0,0.0
1377050529,4,10399.998544,369.199948312,3.55,1.6703488E7,201326.4,0.0,5.533333333333333,1.5333333333333334,0.7333333333333333
1377050829,4,10399.998544,197.59997233599998,1.9,1.6703488E7,268435.2,0.0,4.533333333333333,0.06666666666666667,0.0
1377051129,4,10399.998544,242.66663269333333,2.3333333333333335,1.6703488E7,290804.8,0.0,24.466666666666665,6.933333333333334,0.13333333333333333
1377051429,4,10399.998544,192.399973064,1.85,1.6703488E7,212511.2,0.0,2.7333333333333334,0.0,0.0
1377051729,4,10399.998544,188.93330688266667,1.8166666666666667,1.6703488E7,279620.0,0.0,3.0,0.0,0.0
1377052029,4,10399.998544,194.13330615466666,1.8666666666666665,1.6703488E7,178956.8,0.0,2.6666666666666665,0.0,0.0
1377052329,4,10399.998544,190.66663997333336,1.8333333333333335,1.6703488E7,100663.2,0.0,3.0,0.0,0.0
1377052629,4,10399.998544,201.06663851733333,1.9333333333333333,1.6703488E7,178956.8,0.0,2.8,0.0,0.0
1377052929,4,10399.998544,192.399973064,1.85,1.6703488E7,268435.2,0.0,2.8666666666666667,0.0,0.0
1377053229,4,10399.998544,188.93330688266667,1.8166666666666667,1.6703488E7,257250.4,0.0,2.8,0.0,0.0
1377053529,4,10399.998544,194.13330615466666,1.8666666666666665,1.6703488E7,22369.6,0.0,2.7333333333333334,0.0,0.0
1377053830,4,10399.998544,197.59997233599998,1.9,1.6703488E7,123032.8,0.0,2.8666666666666667,0.0,0.0
1377054130,4,10399.998544,197.59997233599998,1.9,1.6703488E7,212511.2,0.0,3.6666666666666665,0.06666666666666667,0.0
1377054430,4,10399.998544,192.399973064,1.85,1.6703488E7,111848.0,0.0,3.2,0.0,0.0
1377054730,4,10399.998544,207.99997088,2.0,1.6703488E7,301989.6,0.0,8.466666666666667,0.06666666666666667,0.0
1377055030,4,10399.998544,192.399973064,1.85,1.6703488E7,33554.4,0.0,3.0,0.0,0.0
1377055330,4,10399.998544,188.93330688266667,1.8166666666666667,1.6703488E7,134217.6,0.0,2.933333333333333,0.0,0.0
1377055630,4,10399.998544,190.66663997333336,1.8333333333333335,1.6703488E7,223696.0,0.0,2.8,0.0,0.0
1377055930,4,10399.998544,194.13330615466666,1.8666666666666665,1.6703488E7,201326.4,0.0,3.2666666666666666,0.0,0.0
1377056230,4,10399.998544,194.13330615466666,1.8666666666666665,1.6703488E7,100663.2,0.0,3.2,0.0,0.0
1377056530,4,10399.998544,188.93330688266667,1.8166666666666667,1.6703488E7,33554.4,0.0,3.066666666666667,0.0,0.0
1377056830,4,10399.998544,190.66663997333336,1.8333333333333335,1.6703488E7,111848.0,0.0,2.8666666666666667,0.0,0.0
1377057130,4,10399.998544,192.399973064,1.85,1.6703488E7,78293.6,0.0,2.8,0.0,0.0
1377057430,4,10399.998544,188.93330688266667,1.8166666666666667,1.6703488E7,290804.8,0.0,2.8666666666666667,0.0,0.0
1377057730,4,10399.998544,194.13330615466666,1.8666666666666665,1.6703488E7,223696.0,0.0,3.6,0.06666666666666667,0.0
1377058030,4,10399.998544,197.59997233599998,1.9,1.6703488E7,89478.4,0.0,3.4,0.06666666666666667,0.0
1377058330,4,10399.998544,223.599968696,2.15,1.6703488E7,178956.8,0.0,8.333333333333334,0.06666666666666667,0.0
1377058630,4,10399.998544,187.199973792,1.8,1.6703488E7,145402.4,0.0,2.8,0.0,0.0
1377058930,4,10399.998544,188.93330688266667,1.8166666666666667,1.6703488E7,123032.8,0.0,2.933333333333333,0.0,0.0
1377059230,4,10399.998544,188.93330688266667,1.8166666666666667,1.6703488E7,100663.2,0.0,2.8666666666666667,0.0,0.0
1377059530,4,10399.998544,190.66663997333336,1.8333333333333335,1.6703488E7,178956.8,0.0,2.8,0.0,0.0
1377059830,4,10399.998544,195.86663924533335,1.8833333333333335,1.6703488E7,301989.6,0.0,3.0,0.0,0.0
1377060130,4,10399.998544,195.86663924533335,1.8833333333333335,1.6703488E7,145402.4,0.0,2.8666666666666667,0.0,0.0
1377060430,4,10399.998544,192.399973064,1.85,1.6703488E7,190141.6,0.0,2.933333333333333,0.0,0.0
1377060730,4,10399.998544,190.66663997333336,1.8333333333333335,1.6703488E7,134217.6,0.0,2.8,0.0,0.0
1377061030,4,10399.998544,187.199973792,1.8,1.6703488E7,178956.8,0.0,2.8,0.0,0.0
1377061330,4,10399.998544,194.13330615466666,1.8666666666666665,1.6703488E7,33554.4,0.0,3.7333333333333334,0.06666666666666667,0.0
1377061631,4,10399.998544,195.86663924533335,1.8833333333333335,1.6703488E7,0.0,0.0,3.0,0.0,0.0
1377061931,4,10399.998544,214.93330324266663,2.0666666666666664,1.6703488E7,469761.6,0.0,8.466666666666667,0.06666666666666667,0.0
1377062231,4,10399.998544,209.73330397066667,2.0166666666666666,1.6703488E7,290804.8,0.0,2.7333333333333334,0.0,0.0
1377062531,4,10399.998544,190.66663997333336,1.8333333333333335,1.6703488E7,178956.8,0.0,2.933333333333333,0.0,0.0
1377062831,4,10399.998544,188.93330688266667,1.8166666666666667,1.6703488E7,123032.8,0.0,2.7333333333333334,0.0,0.0
1377063131,4,10399.998544,187.199973792,1.8,1.6703488E7,0.0,0.0,2.8,0.0,0.0
1377063431,4,10399.998544,192.399973064,1.85,1.6703488E7,257250.4,0.0,3.0,0.0,0.0
1377063731,4,10399.998544,188.93330688266667,1.8166666666666667,1.6703488E7,134217.6,0.0,2.7333333333333334,0.0,0.0
1377064031,4,10399.998544,190.66663997333336,1.8333333333333335,1.6703488E7,134217.6,0.0,2.6,0.0,0.0
1377064331,4,10399.998544,199.33330542666667,1.9166666666666665,1.6703488E7,190141.6,0.0,2.7333333333333334,0.0,0.0
1377064631,4,10399.998544,202.79997160799996,1.95,1.6703488E7,0.0,0.0,2.7333333333333334,0.0,0.0
1377064931,4,10399.998544,211.4666370613333,2.033333333333333,1.6703488E7,0.0,0.0,8.733333333333333,0.06666666666666667,0.2
1377065231,4,10399.998544,195.86663924533335,1.8833333333333335,1.6703488E7,123032.8,0.0,3.066666666666667,0.0,0.0
1377065531,4,10399.998544,206.26663778933332,1.9833333333333334,1.6703488E7,100663.2,0.0,8.4,0.06666666666666667,0.0
1377065831,4,10399.998544,188.93330688266667,1.8166666666666667,1.6703488E7,100663.2,0.0,2.8666666666666667,0.0,0.0
1377066131,4,10399.998544,187.199973792,1.8,1.6703488E7,167772.0,0.0,3.0,0.0,0.0
1377066431,4,10399.998544,190.66663997333336,1.8333333333333335,1.6703488E7,78293.6,0.0,2.8,0.0,0.0
1377066731,4,10399.998544,190.66663997333336,1.8333333333333335,1.6703488E7,33554.4,0.0,3.2,0.0,0.0
1377067031,4,10399.998544,194.13330615466666,1.8666666666666665,1.6703488E7,134217.6,0.0,3.0,0.0,0.0
1377067331,4,10399.998544,187.199973792,1.8,1.6703488E7,33554.4,0.0,3.066666666666667,0.0,0.0
1377067631,4,10399.998544,188.93330688266667,1.8166666666666667,1.6703488E7,100663.2,0.0,2.8,0.0,0.0
1377067931,4,10399.998544,192.399973064,1.85,1.6703488E7,212511.2,0.0,3.066666666666667,0.0,0.0
1377068231,4,10399.998544,188.93330688266667,1.8166666666666667,1.6703488E7,234880.8,0.0,2.8,0.0,0.0
1377068531,4,10399.998544,194.13330615466666,1.8666666666666665,1.6703488E7,223696.0,0.0,3.8666666666666667,0.06666666666666667,0.0
1377068831,4,10399.998544,194.13330615466666,1.8666666666666665,1.6703488E7,178956.8,0.0,3.533333333333333,0.0,0.0
1377069131,4,10399.998544,207.99997088,2.0,1.6703488E7,570424.8,0.0,8.466666666666667,0.06666666666666667,0.0
1377069432,4,10399.998544,187.199973792,1.8,1.6703488E7,301989.6,0.0,2.8,0.0,0.0
1377069732,4,10399.998544,187.199973792,1.8,1.6703488E7,301989.6,0.0,3.066666666666667,0.0,0.0
1377070032,4,10399.998544,187.199973792,1.8,1.6703488E7,369098.4,0.0,2.7333333333333334,0.0,0.0
1377070332,4,10399.998544,187.199973792,1.8,1.6703488E7,134217.6,0.0,3.2666666666666666,0.0,0.0
1377070632,4,10399.998544,192.399973064,1.85,1.6703488E7,156587.2,0.0,2.8666666666666667,0.0,0.0
1377070932,4,10399.998544,192.399973064,1.85,1.6703488E7,313174.4,0.0,2.8666666666666667,0.0,0.0
1377071232,4,10399.998544,187.199973792,1.8,1.6703488E7,67108.8,0.0,2.8,0.0,0.0
1377071532,4,10399.998544,187.199973792,1.8,1.6703488E7,246065.6,0.0,3.066666666666667,0.0,0.0
1377071832,4,10399.998544,188.93330688266667,1.8166666666666667,1.6703488E7,100663.2,0.0,2.8666666666666667,0.0,0.0
1377072132,4,10399.998544,214.93330324266663,2.0666666666666664,1.6703488E7,212511.2,0.0,3.6,0.06666666666666667,0.0
1377072432,4,10399.998544,192.399973064,1.85,1.6703488E7,246065.6,0.0,3.2666666666666666,0.0,0.0
1377072732,4,10399.998544,209.73330397066667,2.0166666666666666,1.6703488E7,156587.2,0.0,8.666666666666666,0.06666666666666667,0.0
1377073032,4,10399.998544,187.199973792,1.8,1.6703488E7,223696.0,0.0,3.0,0.0,0.0
1377073332,4,10399.998544,187.199973792,1.8,1.6703488E7,156587.2,0.0,3.0,0.0,0.0
1377073632,4,10399.998544,187.199973792,1.8,1.6703488E7,111848.0,0.0,3.0,0.0,0.0
1377073932,4,10399.998544,187.199973792,1.8,1.6703488E7,257250.4,0.0,3.066666666666667,0.0,0.0
1377074232,4,10399.998544,206.26663778933332,1.9833333333333334,1.6703488E7,357913.6,0.0,9.333333333333332,3.2,0.0
1377074532,4,10399.998544,207.99997088,2.0,1.6703488E7,246065.6,0.0,12.733333333333334,4.6,0.06666666666666667
1377074832,4,10399.998544,2371.1996680320003,22.8,1.6703488E7,1442839.2,0.0,22.53333333333333,200.66666666666666,73.2
1377075132,4,10399.998544,1715.99975976,16.5,1.6703488E7,1744828.8,0.0,23.466666666666665,158.0,44.06666666666667
1377075432,4,10399.998544,1861.599739376,17.9,1.6703488E7,1867861.6,0.0,25.133333333333333,145.8,108.06666666666666
1377075732,4,10399.998544,237.4666334213333,2.283333333333333,1.6703488E7,1330991.2,0.0,13.666666666666668,4.933333333333334,0.4666666666666667
1377076032,4,10399.998544,214.93330324266663,2.0666666666666664,1.6703488E7,279620.0,0.0,12.266666666666666,4.533333333333333,0.0
1377076332,4,10399.998544,228.79996796800003,2.2,1.6703488E7,335544.0,0.0,17.666666666666668,4.533333333333333,0.0
1377076632,4,10399.998544,213.199970152,2.05,1.6703488E7,111848.0,0.0,12.2,4.4,0.0
1377076932,4,10399.998544,207.99997088,2.0,1.6703488E7,190141.6,0.0,12.066666666666666,4.533333333333333,0.0
1377077232,4,10399.998544,213.199970152,2.05,1.6703488E7,324359.2,0.0,12.133333333333333,4.466666666666667,0.0
1377077532,4,10399.998544,218.399969424,2.1,1.6703488E7,301989.6,0.0,13.933333333333334,4.8,0.3333333333333333
1377077832,4,10399.998544,213.199970152,2.05,1.6703488E7,324359.2,0.0,12.066666666666666,4.466666666666667,0.0
1377078132,4,10399.998544,207.99997088,2.0,1.6703488E7,246065.6,0.0,12.133333333333333,4.533333333333333,0.0
1377078432,4,10399.998544,213.199970152,2.05,1.6703488E7,212511.2,0.0,11.933333333333334,4.466666666666667,0.0
1377078732,4,10399.998544,207.99997088,2.0,1.6703488E7,268435.2,0.0,12.466666666666667,4.466666666666667,0.0
1377079032,4,10399.998544,213.199970152,2.05,1.6703488E7,268435.2,0.0,11.733333333333334,4.533333333333333,0.0
1377079332,4,10399.998544,207.99997088,2.0,1.6703488E7,190141.6,0.0,13.266666666666666,4.6,0.0
1377079632,4,10399.998544,220.1333025146667,2.1166666666666667,1.6703488E7,301989.6,0.0,12.8,4.533333333333333,0.0
1377079932,4,10399.998544,228.79996796800003,2.2,1.6703488E7,346728.8,0.0,17.8,4.533333333333333,0.0
1377080232,4,10399.998544,213.199970152,2.05,1.6703488E7,22369.6,0.0,12.466666666666667,4.533333333333333,0.0
1377080532,4,10399.998544,207.99997088,2.0,1.6703488E7,55924.0,0.0,11.866666666666667,4.533333333333333,0.0
1377080832,4,10399.998544,213.199970152,2.05,1.6703488E7,0.0,0.0,11.933333333333334,4.533333333333333,0.0
1377081132,4,10399.998544,207.99997088,2.0,1.6703488E7,145402.4,0.0,12.533333333333335,4.533333333333333,0.0
1377081432,4,10399.998544,213.199970152,2.05,1.6703488E7,145402.4,0.0,12.333333333333334,4.466666666666667,0.0
1377081732,4,10399.998544,207.99997088,2.0,1.6703488E7,111848.0,0.0,12.2,4.533333333333333,0.0
1377082032,4,10399.998544,213.199970152,2.05,1.6703488E7,335544.0,0.0,12.2,4.6,0.0
1377082332,4,10399.998544,207.99997088,2.0,1.6703488E7,145402.4,0.0,12.2,4.4,0.0
1377082632,4,10399.998544,213.199970152,2.05,1.6703488E7,145402.4,0.0,11.933333333333334,4.4,0.0
1377082932,4,10399.998544,209.73330397066667,2.0166666666666666,1.6703488E7,167772.0,0.0,12.866666666666667,4.466666666666667,0.0
1377083232,4,10399.998544,214.93330324266663,2.0666666666666664,1.6703488E7,190141.6,0.0,12.466666666666667,4.533333333333333,0.0
1377083532,4,10399.998544,228.79996796800003,2.2,1.6703488E7,313174.4,0.0,17.8,4.533333333333333,0.0
1377083832,4,10399.998544,213.199970152,2.05,1.6703488E7,201326.4,0.0,11.733333333333334,4.6,0.0
1377084132,4,10399.998544,207.99997088,2.0,1.6703488E7,234880.8,0.0,12.066666666666666,4.466666666666667,0.0
1377084432,4,10399.998544,213.199970152,2.05,1.6703488E7,447392.0,0.0,12.066666666666666,4.533333333333333,0.06666666666666667
1377084732,4,10399.998544,207.99997088,2.0,1.6703488E7,313174.4,0.0,12.133333333333333,4.6,0.06666666666666667
1377085032,4,10399.998544,213.199970152,2.05,1.6703488E7,257250.4,0.0,11.866666666666667,4.4,0.0
1377085332,4,10399.998544,211.4666370613333,2.033333333333333,1.6703488E7,201326.4,0.0,12.133333333333333,4.466666666666667,0.0
1377085632,4,10399.998544,209.73330397066667,2.0166666666666666,1.6703488E7,257250.4,0.0,11.6,4.266666666666667,0.0
1377085932,4,10399.998544,225.33330178666662,2.1666666666666665,1.6703488E7,89478.4,0.0,12.333333333333334,4.866666666666666,0.0
1377086232,4,10399.998544,220.1333025146667,2.1166666666666667,1.6703488E7,201326.4,0.0,13.8,5.2,0.0
1377086532,4,10399.998544,800.7998878880001,7.7,1.6703488E7,760566.4,0.0,17.266666666666666,130.8,26.133333333333333
1377086832,4,10399.998544,2001.99971972,19.25,1.6703488E7,1845492.0,0.0,25.333333333333336,65.93333333333334,40.06666666666667
1377087132,4,10399.998544,1802.666414293333,17.333333333333332,1.6703488E7,1778383.2,0.0,35.4,119.4,44.6
1377087432,4,10399.998544,448.9332704826666,4.316666666666666,1.6703488E7,1823122.4,0.0,26.0,5.666666666666667,1.9333333333333333
1377087732,4,10399.998544,207.99997088,2.0,1.6703488E7,548055.2,0.0,12.266666666666666,4.533333333333333,0.0
1377088032,4,10399.998544,282.5332937786667,2.716666666666667,1.6703488E7,156587.2,0.0,13.399999999999999,10.8,6.866666666666666
1377088332,4,10399.998544,2024.5330498986668,19.46666666666667,1.6703488E7,1767198.4,0.0,23.53333333333333,151.33333333333334,181.73333333333332
1377088633,4,10399.998544,1700.3997619440001,16.35,1.6703488E7,1879046.4,0.0,24.666666666666664,110.33333333333333,113.8
1377088933,4,10399.998544,1736.7997568479998,16.7,1.6703488E7,1688904.8,0.0,25.0,95.53333333333333,39.333333333333336
1377089233,4,10399.998544,214.93330324266663,2.0666666666666664,1.6703488E7,1308621.6,0.0,12.2,4.466666666666667,0.0
1377089533,4,10399.998544,207.99997088,2.0,1.6703488E7,268435.2,0.0,12.0,4.466666666666667,0.06666666666666667
1377089833,4,10399.998544,213.199970152,2.05,1.6703488E7,201326.4,0.0,12.266666666666666,4.6,0.0
1377090133,4,10399.998544,211.4666370613333,2.033333333333333,1.6703488E7,145402.4,0.0,13.133333333333333,4.6,0.0
1377090433,4,10399.998544,1343.3331452666669,12.916666666666668,1.6703488E7,905968.8,0.0,18.666666666666668,122.33333333333333,42.06666666666667
1377090733,4,10399.998544,2105.99970516,20.25,1.6703488E7,1733644.0,0.0,29.933333333333337,73.13333333333334,35.4
1377091033,4,10399.998544,1951.7330600906666,18.766666666666666,1.6703488E7,1688904.8,0.0,25.133333333333333,121.53333333333333,47.13333333333333
1377091333,4,10399.998544,610.1332479146666,5.866666666666666,1.6703488E7,1979709.6,0.0,16.333333333333332,19.8,7.4
1377091633,4,10399.998544,209.73330397066667,2.0166666666666666,1.6703488E7,771751.2,0.0,12.066666666666666,4.533333333333333,0.0
1377091933,4,10399.998544,207.99997088,2.0,1.6703488E7,167772.0,0.0,12.533333333333333,4.533333333333333,0.0
1377092233,4,10399.998544,211.4666370613333,2.033333333333333,1.6703488E7,178956.8,0.0,12.6,4.466666666666667,0.0
1377092533,4,10399.998544,206.26663778933332,1.9833333333333334,1.6703488E7,100663.2,0.0,12.466666666666667,4.466666666666667,0.0
1377092833,4,10399.998544,209.73330397066667,2.0166666666666666,1.6703488E7,134217.6,0.0,12.133333333333333,4.4,0.0
1377093133,4,10399.998544,218.399969424,2.1,1.6703488E7,190141.6,0.0,14.266666666666666,4.8,0.3333333333333333
1377093433,4,10399.998544,211.4666370613333,2.033333333333333,1.6703488E7,134217.6,0.0,12.066666666666666,4.533333333333333,0.0
1377093733,4,10399.998544,209.73330397066667,2.0166666666666666,1.6703488E7,257250.4,0.0,12.666666666666666,4.6,0.0
1377094033,4,10399.998544,214.93330324266663,2.0666666666666664,1.6703488E7,346728.8,0.0,11.933333333333334,4.4,0.0
1377094333,4,10399.998544,227.06663487733334,2.1833333333333336,1.6703488E7,570424.8,0.0,17.733333333333334,4.6,0.06666666666666667
1377094633,4,10399.998544,211.4666370613333,2.033333333333333,1.6703488E7,201326.4,0.0,12.066666666666666,4.466666666666667,0.0
1377094933,4,10399.998544,207.99997088,2.0,1.6703488E7,11184.8,0.0,12.2,4.533333333333333,0.0
1377095233,4,10399.998544,221.86663560533333,2.1333333333333333,1.6703488E7,234880.8,0.0,11.8,4.4,0.0
1377095533,4,10399.998544,207.99997088,2.0,1.6703488E7,212511.2,0.0,12.333333333333332,4.466666666666667,0.0
1377095833,4,10399.998544,213.199970152,2.05,1.6703488E7,167772.0,0.0,12.2,4.4,0.0
1377096133,4,10399.998544,207.99997088,2.0,1.6703488E7,167772.0,0.0,12.066666666666666,4.533333333333333,0.0
1377096433,4,10399.998544,211.4666370613333,2.033333333333333,1.6703488E7,324359.2,0.0,12.133333333333333,4.6,0.0
1377096733,4,10399.998544,207.99997088,2.0,1.6703488E7,246065.6,0.0,12.333333333333332,4.533333333333333,0.0
1377097033,4,10399.998544,209.73330397066667,2.0166666666666666,1.6703488E7,335544.0,0.0,12.2,4.466666666666667,0.0
1377097333,4,10399.998544,211.4666370613333,2.033333333333333,1.6703488E7,268435.2,0.0,13.066666666666666,4.733333333333333,0.06666666666666667
1377097633,4,10399.998544,213.199970152,2.05,1.6703488E7,167772.0,0.0,12.133333333333333,4.533333333333333,0.0
1377097933,4,10399.998544,227.06663487733334,2.1833333333333336,1.6703488E7,134217.6,0.0,17.53333333333333,4.6,0.06666666666666667
1377098234,4,10399.998544,213.199970152,2.05,1.6703488E7,190141.6,0.0,11.666666666666668,4.466666666666667,0.0
1377098534,4,10399.998544,207.99997088,2.0,1.6703488E7,100663.2,0.0,12.2,4.466666666666667,0.0
1377098834,4,10399.998544,213.199970152,2.05,1.6703488E7,223696.0,0.0,12.0,4.533333333333333,0.0
1377099134,4,10399.998544,207.99997088,2.0,1.6703488E7,167772.0,0.0,12.2,4.533333333333333,0.0
1377099434,4,10399.998544,213.199970152,2.05,1.6703488E7,78293.6,0.0,12.133333333333333,4.6,0.0
1377099734,4,10399.998544,216.66663633333334,2.0833333333333335,1.6703488E7,123032.8,0.0,12.2,4.466666666666667,0.06666666666666667
1377100034,4,10399.998544,223.599968696,2.15,1.6703488E7,178956.8,0.0,11.933333333333334,4.533333333333333,0.06666666666666667
1377100334,4,10399.998544,207.99997088,2.0,1.6703488E7,268435.2,0.0,12.2,4.466666666666667,0.0
1377100634,4,10399.998544,213.199970152,2.05,1.6703488E7,167772.0,0.0,11.933333333333334,4.533333333333333,0.0
1377100934,4,10399.998544,207.99997088,2.0,1.6703488E7,11184.8,0.0,13.0,4.666666666666667,0.0
1377101234,4,10399.998544,216.66663633333334,2.0833333333333335,1.6703488E7,257250.4,0.0,13.2,4.466666666666667,0.06666666666666667
1377101534,4,10399.998544,228.79996796800003,2.2,1.6703488E7,335544.0,0.0,17.6,4.6,0.0
1377101834,4,10399.998544,213.199970152,2.05,1.6703488E7,111848.0,0.0,12.333333333333332,4.4,0.06666666666666667
1377102134,4,10399.998544,207.99997088,2.0,1.6703488E7,234880.8,0.0,12.133333333333333,4.533333333333333,0.06666666666666667
1377102434,4,10399.998544,213.199970152,2.05,1.6703488E7,67108.8,0.0,12.266666666666666,4.533333333333333,0.0
1377102734,4,10399.998544,207.99997088,2.0,1.6703488E7,134217.6,0.0,11.933333333333334,4.533333333333333,0.0
1377103034,4,10399.998544,213.199970152,2.05,1.6703488E7,89478.4,0.0,12.4,4.533333333333333,0.0
1377103334,4,10399.998544,207.99997088,2.0,1.6703488E7,11184.8,0.0,12.2,4.466666666666667,0.0
1377103634,4,10399.998544,211.4666370613333,2.033333333333333,1.6703488E7,0.0,0.0,12.266666666666666,4.466666666666667,0.0
1377103934,4,10399.998544,207.99997088,2.0,1.6703488E7,156587.2,0.0,12.066666666666666,4.6,0.06666666666666667
1377104234,4,10399.998544,213.199970152,2.05,1.6703488E7,167772.0,0.0,12.133333333333333,4.466666666666667,0.0
1377104534,4,10399.998544,213.199970152,2.05,1.6703488E7,123032.8,0.0,13.0,4.666666666666667,0.06666666666666667
1377104834,4,10399.998544,211.4666370613333,2.033333333333333,1.6703488E7,167772.0,0.0,12.066666666666666,4.6,0.06666666666666667
1377105134,4,10399.998544,228.79996796800003,2.2,1.6703488E7,246065.6,0.0,17.8,4.6,0.0
1377105434,4,10399.998544,213.199970152,2.05,1.6703488E7,167772.0,0.0,12.066666666666666,4.466666666666667,0.0
1377105735,4,10399.998544,207.99997088,2.0,1.6703488E7,22369.6,0.0,12.266666666666666,4.466666666666667,0.0
1377106035,4,10399.998544,213.199970152,2.05,1.6703488E7,89478.4,0.0,12.333333333333334,4.533333333333333,0.0
1377106335,4,10399.998544,207.99997088,2.0,1.6703488E7,55924.0,0.0,12.266666666666666,4.666666666666667,0.06666666666666667
1377106635,4,10399.998544,211.4666370613333,2.033333333333333,1.6703488E7,123032.8,0.0,12.0,4.6,0.0
1377106935,4,10399.998544,207.99997088,2.0,1.6703488E7,178956.8,0.0,12.133333333333333,4.6,0.0
1377107235,4,10399.998544,213.199970152,2.05,1.6703488E7,123032.8,0.0,11.733333333333334,4.533333333333333,0.0
1377107535,4,10399.998544,207.99997088,2.0,1.6703488E7,167772.0,0.0,12.066666666666666,4.466666666666667,0.0
1377107835,4,10399.998544,213.199970152,2.05,1.6703488E7,167772.0,0.0,11.933333333333334,4.466666666666667,0.06666666666666667
1377108135,4,10399.998544,211.4666370613333,2.033333333333333,1.6703488E7,268435.2,0.0,12.666666666666666,4.6,0.06666666666666667
1377108435,4,10399.998544,216.66663633333334,2.0833333333333335,1.6703488E7,369098.4,0.0,11.933333333333334,4.466666666666667,0.0
1377108735,4,10399.998544,228.79996796800003,2.2,1.6703488E7,447392.0,0.0,17.53333333333333,4.4,0.0
1377109035,4,10399.998544,213.199970152,2.05,1.6703488E7,123032.8,0.0,12.0,4.533333333333333,0.0
1377109335,4,10399.998544,225.33330178666662,2.1666666666666665,1.6703488E7,234880.8,0.0,12.266666666666666,4.466666666666667,0.0
1377109635,4,10399.998544,213.199970152,2.05,1.6703488E7,178956.8,0.0,11.866666666666667,4.6,0.0
1377109935,4,10399.998544,209.73330397066667,2.0166666666666666,1.6703488E7,123032.8,0.0,12.266666666666666,4.533333333333333,0.0
1377110235,4,10399.998544,213.199970152,2.05,1.6703488E7,123032.8,0.0,12.4,4.4,0.0
1377110535,4,10399.998544,207.99997088,2.0,1.6703488E7,212511.2,0.0,12.2,4.466666666666667,0.0
1377110835,4,10399.998544,213.199970152,2.05,1.6703488E7,89478.4,0.0,12.133333333333333,4.6,0.0
1377111135,4,10399.998544,207.99997088,2.0,1.6703488E7,0.0,0.0,11.866666666666667,4.466666666666667,0.0
1377111435,4,10399.998544,190.66663997333336,1.8333333333333335,1.6703488E7,33554.4,0.0,3.6666666666666665,0.26666666666666666,0.0
1377111735,4,10399.998544,187.199973792,1.8,1.6703488E7,145402.4,0.0,3.7333333333333334,0.06666666666666667,0.0
1377112036,4,10399.998544,192.399973064,1.85,1.6703488E7,279620.0,0.0,3.466666666666667,0.0,0.0
1377112336,4,10399.998544,202.79997160799996,1.95,1.6703488E7,223696.0,0.0,8.533333333333333,0.06666666666666667,0.0
1377112636,4,10399.998544,187.199973792,1.8,1.6703488E7,156587.2,0.0,2.6666666666666665,0.0,0.0
1377112935,4,10399.998544,181.99997452,1.75,1.6703488E7,22369.6,0.0,2.933333333333333,0.0,0.0
1377113235,4,10399.998544,187.199973792,1.8,1.6703488E7,78293.6,0.0,2.6,0.0,0.0
1377113535,4,10399.998544,187.199973792,1.8,1.6703488E7,11184.8,0.0,2.8666666666666667,0.0,0.0
1377113835,4,10399.998544,188.93330688266667,1.8166666666666667,1.6703488E7,44739.2,0.0,3.1333333333333333,0.0,0.0
1377114135,4,10399.998544,181.99997452,1.75,1.6703488E7,257250.4,0.0,2.8666666666666667,0.0,0.0
1377114435,4,10399.998544,187.199973792,1.8,1.6703488E7,123032.8,0.0,2.8666666666666667,0.0,0.0
1377114735,4,10399.998544,183.73330761066666,1.7666666666666666,1.6703488E7,67108.8,0.0,2.8666666666666667,0.0,0.0
1377115035,4,10399.998544,188.93330688266667,1.8166666666666667,1.6703488E7,78293.6,0.0,2.8666666666666667,0.0,0.0
1377115335,4,10399.998544,188.93330688266667,1.8166666666666667,1.6703488E7,89478.4,0.0,3.6666666666666665,0.06666666666666667,0.0
1377115635,4,10399.998544,194.13330615466666,1.8666666666666665,1.6703488E7,145402.4,0.0,2.8666666666666667,0.0,0.0
1377115935,4,10399.998544,204.53330469866665,1.9666666666666666,1.6703488E7,257250.4,0.0,8.666666666666666,0.06666666666666667,0.0
1377116235,4,10399.998544,188.93330688266667,1.8166666666666667,1.6703488E7,100663.2,0.0,2.7333333333333334,0.0,0.0
1377116535,4,10399.998544,183.73330761066666,1.7666666666666666,1.6703488E7,33554.4,0.0,3.066666666666667,0.0,0.0
1377116835,4,10399.998544,188.93330688266667,1.8166666666666667,1.6703488E7,0.0,0.0,2.7333333333333334,0.0,0.0
1377117135,4,10399.998544,185.46664070133335,1.7833333333333334,1.6703488E7,11184.8,0.0,2.8666666666666667,0.0,0.0
1377117435,4,10399.998544,187.199973792,1.8,1.6703488E7,55924.0,0.0,3.1333333333333333,0.0,0.0
1377117735,4,10399.998544,183.73330761066666,1.7666666666666666,1.6703488E7,0.0,0.0,2.8,0.0,0.0
1377118036,4,10399.998544,187.199973792,1.8,1.6703488E7,111848.0,0.0,3.0,0.0,0.0
1377118336,4,10399.998544,185.46664070133335,1.7833333333333334,1.6703488E7,55924.0,0.0,2.933333333333333,0.0,0.0
1377118636,4,10399.998544,192.399973064,1.85,1.6703488E7,78293.6,0.0,2.8,0.0,0.0
1377118936,4,10399.998544,190.66663997333336,1.8333333333333335,1.6703488E7,111848.0,0.0,3.7333333333333334,0.06666666666666667,0.0
1377119236,4,10399.998544,195.86663924533335,1.8833333333333335,1.6703488E7,123032.8,0.0,3.066666666666667,0.0,0.0
1377119536,4,10399.998544,202.79997160799996,1.95,1.6703488E7,268435.2,0.0,8.6,0.06666666666666667,0.0
1377119836,4,10399.998544,190.66663997333336,1.8333333333333335,1.6703488E7,301989.6,0.0,2.8666666666666667,0.0,0.0
1377120136,4,10399.998544,190.66663997333336,1.8333333333333335,1.6703488E7,111848.0,0.0,3.0,0.0,0.0
1377120436,4,10399.998544,187.199973792,1.8,1.6703488E7,134217.6,0.0,2.6666666666666665,0.0,0.0
1377120736,4,10399.998544,181.99997452,1.75,1.6703488E7,0.0,0.0,3.2,0.0,0.0
1377121036,4,10399.998544,187.199973792,1.8,1.6703488E7,156587.2,0.0,3.2,0.0,0.0
1377121336,4,10399.998544,190.66663997333336,1.8333333333333335,1.6703488E7,145402.4,0.0,3.0,0.0,0.0
1377121636,4,10399.998544,188.93330688266667,1.8166666666666667,1.6703488E7,134217.6,0.0,2.933333333333333,0.0,0.0
1377121936,4,10399.998544,188.93330688266667,1.8166666666666667,1.6703488E7,167772.0,0.0,2.933333333333333,0.0,0.0
1377122236,4,10399.998544,188.93330688266667,1.8166666666666667,1.6703488E7,201326.4,0.0,3.933333333333333,0.0,0.0
1377122537,4,10399.998544,192.399973064,1.85,1.6703488E7,234880.8,0.0,3.7333333333333334,0.06666666666666667,0.0
1377122837,4,10399.998544,195.86663924533335,1.8833333333333335,1.6703488E7,201326.4,0.0,3.6,0.0,0.0
1377123137,4,10399.998544,209.73330397066667,2.0166666666666666,1.6703488E7,335544.0,0.0,8.6,0.06666666666666667,0.0
1377123437,4,10399.998544,187.199973792,1.8,1.6703488E7,0.0,0.0,2.8,0.0,0.0
1377123737,4,10399.998544,187.199973792,1.8,1.6703488E7,100663.2,0.0,2.8666666666666667,0.0,0.0
1377124037,4,10399.998544,187.199973792,1.8,1.6703488E7,100663.2,0.0,2.933333333333333,0.0,0.0
1377124337,4,10399.998544,187.199973792,1.8,1.6703488E7,134217.6,0.0,3.1333333333333333,0.0,0.0
1377124637,4,10399.998544,197.59997233599998,1.9,1.6703488E7,201326.4,0.0,3.1333333333333333,0.0,0.0
1377124937,4,10399.998544,209.73330397066667,2.0166666666666666,1.6703488E7,33554.4,0.0,10.466666666666667,0.6,0.9333333333333333
1377125237,4,10399.998544,237.4666334213333,2.283333333333333,1.6703488E7,503316.0,0.0,21.73333333333333,0.2,0.4666666666666667
1377125537,4,10399.998544,190.66663997333336,1.8333333333333335,1.6703488E7,67108.8,0.0,2.8666666666666667,0.0,0.0
1377125837,4,10399.998544,187.199973792,1.8,1.6703488E7,100663.2,0.0,2.8,0.0,0.0
1377126137,4,10399.998544,194.13330615466666,1.8666666666666665,1.6703488E7,268435.2,0.0,3.7333333333333334,0.06666666666666667,0.0
1377126437,4,10399.998544,192.399973064,1.85,1.6703488E7,234880.8,0.0,2.933333333333333,0.0,0.0
1377126737,4,10399.998544,211.4666370613333,2.033333333333333,1.6703488E7,301989.6,0.0,8.6,0.06666666666666667,0.0
1377127037,4,10399.998544,190.66663997333336,1.8333333333333335,1.6703488E7,100663.2,0.0,2.8,0.0,0.0
1377127337,4,10399.998544,192.399973064,1.85,1.6703488E7,78293.6,0.0,2.933333333333333,0.0,0.0
1377127637,4,10399.998544,188.93330688266667,1.8166666666666667,1.6703488E7,33554.4,0.0,2.7333333333333334,0.0,0.0
1377127937,4,10399.998544,190.66663997333336,1.8333333333333335,1.6703488E7,33554.4,0.0,3.1333333333333333,0.0,0.0
1377128237,4,10399.998544,190.66663997333336,1.8333333333333335,1.6703488E7,111848.0,0.0,3.2,0.0,0.0
1377128537,4,10399.998544,187.199973792,1.8,1.6703488E7,190141.6,0.0,2.933333333333333,0.0,0.0
1377128837,4,10399.998544,194.13330615466666,1.8666666666666665,1.6703488E7,100663.2,0.0,3.066666666666667,0.0,0.0
1377129137,4,10399.998544,192.399973064,1.85,1.6703488E7,134217.6,0.0,2.8,0.0,0.0
1377129437,4,10399.998544,192.399973064,1.85,1.6703488E7,111848.0,0.0,2.933333333333333,0.0,0.0
1377129737,4,10399.998544,194.13330615466666,1.8666666666666665,1.6703488E7,234880.8,0.0,3.6,0.06666666666666667,0.0
1377130037,4,10399.998544,194.13330615466666,1.8666666666666665,1.6703488E7,178956.8,0.0,3.0,0.0,0.0
1377130337,4,10399.998544,211.4666370613333,2.033333333333333,1.6703488E7,156587.2,0.0,8.666666666666666,0.06666666666666667,0.0
1377130637,4,10399.998544,190.66663997333336,1.8333333333333335,1.6703488E7,78293.6,0.0,2.6666666666666665,0.0,0.0
1377130937,4,10399.998544,190.66663997333336,1.8333333333333335,1.6703488E7,0.0,0.0,3.066666666666667,0.0,0.0
1377131237,4,10399.998544,187.199973792,1.8,1.6703488E7,33554.4,0.0,2.8666666666666667,0.0,0.0
1377131537,4,10399.998544,188.93330688266667,1.8166666666666667,1.6703488E7,22369.6,0.0,3.2666666666666666,0.0,0.0
1377131837,4,10399.998544,190.66663997333336,1.8333333333333335,1.6703488E7,156587.2,0.0,3.066666666666667,0.0,0.0
1377132138,4,10399.998544,188.93330688266667,1.8166666666666667,1.6703488E7,156587.2,0.0,2.8666666666666667,0.0,0.0
1377132438,4,10399.998544,187.199973792,1.8,1.6703488E7,145402.4,0.0,2.8666666666666667,0.0,0.0
1377132738,4,10399.998544,199.33330542666667,1.9166666666666665,1.6703488E7,111848.0,0.0,2.8,0.0,0.0
1377133038,4,10399.998544,201.06663851733333,1.9333333333333333,1.6703488E7,44739.2,0.0,2.933333333333333,0.0,0.0
1377133338,4,10399.998544,194.13330615466666,1.8666666666666665,1.6703488E7,145402.4,0.0,3.7333333333333334,0.06666666666666667,0.0
1377133638,4,10399.998544,192.399973064,1.85,1.6703488E7,201326.4,0.0,3.533333333333333,0.0,0.0
1377133938,4,10399.998544,218.399969424,2.1,1.6703488E7,234880.8,0.0,67.8,15.066666666666666,0.13333333333333333
1377134238,4,10399.998544,190.66663997333336,1.8333333333333335,1.6703488E7,167772.0,0.0,2.7333333333333334,0.0,0.0
1377134538,4,10399.998544,188.93330688266667,1.8166666666666667,1.6703488E7,145402.4,0.0,3.066666666666667,0.0,0.0
1377134838,4,10399.998544,187.199973792,1.8,1.6703488E7,100663.2,0.0,2.7333333333333334,0.0,0.0
1377135138,4,10399.998544,190.66663997333336,1.8333333333333335,1.6703488E7,0.0,0.0,3.066666666666667,0.0,0.0
1377135438,4,10399.998544,216.66663633333334,2.0833333333333335,1.6703488E7,190141.6,0.0,11.533333333333335,0.2,0.6666666666666666
1377135738,4,10399.998544,190.66663997333336,1.8333333333333335,1.6703488E7,190141.6,0.0,2.7333333333333334,0.0,0.0
1377136038,4,10399.998544,192.399973064,1.85,1.6703488E7,111848.0,0.0,2.8,0.0,0.0
1377136338,4,10399.998544,192.399973064,1.85,1.6703488E7,0.0,0.0,2.8666666666666667,0.0,0.0
1377136638,4,10399.998544,188.93330688266667,1.8166666666666667,1.6703488E7,100663.2,0.0,2.7333333333333334,0.0,0.0
1377136938,4,10399.998544,358.79994976800003,3.45,1.6703488E7,55924.0,0.0,5.933333333333333,1.5333333333333334,0.7333333333333333
1377137238,4,10399.998544,199.33330542666667,1.9166666666666665,1.6703488E7,167772.0,0.0,4.466666666666667,0.0,0.0
1377137538,4,10399.998544,220.1333025146667,2.1166666666666667,1.6703488E7,279620.0,0.0,20.666666666666668,6.933333333333334,0.2
1377137838,4,10399.998544,213.199970152,2.05,1.6703488E7,458576.8,0.0,8.533333333333333,0.0,0.0
1377138138,4,10399.998544,190.66663997333336,1.8333333333333335,1.6703488E7,89478.4,0.0,2.8,0.0,0.0
1377138438,4,10399.998544,190.66663997333336,1.8333333333333335,1.6703488E7,134217.6,0.0,2.8,0.0,0.0
1377138738,4,10399.998544,188.93330688266667,1.8166666666666667,1.6703488E7,134217.6,0.0,2.8666666666666667,0.0,0.0
1377139038,4,10399.998544,194.13330615466666,1.8666666666666665,1.6703488E7,145402.4,0.0,3.2,0.0,0.0
1377139338,4,10399.998544,188.93330688266667,1.8166666666666667,1.6703488E7,0.0,0.0,3.1333333333333333,0.0,0.0
1377139638,4,10399.998544,190.66663997333336,1.8333333333333335,1.6703488E7,89478.4,0.0,3.0,0.0,0.0
1377139938,4,10399.998544,187.199973792,1.8,1.6703488E7,212511.2,0.0,3.0,0.0,0.0
1377140238,4,10399.998544,188.93330688266667,1.8166666666666667,1.6703488E7,100663.2,0.0,2.933333333333333,0.0,0.0
1377140538,4,10399.998544,194.13330615466666,1.8666666666666665,1.6703488E7,123032.8,0.0,3.7333333333333334,0.13333333333333333,0.0
1377140838,4,10399.998544,192.399973064,1.85,1.6703488E7,67108.8,0.0,3.0,0.0,0.0
1377141138,4,10399.998544,209.73330397066667,2.0166666666666666,1.6703488E7,301989.6,0.0,8.466666666666667,0.06666666666666667,0.0
1377141438,4,10399.998544,190.66663997333336,1.8333333333333335,1.6703488E7,123032.8,0.0,3.0,0.0,0.0
1377141738,4,10399.998544,187.199973792,1.8,1.6703488E7,257250.4,0.0,2.933333333333333,0.0,0.0
1377142038,4,10399.998544,192.399973064,1.85,1.6703488E7,55924.0,0.0,2.8666666666666667,0.0,0.0
1377142338,4,10399.998544,192.399973064,1.85,1.6703488E7,0.0,0.0,3.0,0.0,0.0
1377142638,4,10399.998544,190.66663997333336,1.8333333333333335,1.6703488E7,279620.0,0.0,2.933333333333333,0.0,0.0
1377142938,4,10399.998544,188.93330688266667,1.8166666666666667,1.6703488E7,167772.0,0.0,3.0,0.0,0.0
1377143238,4,10399.998544,190.66663997333336,1.8333333333333335,1.6703488E7,156587.2,0.0,2.933333333333333,0.0,0.0
1377143538,4,10399.998544,190.66663997333336,1.8333333333333335,1.6703488E7,89478.4,0.0,2.8666666666666667,0.0,0.0
1377143838,4,10399.998544,187.199973792,1.8,1.6703488E7,44739.2,0.0,2.8666666666666667,0.0,0.0
1377144138,4,10399.998544,194.13330615466666,1.8666666666666665,1.6703488E7,190141.6,0.0,3.6,0.06666666666666667,0.0
1377144438,4,10399.998544,192.399973064,1.85,1.6703488E7,212511.2,0.0,3.6666666666666665,0.0,0.0
1377144738,4,10399.998544,209.73330397066667,2.0166666666666666,1.6703488E7,335544.0,0.0,8.533333333333333,0.06666666666666667,0.0
1377145039,4,10399.998544,188.93330688266667,1.8166666666666667,1.6703488E7,111848.0,0.0,2.8,0.0,0.0
1377145339,4,10399.998544,187.199973792,1.8,1.6703488E7,55924.0,0.0,3.2,0.0,0.0
1377145638,4,10399.998544,185.46664070133335,1.7833333333333334,1.6703488E7,67108.8,0.0,2.933333333333333,0.0,0.0
1377145938,4,10399.998544,187.199973792,1.8,1.6703488E7,100663.2,0.0,3.1333333333333333,0.0,0.0
1377146238,4,10399.998544,195.86663924533335,1.8833333333333335,1.6703488E7,223696.0,0.0,3.1333333333333333,0.0,0.0
1377146538,4,10399.998544,190.66663997333336,1.8333333333333335,1.6703488E7,167772.0,0.0,2.8666666666666667,0.0,0.0
1377146838,4,10399.998544,187.199973792,1.8,1.6703488E7,100663.2,0.0,2.8666666666666667,0.0,0.0
1377147138,4,10399.998544,188.93330688266667,1.8166666666666667,1.6703488E7,0.0,0.0,2.933333333333333,0.0,0.0
1377147438,4,10399.998544,188.93330688266667,1.8166666666666667,1.6703488E7,123032.8,0.0,3.066666666666667,0.0,0.0
1377147738,4,10399.998544,194.13330615466666,1.8666666666666665,1.6703488E7,67108.8,0.0,3.7333333333333334,0.13333333333333333,0.0
1377148038,4,10399.998544,192.399973064,1.85,1.6703488E7,67108.8,0.0,3.2,0.0,0.0
1377148338,4,10399.998544,209.73330397066667,2.0166666666666666,1.6703488E7,201326.4,0.0,8.466666666666667,0.06666666666666667,0.0
1377148638,4,10399.998544,187.199973792,1.8,1.6703488E7,89478.4,0.0,2.7333333333333334,0.0,0.0
1377148938,4,10399.998544,192.399973064,1.85,1.6703488E7,234880.8,0.0,3.2,0.0,0.0
1377149238,4,10399.998544,188.93330688266667,1.8166666666666667,1.6703488E7,234880.8,0.0,2.933333333333333,0.0,0.0
1377149538,4,10399.998544,190.66663997333336,1.8333333333333335,1.6703488E7,134217.6,0.0,3.3333333333333335,0.0,0.0
1377149839,4,10399.998544,188.93330688266667,1.8166666666666667,1.6703488E7,33554.4,0.0,3.0,0.0,0.0
1377150139,4,10399.998544,188.93330688266667,1.8166666666666667,1.6703488E7,67108.8,0.0,3.0,0.0,0.0
1377150439,4,10399.998544,188.93330688266667,1.8166666666666667,1.6703488E7,67108.8,0.0,2.933333333333333,0.0,0.0
1377150739,4,10399.998544,188.93330688266667,1.8166666666666667,1.6703488E7,111848.0,0.0,2.8666666666666667,0.0,0.0
1377151039,4,10399.998544,190.66663997333336,1.8333333333333335,1.6703488E7,167772.0,0.0,2.8,0.0,0.0
1377151339,4,10399.998544,194.13330615466666,1.8666666666666665,1.6703488E7,67108.8,0.0,3.8,0.06666666666666667,0.0
1377151639,4,10399.998544,194.13330615466666,1.8666666666666665,1.6703488E7,167772.0,0.0,3.4,0.0,0.0
1377151939,4,10399.998544,209.73330397066667,2.0166666666666666,1.6703488E7,201326.4,0.0,8.666666666666666,0.06666666666666667,0.0
1377152239,4,10399.998544,188.93330688266667,1.8166666666666667,1.6703488E7,33554.4,0.0,2.933333333333333,0.0,0.0
1377152539,4,10399.998544,188.93330688266667,1.8166666666666667,1.6703488E7,111848.0,0.0,2.933333333333333,0.0,0.0
1377152839,4,10399.998544,201.06663851733333,1.9333333333333333,1.6703488E7,201326.4,0.0,7.666666666666667,2.533333333333333,0.0
1377153139,4,10399.998544,213.199970152,2.05,1.6703488E7,234880.8,0.0,12.933333333333334,4.466666666666667,0.0
1377153439,4,10399.998544,213.199970152,2.05,1.6703488E7,234880.8,0.0,12.266666666666666,4.533333333333333,0.0
1377153739,4,10399.998544,207.99997088,2.0,1.6703488E7,246065.6,0.0,12.4,4.533333333333333,0.0
1377154039,4,10399.998544,214.93330324266663,2.0666666666666664,1.6703488E7,167772.0,0.0,12.0,4.4,0.0
1377154339,4,10399.998544,218.399969424,2.1,1.6703488E7,100663.2,0.0,12.266666666666666,4.6,0.0
1377154639,4,10399.998544,207.99997088,2.0,1.6703488E7,55924.0,0.0,12.333333333333332,4.666666666666667,0.0
1377154939,4,10399.998544,228.79996796800003,2.2,1.6703488E7,67108.8,0.0,13.399999999999999,4.533333333333333,0.26666666666666666
1377155239,4,10399.998544,214.93330324266663,2.0666666666666664,1.6703488E7,190141.6,0.0,17.533333333333335,4.533333333333333,0.0
1377155539,4,10399.998544,233.99996724000002,2.25,1.6703488E7,257250.4,0.0,17.533333333333335,4.533333333333333,0.0
1377155839,4,10399.998544,207.99997088,2.0,1.6703488E7,89478.4,0.0,12.333333333333334,4.533333333333333,0.0
1377156139,4,10399.998544,523.4665933813333,5.033333333333333,1.6703488E7,1621796.0,0.0,15.866666666666667,95.93333333333334,12.8
1377156439,4,10399.998544,207.99997088,2.0,1.6703488E7,816490.4,0.0,12.333333333333334,4.4,0.0
1377156739,4,10399.998544,213.199970152,2.05,1.6703488E7,123032.8,0.0,12.333333333333332,4.333333333333333,0.0
1377157039,4,10399.998544,207.99997088,2.0,1.6703488E7,67108.8,0.0,12.333333333333334,4.466666666666667,0.0
1377157339,4,10399.998544,213.199970152,2.05,1.6703488E7,190141.6,0.0,12.133333333333333,4.466666666666667,0.0
1377157639,4,10399.998544,207.99997088,2.0,1.6703488E7,78293.6,0.0,11.866666666666667,4.466666666666667,0.0
1377157939,4,10399.998544,213.199970152,2.05,1.6703488E7,123032.8,0.0,12.266666666666666,4.533333333333333,0.0
1377158239,4,10399.998544,207.99997088,2.0,1.6703488E7,212511.2,0.0,12.0,4.466666666666667,0.0
1377158539,4,10399.998544,214.93330324266663,2.0666666666666664,1.6703488E7,279620.0,0.0,13.0,4.466666666666667,0.06666666666666667
1377158839,4,10399.998544,213.199970152,2.05,1.6703488E7,246065.6,0.0,12.399999999999999,4.466666666666667,0.0
1377159140,4,10399.998544,232.26663414933333,2.2333333333333334,1.6703488E7,413837.6,0.0,17.733333333333334,4.666666666666667,0.0
1377159440,4,10399.998544,214.93330324266663,2.0666666666666664,1.6703488E7,167772.0,0.0,11.866666666666667,4.4,0.0
1377159740,4,10399.998544,216.66663633333334,2.0833333333333335,1.6703488E7,503316.0,0.0,12.266666666666666,4.4,0.0
1377160040,4,10399.998544,207.99997088,2.0,1.6703488E7,201326.4,0.0,12.2,4.466666666666667,0.0
1377160340,4,10399.998544,213.199970152,2.05,1.6703488E7,257250.4,0.0,12.266666666666666,4.533333333333333,0.06666666666666667
1377160640,4,10399.998544,207.99997088,2.0,1.6703488E7,145402.4,0.0,12.666666666666668,4.533333333333333,0.0
1377160940,4,10399.998544,213.199970152,2.05,1.6703488E7,290804.8,0.0,12.2,4.533333333333333,0.0
1377161240,4,10399.998544,207.99997088,2.0,1.6703488E7,201326.4,0.0,12.066666666666666,4.533333333333333,0.0
1377161540,4,10399.998544,209.73330397066667,2.0166666666666666,1.6703488E7,123032.8,0.0,12.2,4.4,0.06666666666666667
1377161840,4,10399.998544,207.99997088,2.0,1.6703488E7,89478.4,0.0,12.2,4.533333333333333,0.0
1377162140,4,10399.998544,218.399969424,2.1,1.6703488E7,156587.2,0.0,13.066666666666666,4.6,0.06666666666666667
1377162439,4,10399.998544,211.4666370613333,2.033333333333333,1.6703488E7,55924.0,0.0,12.2,4.533333333333333,0.06666666666666667
1377162739,4,10399.998544,233.99996724000002,2.25,1.6703488E7,290804.8,0.0,17.866666666666667,4.733333333333333,0.0
1377163039,4,10399.998544,207.99997088,2.0,1.6703488E7,290804.8,0.0,12.333333333333332,4.666666666666667,0.0
1377163339,4,10399.998544,209.73330397066667,2.0166666666666666,1.6703488E7,201326.4,0.0,12.533333333333335,4.6,0.0
1377163639,4,10399.998544,207.99997088,2.0,1.6703488E7,145402.4,0.0,12.6,4.6,0.06666666666666667
1377163939,4,10399.998544,1582.5331117786668,15.216666666666667,1.6703488E7,1509948.0,0.0,22.46666666666667,138.53333333333333,467.06666666666666
1377164239,4,10399.998544,1778.3997510240004,17.1,1.6703488E7,1845492.0,0.0,20.8,68.26666666666667,322.2
1377164539,4,10399.998544,2317.4663422213334,22.283333333333335,1.6703488E7,1577056.8,0.0,24.53333333333333,45.93333333333333,36.06666666666667
1377164840,4,10399.998544,998.399860224,9.6,1.6703488E7,1498763.2,0.0,20.333333333333332,18.6,11.133333333333333
1377165140,4,10399.998544,213.199970152,2.05,1.6703488E7,973077.6,0.0,12.399999999999999,4.666666666666667,0.0
1377165440,4,10399.998544,207.99997088,2.0,1.6703488E7,346728.8,0.0,12.2,4.6,0.0
1377165740,4,10399.998544,1216.7998296479998,11.7,1.6703488E7,961892.8,0.0,21.2,103.46666666666667,23.533333333333335
1377166040,4,10399.998544,2048.799713168,19.7,1.6703488E7,1767198.4,0.0,52.53333333333333,50.86666666666667,28.0
1377166340,4,10399.998544,1475.066460157333,14.183333333333332,1.6703488E7,2035633.6,0.0,29.93333333333333,62.8,594.1333333333333
1377166640,4,10399.998544,1790.533082658667,17.21666666666667,1.6703488E7,2359992.8,0.0,22.733333333333334,71.4,42.733333333333334
1377166940,4,10399.998544,733.199897352,7.05,1.6703488E7,1845492.0,0.0,15.399999999999999,25.866666666666667,35.0
1377167240,4,10399.998544,211.4666370613333,2.033333333333333,1.6703488E7,771751.2,0.0,12.399999999999999,4.666666666666667,0.0
1377167540,4,10399.998544,211.4666370613333,2.033333333333333,1.6703488E7,178956.8,0.0,12.0,4.666666666666667,0.0
1377167840,4,10399.998544,211.4666370613333,2.033333333333333,1.6703488E7,33554.4,0.0,12.533333333333333,4.6,0.0
1377168140,4,10399.998544,207.99997088,2.0,1.6703488E7,212511.2,0.0,12.466666666666667,4.533333333333333,0.0
1377168440,4,10399.998544,213.199970152,2.05,1.6703488E7,123032.8,0.0,12.533333333333333,4.6,0.0
1377168740,4,10399.998544,223.599968696,2.15,1.6703488E7,190141.6,0.0,14.066666666666666,4.933333333333334,0.3333333333333333
1377169040,4,10399.998544,209.73330397066667,2.0166666666666666,1.6703488E7,257250.4,0.0,12.266666666666666,4.666666666666667,0.0
1377169340,4,10399.998544,218.399969424,2.1,1.6703488E7,246065.6,0.0,13.533333333333331,4.8,0.06666666666666667
1377169640,4,10399.998544,213.199970152,2.05,1.6703488E7,335544.0,0.0,12.4,4.6,0.0
1377169940,4,10399.998544,230.5333010586667,2.216666666666667,1.6703488E7,480946.4,0.0,18.333333333333336,4.6,0.0
1377170240,4,10399.998544,213.199970152,2.05,1.6703488E7,111848.0,0.0,12.266666666666666,4.533333333333333,0.0
1377170540,4,10399.998544,211.4666370613333,2.033333333333333,1.6703488E7,145402.4,0.0,12.733333333333334,4.6,0.0
1377170840,4,10399.998544,211.4666370613333,2.033333333333333,1.6703488E7,89478.4,0.0,12.333333333333332,4.533333333333333,0.0
1377171140,4,10399.998544,209.73330397066667,2.0166666666666666,1.6703488E7,55924.0,0.0,12.600000000000001,4.6,0.0
1377171440,4,10399.998544,211.4666370613333,2.033333333333333,1.6703488E7,67108.8,0.0,12.8,4.466666666666667,0.0
1377171740,4,10399.998544,225.33330178666662,2.1666666666666665,1.6703488E7,167772.0,0.0,12.666666666666668,4.533333333333333,0.0
1377172041,4,10399.998544,214.93330324266663,2.0666666666666664,1.6703488E7,100663.2,0.0,12.266666666666666,4.466666666666667,0.0
1377172341,4,10399.998544,213.199970152,2.05,1.6703488E7,167772.0,0.0,12.666666666666668,4.6,0.0
1377172641,4,10399.998544,213.199970152,2.05,1.6703488E7,33554.4,0.0,12.266666666666666,4.6,0.0
1377172941,4,10399.998544,214.93330324266663,2.0666666666666664,1.6703488E7,100663.2,0.0,13.399999999999999,4.533333333333333,0.06666666666666667
1377173241,4,10399.998544,218.399969424,2.1,1.6703488E7,78293.6,0.0,12.600000000000001,4.6,0.0
1377173541,4,10399.998544,232.26663414933333,2.2333333333333334,1.6703488E7,503316.0,0.0,18.133333333333333,4.6,0.0
1377173841,4,10399.998544,213.199970152,2.05,1.6703488E7,201326.4,0.0,12.2,4.6,0.0
1377174141,4,10399.998544,207.99997088,2.0,1.6703488E7,167772.0,0.0,12.333333333333332,4.466666666666667,0.0
1377174441,4,10399.998544,211.4666370613333,2.033333333333333,1.6703488E7,201326.4,0.0,12.733333333333334,4.6,0.0
1377174741,4,10399.998544,1617.1997735920002,15.55,1.6703488E7,1420469.6,0.0,22.799999999999997,158.46666666666667,183.66666666666666
1377175041,4,10399.998544,1814.799745928,17.45,1.6703488E7,1509948.0,0.0,22.73333333333333,61.333333333333336,171.46666666666667
1377175341,4,10399.998544,1613.7331074106667,15.516666666666667,1.6703488E7,1800752.8,0.0,20.066666666666666,72.4,89.6
1377175641,4,10399.998544,209.73330397066667,2.0166666666666666,1.6703488E7,1342176.0,0.0,12.266666666666666,4.666666666666667,0.0
1377175941,4,10399.998544,211.4666370613333,2.033333333333333,1.6703488E7,201326.4,0.0,12.533333333333333,4.6,0.0
1377176241,4,10399.998544,213.199970152,2.05,1.6703488E7,33554.4,0.0,12.533333333333335,4.6,0.0
1377176541,4,10399.998544,214.93330324266663,2.0666666666666664,1.6703488E7,134217.6,0.0,12.933333333333334,4.6,0.06666666666666667
1377176841,4,10399.998544,218.399969424,2.1,1.6703488E7,167772.0,0.0,13.4,4.666666666666667,0.06666666666666667
1377177141,4,10399.998544,230.5333010586667,2.216666666666667,1.6703488E7,581609.6,0.0,18.666666666666668,4.866666666666666,0.2
1377177441,4,10399.998544,220.1333025146667,2.1166666666666667,1.6703488E7,313174.4,0.0,13.266666666666666,4.733333333333333,0.13333333333333333
1377177741,4,10399.998544,211.4666370613333,2.033333333333333,1.6703488E7,246065.6,0.0,12.333333333333334,4.466666666666667,0.0
1377178041,4,10399.998544,213.199970152,2.05,1.6703488E7,100663.2,0.0,12.2,4.6,0.0
1377178341,4,10399.998544,213.199970152,2.05,1.6703488E7,301989.6,0.0,12.666666666666668,4.533333333333333,0.0
1377178641,4,10399.998544,211.4666370613333,2.033333333333333,1.6703488E7,313174.4,0.0,12.266666666666666,4.6,0.0
1377178941,4,10399.998544,209.73330397066667,2.0166666666666666,1.6703488E7,313174.4,0.0,12.333333333333332,4.533333333333333,0.0
1377179241,4,10399.998544,209.73330397066667,2.0166666666666666,1.6703488E7,234880.8,0.0,12.2,4.533333333333333,0.0
1377179541,4,10399.998544,192.399973064,1.85,1.6703488E7,167772.0,0.0,4.466666666666667,0.7333333333333333,0.0
1377179841,4,10399.998544,192.399973064,1.85,1.6703488E7,167772.0,0.0,2.8666666666666667,0.0,0.0
1377180141,4,10399.998544,190.66663997333336,1.8333333333333335,1.6703488E7,44739.2,0.0,3.933333333333333,0.06666666666666667,0.0
1377180441,4,10399.998544,197.59997233599998,1.9,1.6703488E7,123032.8,0.0,3.066666666666667,0.0,0.0
1377180741,4,10399.998544,204.53330469866665,1.9666666666666666,1.6703488E7,212511.2,0.0,8.466666666666667,0.06666666666666667,0.0
1377181041,4,10399.998544,190.66663997333336,1.8333333333333335,1.6703488E7,78293.6,0.0,2.7333333333333334,0.4,0.0
1377181341,4,10399.998544,183.73330761066666,1.7666666666666666,1.6703488E7,89478.4,0.0,3.0,0.0,0.0
1377181641,4,10399.998544,187.199973792,1.8,1.6703488E7,145402.4,0.0,2.6666666666666665,0.0,0.0
1377181941,4,10399.998544,181.99997452,1.75,1.6703488E7,100663.2,0.0,3.066666666666667,0.0,0.0
1377182241,4,10399.998544,194.13330615466666,1.8666666666666665,1.6703488E7,22369.6,0.0,3.0,0.0,0.0
1377182542,4,10399.998544,183.73330761066666,1.7666666666666666,1.6703488E7,11184.8,0.0,2.8666666666666667,0.0,0.0
1377182842,4,10399.998544,187.199973792,1.8,1.6703488E7,0.0,0.0,2.533333333333333,0.0,0.0
1377183142,4,10399.998544,183.73330761066666,1.7666666666666666,1.6703488E7,55924.0,0.0,2.8666666666666667,0.0,0.0
1377183442,4,10399.998544,190.66663997333336,1.8333333333333335,1.6703488E7,178956.8,0.0,2.8666666666666667,0.0,0.0
1377183742,4,10399.998544,192.399973064,1.85,1.6703488E7,212511.2,0.0,3.8,0.06666666666666667,0.0
1377184042,4,10399.998544,197.59997233599998,1.9,1.6703488E7,290804.8,0.0,3.1333333333333333,0.0,0.0
1377184342,4,10399.998544,202.79997160799996,1.95,1.6703488E7,380283.2,0.0,8.6,0.06666666666666667,0.0
1377184642,4,10399.998544,2270.6663487733335,21.833333333333336,1.6703488E7,659903.2,0.0,4.8,408.0,74.53333333333333
1377184942,4,10399.998544,6486.132425274666,62.36666666666667,1.6703488E7,1711274.4,0.0,4.8,221.0,478.4
1377185242,4,10399.998544,6227.865794765334,59.88333333333333,1.6703488E7,1610611.2,0.0,4.066666666666666,390.8666666666667,371.53333333333336
1377185542,4,10399.998544,5447.865903965334,52.38333333333333,1.6703488E7,1543502.4,0.0,2.8,536.7333333333333,387.6
1377185842,4,10399.998544,8841.732095490666,85.01666666666667,1.6703488E7,1834307.2,0.0,2.8,417.2,955.0666666666667
1377186142,4,10399.998544,7226.265654989333,69.48333333333333,1.6703488E7,1834307.2,0.0,5.733333333333333,426.6666666666667,557.0666666666667
1377186442,4,10399.998544,3818.532798738667,36.71666666666667,1.6703488E7,1666535.2,0.0,2.0,164.93333333333334,551.0666666666667
1377186742,4,10399.998544,2950.132920314666,28.366666666666664,1.6703488E7,1711274.4,0.0,4.0,221.13333333333333,365.2
1377187042,4,10399.998544,3192.7995530079997,30.7,1.6703488E7,1599426.4,0.0,2.3333333333333335,51.8,317.8
1377187342,4,10399.998544,213.199970152,2.05,1.6703488E7,1073740.8,0.0,4.533333333333333,9.0,252.13333333333333
1377187642,4,10399.998544,194.13330615466666,1.8666666666666665,1.6703488E7,335544.0,0.0,3.7333333333333334,0.0,0.0
1377187942,4,10399.998544,202.79997160799996,1.95,1.6703488E7,178956.8,4.266666666666667,8.533333333333333,0.06666666666666667,0.0
1377188242,4,10399.998544,188.93330688266667,1.8166666666666667,1.6703488E7,156587.2,0.0,2.933333333333333,0.0,0.0
1377188542,4,10399.998544,187.199973792,1.8,1.6703488E7,67108.8,0.0,2.8666666666666667,0.0,0.0
1377188842,4,10399.998544,190.66663997333336,1.8333333333333335,1.6703488E7,111848.0,0.0,3.1333333333333333,0.0,0.0
1377189142,4,10399.998544,202.79997160799996,1.95,1.6703488E7,100663.2,0.0,5.066666666666666,0.26666666666666666,0.3333333333333333
1377189442,4,10399.998544,194.13330615466666,1.8666666666666665,1.6703488E7,123032.8,0.0,2.8666666666666667,0.0,0.0
1377189742,4,10399.998544,187.199973792,1.8,1.6703488E7,78293.6,0.0,3.0,0.0,0.0
1377190042,4,10399.998544,187.199973792,1.8,1.6703488E7,55924.0,0.0,2.6666666666666665,0.0,0.0
1377190342,4,10399.998544,188.93330688266667,1.8166666666666667,1.6703488E7,178956.8,0.0,3.0,0.0,0.0
1377190643,4,10399.998544,194.13330615466666,1.8666666666666665,1.6703488E7,123032.8,0.0,3.0,0.0,0.0
1377190943,4,10399.998544,192.399973064,1.85,1.6703488E7,78293.6,0.0,3.8,0.06666666666666667,0.0
1377191243,4,10399.998544,195.86663924533335,1.8833333333333335,1.6703488E7,324359.2,0.0,3.066666666666667,0.0,0.0
1377191543,4,10399.998544,214.93330324266663,2.0666666666666664,1.6703488E7,346728.8,0.0,8.4,0.06666666666666667,0.0
1377191843,4,10399.998544,190.66663997333336,1.8333333333333335,1.6703488E7,89478.4,0.0,2.933333333333333,0.0,0.0
1377192143,4,10399.998544,209.73330397066667,2.0166666666666666,1.6703488E7,44739.2,0.0,2.6666666666666665,0.0,0.0
1377192443,4,10399.998544,187.199973792,1.8,1.6703488E7,33554.4,0.0,2.933333333333333,0.0,0.0
1377192743,4,10399.998544,190.66663997333336,1.8333333333333335,1.6703488E7,111848.0,0.0,3.533333333333333,0.0,0.0
1377193043,4,10399.998544,194.13330615466666,1.8666666666666665,1.6703488E7,313174.4,0.0,3.066666666666667,0.0,0.0
1377193343,4,10399.998544,192.399973064,1.85,1.6703488E7,178956.8,0.0,3.066666666666667,0.0,0.0
1377193643,4,10399.998544,194.13330615466666,1.8666666666666665,1.6703488E7,201326.4,0.0,2.8,0.0,0.0
1377193943,4,10399.998544,195.86663924533335,1.8833333333333335,1.6703488E7,111848.0,0.0,2.8666666666666667,0.0,0.0
1377194243,4,10399.998544,190.66663997333336,1.8333333333333335,1.6703488E7,190141.6,0.0,2.8,0.0,0.0
1377194543,4,10399.998544,192.399973064,1.85,1.6703488E7,134217.6,0.0,3.6666666666666665,0.06666666666666667,0.0
1377194843,4,10399.998544,197.59997233599998,1.9,1.6703488E7,257250.4,0.0,3.066666666666667,0.0,0.0
1377195143,4,10399.998544,213.199970152,2.05,1.6703488E7,346728.8,0.0,8.6,0.06666666666666667,0.0
1377195443,4,10399.998544,194.13330615466666,1.8666666666666665,1.6703488E7,134217.6,0.0,2.8,0.0,0.0
1377195743,4,10399.998544,192.399973064,1.85,1.6703488E7,167772.0,0.0,2.8666666666666667,0.0,0.0
1377196043,4,10399.998544,194.13330615466666,1.8666666666666665,1.6703488E7,201326.4,0.0,2.8,0.0,0.0
1377196343,4,10399.998544,187.199973792,1.8,1.6703488E7,100663.2,0.0,2.933333333333333,0.0,0.0
1377196643,4,10399.998544,194.13330615466666,1.8666666666666665,1.6703488E7,156587.2,0.0,3.066666666666667,0.0,0.0
1377196943,4,10399.998544,194.13330615466666,1.8666666666666665,1.6703488E7,67108.8,0.0,3.2,0.0,0.0
1377197243,4,10399.998544,192.399973064,1.85,1.6703488E7,33554.4,0.0,2.7333333333333334,0.0,0.0
1377197543,4,10399.998544,190.66663997333336,1.8333333333333335,1.6703488E7,33554.4,0.0,2.933333333333333,0.0,0.0
1377197843,4,10399.998544,194.13330615466666,1.8666666666666665,1.6703488E7,167772.0,0.0,2.933333333333333,0.0,0.0
1377198143,4,10399.998544,195.86663924533335,1.8833333333333335,1.6703488E7,100663.2,0.0,3.533333333333333,0.06666666666666667,0.0
1377198443,4,10399.998544,197.59997233599998,1.9,1.6703488E7,167772.0,0.0,3.6666666666666665,0.0,0.0
1377198743,4,10399.998544,211.4666370613333,2.033333333333333,1.6703488E7,134217.6,0.0,8.466666666666667,0.06666666666666667,0.0
1377199043,4,10399.998544,187.199973792,1.8,1.6703488E7,55924.0,0.0,2.8666666666666667,0.0,0.0
1377199343,4,10399.998544,188.93330688266667,1.8166666666666667,1.6703488E7,167772.0,0.0,2.933333333333333,0.0,0.0
1377199643,4,10399.998544,190.66663997333336,1.8333333333333335,1.6703488E7,167772.0,0.0,2.7333333333333334,0.0,0.0
1377199943,4,10399.998544,192.399973064,1.85,1.6703488E7,33554.4,0.0,3.2666666666666666,0.0,0.0
1377200243,4,10399.998544,195.86663924533335,1.8833333333333335,1.6703488E7,44739.2,0.0,3.2,0.0,0.0
1377200543,4,10399.998544,202.79997160799996,1.95,1.6703488E7,111848.0,0.0,3.3333333333333335,0.0,0.0
1377200843,4,10399.998544,204.53330469866665,1.9666666666666666,1.6703488E7,301989.6,0.0,2.8666666666666667,0.0,0.0
1377201143,4,10399.998544,192.399973064,1.85,1.6703488E7,100663.2,0.0,3.0,0.0,0.0
1377201443,4,10399.998544,192.399973064,1.85,1.6703488E7,100663.2,0.0,2.933333333333333,0.0,0.0
1377201743,4,10399.998544,194.13330615466666,1.8666666666666665,1.6703488E7,123032.8,0.0,3.6,0.06666666666666667,0.0
1377202043,4,10399.998544,197.59997233599998,1.9,1.6703488E7,201326.4,0.0,3.1333333333333333,0.0,0.0
1377202343,4,10399.998544,227.06663487733334,2.1833333333333336,1.6703488E7,301989.6,0.0,14.6,3.1333333333333333,0.0
1377202643,4,10399.998544,207.99997088,2.0,1.6703488E7,78293.6,0.0,12.066666666666666,4.466666666666667,0.06666666666666667
1377202943,4,10399.998544,209.73330397066667,2.0166666666666666,1.6703488E7,167772.0,0.0,12.2,4.533333333333333,0.0
1377203243,4,10399.998544,209.73330397066667,2.0166666666666666,1.6703488E7,100663.2,0.0,12.133333333333333,4.533333333333333,0.0
1377203543,4,10399.998544,211.4666370613333,2.033333333333333,1.6703488E7,234880.8,0.0,12.533333333333333,4.466666666666667,0.0
1377203844,4,10399.998544,209.73330397066667,2.0166666666666666,1.6703488E7,268435.2,0.0,12.066666666666666,4.6,0.0
1377204144,4,10399.998544,213.199970152,2.05,1.6703488E7,134217.6,0.0,12.466666666666667,4.466666666666667,0.0
1377204444,4,10399.998544,207.99997088,2.0,1.6703488E7,167772.0,0.0,12.133333333333333,4.466666666666667,0.0
1377204744,4,10399.998544,213.199970152,2.05,1.6703488E7,100663.2,0.0,12.0,4.466666666666667,0.0
1377205044,4,10399.998544,207.99997088,2.0,1.6703488E7,190141.6,0.0,12.066666666666666,4.333333333333333,0.0
1377205344,4,10399.998544,233.99996724000002,2.25,1.6703488E7,190141.6,0.0,13.133333333333333,4.533333333333333,0.06666666666666667
1377205644,4,10399.998544,213.199970152,2.05,1.6703488E7,246065.6,0.0,12.466666666666667,4.466666666666667,0.0
1377205944,4,10399.998544,232.26663414933333,2.2333333333333334,1.6703488E7,145402.4,0.0,17.733333333333334,4.666666666666667,0.0
1377206244,4,10399.998544,207.99997088,2.0,1.6703488E7,212511.2,0.0,13.2,4.733333333333333,0.0
1377206844,4,10399.998544,207.99997088,2.0,1.6703488E7,190141.6,0.0,12.0,4.4,0.0
1377207144,4,10399.998544,213.199970152,2.05,1.6703488E7,167772.0,0.0,12.4,4.4,0.0
1377207444,4,10399.998544,220.1333025146667,2.1166666666666667,1.6703488E7,369098.4,0.0,14.0,5.0,0.06666666666666667
1377208044,4,10399.998544,209.73330397066667,2.0166666666666666,1.6703488E7,167772.0,0.0,14.333333333333332,4.933333333333334,0.0
1377208344,4,10399.998544,214.93330324266663,2.0666666666666664,1.6703488E7,100663.2,0.0,14.533333333333331,4.933333333333334,0.06666666666666667
1377208644,4,10399.998544,209.73330397066667,2.0166666666666666,1.6703488E7,134217.6,0.0,15.133333333333333,4.933333333333334,0.06666666666666667
1377208944,4,10399.998544,221.86663560533333,2.1333333333333333,1.6703488E7,167772.0,0.0,15.133333333333333,5.0,0.13333333333333333
1377209245,4,10399.998544,237.4666334213333,2.283333333333333,1.6703488E7,268435.2,0.0,20.0,5.2,0.13333333333333333
1377209845,4,10399.998544,209.73330397066667,2.0166666666666666,1.6703488E7,167772.0,0.0,14.333333333333334,5.133333333333334,0.0
1377210145,4,10399.998544,216.66663633333334,2.0833333333333335,1.6703488E7,11184.8,0.0,14.333333333333332,4.933333333333334,0.0
1377210445,4,10399.998544,207.99997088,2.0,1.6703488E7,78293.6,0.0,14.133333333333333,4.866666666666666,0.06666666666666667
1377210745,4,10399.998544,213.199970152,2.05,1.6703488E7,178956.8,0.0,14.666666666666668,5.0,0.06666666666666667
1377211045,4,10399.998544,211.4666370613333,2.033333333333333,1.6703488E7,212511.2,0.0,14.399999999999999,5.066666666666666,0.06666666666666667
1377211345,4,10399.998544,228.79996796800003,2.2,1.6703488E7,167772.0,0.0,29.0,5.333333333333333,0.8666666666666667
1377211645,4,10399.998544,240.93329960266664,2.3166666666666664,1.6703488E7,458576.8,0.0,32.8,5.533333333333333,0.6
1377211945,4,10399.998544,213.199970152,2.05,1.6703488E7,190141.6,0.0,14.066666666666666,4.933333333333334,0.06666666666666667
1377212245,4,10399.998544,207.99997088,2.0,1.6703488E7,212511.2,0.0,14.4,5.0,0.06666666666666667
1377212545,4,10399.998544,220.1333025146667,2.1166666666666667,1.6703488E7,89478.4,0.0,15.0,5.0,0.13333333333333333
1377212845,4,10399.998544,213.199970152,2.05,1.6703488E7,234880.8,0.0,14.466666666666665,5.066666666666666,0.06666666666666667
1377213145,4,10399.998544,237.4666334213333,2.283333333333333,1.6703488E7,257250.4,0.0,19.53333333333333,5.066666666666666,0.06666666666666667
1377213445,4,10399.998544,209.73330397066667,2.0166666666666666,1.6703488E7,100663.2,0.0,14.2,5.0,0.0
1377213745,4,10399.998544,213.199970152,2.05,1.6703488E7,100663.2,0.0,14.266666666666666,5.0,0.06666666666666667
1377214045,4,10399.998544,207.99997088,2.0,1.6703488E7,100663.2,0.0,13.866666666666667,4.933333333333334,0.0
1377214345,4,10399.998544,216.66663633333334,2.0833333333333335,1.6703488E7,212511.2,0.0,14.666666666666668,4.933333333333334,0.06666666666666667
1377214645,4,10399.998544,211.4666370613333,2.033333333333333,1.6703488E7,257250.4,0.0,14.133333333333333,4.8,0.06666666666666667
1377214945,4,10399.998544,213.199970152,2.05,1.6703488E7,279620.0,0.0,14.266666666666666,4.866666666666666,0.0
1377215245,4,10399.998544,207.99997088,2.0,1.6703488E7,402652.8,0.0,14.4,4.933333333333334,0.0
1377215545,4,10399.998544,213.199970152,2.05,1.6703488E7,212511.2,0.0,14.266666666666667,4.933333333333334,0.06666666666666667
1377215845,4,10399.998544,220.1333025146667,2.1166666666666667,1.6703488E7,369098.4,0.0,14.133333333333333,4.8,0.06666666666666667
1377216145,4,10399.998544,228.79996796800003,2.2,1.6703488E7,178956.8,0.0,15.066666666666666,5.0,0.06666666666666667
1377216445,4,10399.998544,216.66663633333334,2.0833333333333335,1.6703488E7,290804.8,0.0,14.333333333333332,4.933333333333334,0.06666666666666667
1377216745,4,10399.998544,232.26663414933333,2.2333333333333334,1.6703488E7,123032.8,0.0,20.066666666666666,4.933333333333334,0.13333333333333333
1377217045,4,10399.998544,209.73330397066667,2.0166666666666666,1.6703488E7,0.0,0.0,14.2,5.0,0.06666666666666667
1377217345,4,10399.998544,211.4666370613333,2.033333333333333,1.6703488E7,55924.0,0.0,14.2,4.933333333333334,0.06666666666666667
1377217645,4,10399.998544,214.93330324266663,2.0666666666666664,1.6703488E7,268435.2,0.0,14.333333333333334,4.933333333333334,0.06666666666666667
1377217945,4,10399.998544,211.4666370613333,2.033333333333333,1.6703488E7,67108.8,0.0,14.466666666666665,4.933333333333334,0.06666666666666667
1377218245,4,10399.998544,223.599968696,2.15,1.6703488E7,55924.0,0.0,14.466666666666665,4.8,0.06666666666666667
1377218545,4,10399.998544,223.599968696,2.15,1.6703488E7,134217.6,0.0,14.333333333333332,4.866666666666666,0.06666666666666667
1377218845,4,10399.998544,211.4666370613333,2.033333333333333,1.6703488E7,413837.6,0.0,14.2,5.133333333333334,0.06666666666666667
1377219145,4,10399.998544,211.4666370613333,2.033333333333333,1.6703488E7,212511.2,0.0,14.333333333333334,5.0,0.0
1377219445,4,10399.998544,213.199970152,2.05,1.6703488E7,290804.8,0.0,14.0,5.0,0.06666666666666667
1377219745,4,10399.998544,220.1333025146667,2.1166666666666667,1.6703488E7,33554.4,0.0,14.933333333333334,5.0,0.13333333333333333
1377220045,4,10399.998544,216.66663633333334,2.0833333333333335,1.6703488E7,167772.0,0.0,14.600000000000001,5.0,0.13333333333333333
1377220345,4,10399.998544,365.7332821306667,3.516666666666667,1.6703488E7,503316.0,0.0,155.86666666666667,24.733333333333334,200.4
1377220646,4,10399.998544,670.799906088,6.45,1.6703488E7,357913.6,0.0,90.06666666666668,8.0,7.8
1377220946,4,10399.998544,213.199970152,2.05,1.6703488E7,167772.0,0.0,15.2,4.866666666666666,0.06666666666666667
1377221246,4,10399.998544,211.4666370613333,2.033333333333333,1.6703488E7,123032.8,0.0,14.266666666666666,5.0,0.06666666666666667
1377221546,4,10399.998544,213.199970152,2.05,1.6703488E7,167772.0,0.0,14.133333333333333,4.866666666666666,0.06666666666666667
1377221846,4,10399.998544,213.199970152,2.05,1.6703488E7,201326.4,0.0,14.266666666666666,4.866666666666666,0.06666666666666667
1377222146,4,10399.998544,232.26663414933333,2.2333333333333334,1.6703488E7,234880.8,0.0,14.399999999999999,4.933333333333334,0.06666666666666667
1377222446,4,10399.998544,211.4666370613333,2.033333333333333,1.6703488E7,190141.6,0.0,14.133333333333333,4.933333333333334,0.06666666666666667
1377222746,4,10399.998544,213.199970152,2.05,1.6703488E7,123032.8,0.0,14.066666666666666,4.866666666666666,0.06666666666666667
1377223046,4,10399.998544,211.4666370613333,2.033333333333333,1.6703488E7,290804.8,0.0,13.933333333333334,4.866666666666666,0.06666666666666667
1377223346,4,10399.998544,396.9332777626667,3.816666666666667,1.6703488E7,369098.4,0.0,17.200000000000003,6.4,0.9333333333333333
1377223646,4,10399.998544,216.66663633333334,2.0833333333333335,1.6703488E7,301989.6,0.0,15.666666666666668,5.066666666666666,0.06666666666666667
1377223946,4,10399.998544,233.99996724000002,2.25,1.6703488E7,201326.4,0.0,19.8,5.0,0.13333333333333333
1377224246,4,10399.998544,213.199970152,2.05,1.6703488E7,33554.4,0.0,14.133333333333333,5.0,0.06666666666666667
1377224546,4,10399.998544,214.93330324266663,2.0666666666666664,1.6703488E7,33554.4,0.0,14.2,4.933333333333334,0.06666666666666667
1377224846,4,10399.998544,261.73329669066663,2.5166666666666666,1.6703488E7,313174.4,0.0,48.733333333333334,11.8,0.26666666666666666
1377225146,4,10399.998544,207.99997088,2.0,1.6703488E7,201326.4,0.0,12.666666666666668,4.2,0.0
1377225446,4,10399.998544,187.199973792,1.8,1.6703488E7,0.0,0.0,2.8666666666666667,0.0,0.0
1377225746,4,10399.998544,185.46664070133335,1.7833333333333334,1.6703488E7,134217.6,0.0,2.933333333333333,0.0,0.0
1377226046,4,10399.998544,185.46664070133335,1.7833333333333334,1.6703488E7,167772.0,0.0,2.7333333333333334,0.0,0.0
1377226346,4,10399.998544,188.93330688266667,1.8166666666666667,1.6703488E7,156587.2,0.0,2.8666666666666667,0.0,0.0
1377226646,4,10399.998544,188.93330688266667,1.8166666666666667,1.6703488E7,78293.6,0.0,2.8,0.0,0.0
1377226946,4,10399.998544,192.399973064,1.85,1.6703488E7,279620.0,0.0,3.6666666666666665,0.06666666666666667,0.0
1377227246,4,10399.998544,190.66663997333336,1.8333333333333335,1.6703488E7,234880.8,0.0,3.066666666666667,0.0,0.0
1377227546,4,10399.998544,206.26663778933332,1.9833333333333334,1.6703488E7,324359.2,0.0,8.466666666666667,0.06666666666666667,0.0
1377227846,4,10399.998544,185.46664070133335,1.7833333333333334,1.6703488E7,190141.6,0.0,2.8666666666666667,0.0,0.0
1377228146,4,10399.998544,188.93330688266667,1.8166666666666667,1.6703488E7,0.0,0.0,2.933333333333333,0.0,0.0
1377228446,4,10399.998544,188.93330688266667,1.8166666666666667,1.6703488E7,178956.8,0.0,2.8666666666666667,0.0,0.0
1377228746,4,10399.998544,188.93330688266667,1.8166666666666667,1.6703488E7,0.0,0.0,3.0,0.0,0.0
1377229046,4,10399.998544,190.66663997333336,1.8333333333333335,1.6703488E7,190141.6,0.0,3.066666666666667,0.0,0.0
1377229346,4,10399.998544,187.199973792,1.8,1.6703488E7,100663.2,0.0,3.0,0.0,0.0
1377229646,4,10399.998544,194.13330615466666,1.8666666666666665,1.6703488E7,167772.0,0.0,2.7333333333333334,0.0,0.0
1377229946,4,10399.998544,188.93330688266667,1.8166666666666667,1.6703488E7,100663.2,0.0,2.933333333333333,0.0,0.0
1377230246,4,10399.998544,190.66663997333336,1.8333333333333335,1.6703488E7,246065.6,0.0,3.1333333333333333,0.0,0.0
1377230546,4,10399.998544,194.13330615466666,1.8666666666666665,1.6703488E7,55924.0,0.0,3.8,0.13333333333333333,0.0
1377230846,4,10399.998544,197.59997233599998,1.9,1.6703488E7,301989.6,0.0,3.6,0.0,0.0
1377231146,4,10399.998544,207.99997088,2.0,1.6703488E7,178956.8,0.0,8.666666666666666,0.06666666666666667,0.0
1377231446,4,10399.998544,188.93330688266667,1.8166666666666667,1.6703488E7,313174.4,0.0,2.6666666666666665,0.0,0.0
1377231746,4,10399.998544,187.199973792,1.8,1.6703488E7,78293.6,0.0,3.0,0.0,0.0
1377232046,4,10399.998544,187.199973792,1.8,1.6703488E7,67108.8,0.0,2.6666666666666665,0.0,0.0
1377232346,4,10399.998544,185.46664070133335,1.7833333333333334,1.6703488E7,0.0,0.0,3.3333333333333335,0.0,0.0
1377232646,4,10399.998544,192.399973064,1.85,1.6703488E7,33554.4,0.0,2.933333333333333,0.0,0.0
1377232946,4,10399.998544,187.199973792,1.8,1.6703488E7,0.0,0.0,3.0,0.0,0.0
1377233246,4,10399.998544,192.399973064,1.85,1.6703488E7,0.0,0.0,2.8666666666666667,0.0,0.0
1377233547,4,10399.998544,187.199973792,1.8,1.6703488E7,33554.4,0.0,2.6,0.0,0.0
1377233847,4,10399.998544,185.46664070133335,1.7833333333333334,1.6703488E7,100663.2,0.0,2.8666666666666667,0.0,0.0
1377234147,4,10399.998544,194.13330615466666,1.8666666666666665,1.6703488E7,55924.0,0.0,3.7333333333333334,0.06666666666666667,0.0
1377234447,4,10399.998544,197.59997233599998,1.9,1.6703488E7,167772.0,0.0,3.0,0.0,0.0
1377234747,4,10399.998544,207.99997088,2.0,1.6703488E7,335544.0,0.0,8.666666666666666,0.06666666666666667,0.0
1377235047,4,10399.998544,188.93330688266667,1.8166666666666667,1.6703488E7,55924.0,0.0,2.6,0.0,0.0
1377235347,4,10399.998544,190.66663997333336,1.8333333333333335,1.6703488E7,167772.0,0.0,3.066666666666667,0.0,0.0
1377235647,4,10399.998544,188.93330688266667,1.8166666666666667,1.6703488E7,178956.8,0.0,2.6666666666666665,0.0,0.0
1377235947,4,10399.998544,188.93330688266667,1.8166666666666667,1.6703488E7,55924.0,0.0,3.2666666666666666,0.0,0.0
1377236247,4,10399.998544,202.79997160799996,1.95,1.6703488E7,167772.0,0.0,3.3333333333333335,0.0,0.0
1377236547,4,10399.998544,199.33330542666667,1.9166666666666665,1.6703488E7,167772.0,0.0,2.7333333333333334,0.0,0.0
1377236847,4,10399.998544,192.399973064,1.85,1.6703488E7,123032.8,0.0,2.8666666666666667,0.0,0.0
1377237147,4,10399.998544,187.199973792,1.8,1.6703488E7,78293.6,0.0,3.0,0.0,0.0
1377237447,4,10399.998544,190.66663997333336,1.8333333333333335,1.6703488E7,301989.6,0.0,2.8,0.0,0.0
1377237747,4,10399.998544,197.59997233599998,1.9,1.6703488E7,268435.2,0.0,3.8666666666666667,0.13333333333333333,0.0
1377238047,4,10399.998544,195.86663924533335,1.8833333333333335,1.6703488E7,402652.8,0.0,2.933333333333333,0.0,0.0
1377238347,4,10399.998544,211.4666370613333,2.033333333333333,1.6703488E7,357913.6,0.0,8.666666666666666,0.06666666666666667,0.0
1377238647,4,10399.998544,187.199973792,1.8,1.6703488E7,134217.6,0.0,2.6666666666666665,0.0,0.0
1377238947,4,10399.998544,188.93330688266667,1.8166666666666667,1.6703488E7,156587.2,0.0,2.8,0.0,0.0
1377239247,4,10399.998544,187.199973792,1.8,1.6703488E7,100663.2,0.0,2.8666666666666667,0.0,0.0
1377239547,4,10399.998544,190.66663997333336,1.8333333333333335,1.6703488E7,0.0,0.0,3.066666666666667,0.0,0.0
1377239847,4,10399.998544,188.93330688266667,1.8166666666666667,1.6703488E7,111848.0,0.0,3.066666666666667,0.0,0.0
1377240147,4,10399.998544,188.93330688266667,1.8166666666666667,1.6703488E7,89478.4,0.0,2.8,0.0,0.0
1377240447,4,10399.998544,190.66663997333336,1.8333333333333335,1.6703488E7,0.0,0.0,2.933333333333333,0.0,0.0
1377240747,4,10399.998544,187.199973792,1.8,1.6703488E7,111848.0,0.0,2.7333333333333334,0.0,0.0
1377241047,4,10399.998544,187.199973792,1.8,1.6703488E7,89478.4,0.0,2.8,0.0,0.0
1377241347,4,10399.998544,194.13330615466666,1.8666666666666665,1.6703488E7,156587.2,0.0,3.8,0.06666666666666667,0.0
1377241647,4,10399.998544,197.59997233599998,1.9,1.6703488E7,190141.6,0.0,3.466666666666667,0.0,0.0
1377241947,4,10399.998544,225.33330178666662,2.1666666666666665,1.6703488E7,480946.4,0.0,15.133333333333333,3.0,0.0
1377242247,4,10399.998544,213.199970152,2.05,1.6703488E7,279620.0,0.0,14.0,5.0,0.06666666666666667
1377242547,4,10399.998544,209.73330397066667,2.0166666666666666,1.6703488E7,89478.4,0.0,14.399999999999999,4.933333333333334,0.06666666666666667
1377242848,4,10399.998544,214.93330324266663,2.0666666666666664,1.6703488E7,167772.0,0.0,14.0,4.933333333333334,0.06666666666666667
1377243148,4,10399.998544,209.73330397066667,2.0166666666666666,1.6703488E7,178956.8,0.0,14.600000000000001,4.933333333333334,0.06666666666666667
1377243448,4,10399.998544,218.399969424,2.1,1.6703488E7,425022.4,0.0,14.399999999999999,5.0,0.06666666666666667
1377243748,4,10399.998544,211.4666370613333,2.033333333333333,1.6703488E7,67108.8,0.0,14.0,4.866666666666666,0.06666666666666667
1377244048,4,10399.998544,214.93330324266663,2.0666666666666664,1.6703488E7,78293.6,0.0,13.933333333333334,4.933333333333334,0.0
1377244347,4,10399.998544,211.4666370613333,2.033333333333333,1.6703488E7,22369.6,0.0,14.066666666666666,5.0,0.06666666666666667
1377244647,4,10399.998544,214.93330324266663,2.0666666666666664,1.6703488E7,212511.2,0.0,14.066666666666666,4.866666666666666,0.0
1377244947,4,10399.998544,228.79996796800003,2.2,1.6703488E7,89478.4,0.0,19.4,5.133333333333334,0.26666666666666666
1377245247,4,10399.998544,225.33330178666662,2.1666666666666665,1.6703488E7,246065.6,0.0,14.933333333333334,5.0,0.0
1377245547,4,10399.998544,233.99996724000002,2.25,1.6703488E7,480946.4,0.0,19.466666666666665,4.733333333333333,0.13333333333333333
1377245847,4,10399.998544,213.199970152,2.05,1.6703488E7,190141.6,0.0,12.266666666666666,4.6,0.0
1377246147,4,10399.998544,213.199970152,2.05,1.6703488E7,100663.2,0.0,12.333333333333334,4.533333333333333,0.0
1377246447,4,10399.998544,207.99997088,2.0,1.6703488E7,78293.6,0.0,12.333333333333332,4.4,0.0
1377246748,4,10399.998544,213.199970152,2.05,1.6703488E7,313174.4,0.0,12.266666666666666,4.6,0.0
1377247048,4,10399.998544,207.99997088,2.0,1.6703488E7,167772.0,0.0,12.466666666666667,4.6,0.0
1377247348,4,10399.998544,213.199970152,2.05,1.6703488E7,178956.8,0.0,12.0,4.466666666666667,0.0
1377247648,4,10399.998544,213.199970152,2.05,1.6703488E7,301989.6,0.0,12.266666666666666,4.466666666666667,0.0
1377247948,4,10399.998544,207.99997088,2.0,1.6703488E7,33554.4,0.0,11.466666666666667,4.2,0.0
1377248248,4,10399.998544,209.73330397066667,2.0166666666666666,1.6703488E7,67108.8,0.0,11.733333333333334,4.4,0.0
1377248548,4,10399.998544,209.73330397066667,2.0166666666666666,1.6703488E7,167772.0,0.0,13.0,4.466666666666667,0.06666666666666667
1377248848,4,10399.998544,213.199970152,2.05,1.6703488E7,413837.6,0.0,12.066666666666666,4.4,0.0
1377249148,4,10399.998544,233.99996724000002,2.25,1.6703488E7,570424.8,0.0,17.6,4.466666666666667,0.0
1377249448,4,10399.998544,207.99997088,2.0,1.6703488E7,167772.0,0.0,11.600000000000001,4.333333333333333,0.0
1377249748,4,10399.998544,213.199970152,2.05,1.6703488E7,123032.8,0.0,11.933333333333334,4.333333333333333,0.0
1377250048,4,10399.998544,207.99997088,2.0,1.6703488E7,145402.4,0.0,12.066666666666666,4.266666666666667,0.0
1377250348,4,10399.998544,211.4666370613333,2.033333333333333,1.6703488E7,201326.4,0.0,12.066666666666666,4.333333333333333,0.0
1377250648,4,10399.998544,207.99997088,2.0,1.6703488E7,134217.6,0.0,12.2,4.333333333333333,0.0
1377250948,4,10399.998544,213.199970152,2.05,1.6703488E7,212511.2,0.0,12.066666666666666,4.4,0.0
1377251248,4,10399.998544,207.99997088,2.0,1.6703488E7,268435.2,0.0,11.533333333333333,4.333333333333333,0.0
1377251548,4,10399.998544,213.199970152,2.05,1.6703488E7,201326.4,0.0,12.066666666666666,4.266666666666667,0.0
1377251848,4,10399.998544,207.99997088,2.0,1.6703488E7,55924.0,0.0,11.666666666666668,4.333333333333333,0.0
1377252148,4,10399.998544,216.66663633333334,2.0833333333333335,1.6703488E7,33554.4,0.0,12.866666666666667,4.533333333333333,0.06666666666666667
1377252448,4,10399.998544,214.93330324266663,2.0666666666666664,1.6703488E7,55924.0,0.0,12.266666666666666,4.4,0.0
1377252748,4,10399.998544,227.06663487733334,2.1833333333333336,1.6703488E7,212511.2,0.0,17.6,4.4,0.0
1377253048,4,10399.998544,207.99997088,2.0,1.6703488E7,246065.6,0.0,11.8,4.4,0.0
1377253348,4,10399.998544,213.199970152,2.05,1.6703488E7,201326.4,0.0,11.733333333333334,4.533333333333333,0.0
1377253648,4,10399.998544,207.99997088,2.0,1.6703488E7,100663.2,0.0,12.066666666666666,4.466666666666667,0.0
1377253948,4,10399.998544,211.4666370613333,2.033333333333333,1.6703488E7,67108.8,0.0,12.0,4.4,0.0
1377254248,4,10399.998544,207.99997088,2.0,1.6703488E7,0.0,0.0,12.4,4.4,0.0
1377254548,4,10399.998544,213.199970152,2.05,1.6703488E7,123032.8,0.0,11.933333333333334,4.533333333333333,0.0
1377254848,4,10399.998544,207.99997088,2.0,1.6703488E7,301989.6,0.0,12.0,4.466666666666667,0.0
1377255148,4,10399.998544,211.4666370613333,2.033333333333333,1.6703488E7,413837.6,0.0,11.8,4.466666666666667,0.0
1377255448,4,10399.998544,207.99997088,2.0,1.6703488E7,313174.4,0.0,11.933333333333334,4.466666666666667,0.0
1377255748,4,10399.998544,216.66663633333334,2.0833333333333335,1.6703488E7,167772.0,0.0,12.600000000000001,4.333333333333333,0.0
1377256048,4,10399.998544,207.99997088,2.0,1.6703488E7,357913.6,0.0,11.8,4.333333333333333,0.0
1377256348,4,10399.998544,233.99996724000002,2.25,1.6703488E7,257250.4,0.0,17.8,4.333333333333333,0.0
1377256648,4,10399.998544,207.99997088,2.0,1.6703488E7,111848.0,0.0,11.733333333333334,4.4,0.0
1377256948,4,10399.998544,213.199970152,2.05,1.6703488E7,78293.6,0.0,12.066666666666666,4.333333333333333,0.0
1377257249,4,10399.998544,209.73330397066667,2.0166666666666666,1.6703488E7,111848.0,0.0,11.733333333333334,4.333333333333333,0.0
1377257549,4,10399.998544,209.73330397066667,2.0166666666666666,1.6703488E7,290804.8,0.0,12.0,4.333333333333333,0.0
1377257849,4,10399.998544,214.93330324266663,2.0666666666666664,1.6703488E7,313174.4,0.0,12.133333333333333,4.333333333333333,0.0
1377258149,4,10399.998544,221.86663560533333,2.1333333333333333,1.6703488E7,67108.8,0.0,11.733333333333334,4.466666666666667,0.0
1377258449,4,10399.998544,207.99997088,2.0,1.6703488E7,33554.4,0.0,11.8,4.466666666666667,0.0
1377258749,4,10399.998544,213.199970152,2.05,1.6703488E7,123032.8,0.0,12.2,4.466666666666667,0.0
1377259049,4,10399.998544,218.399969424,2.1,1.6703488E7,167772.0,0.0,11.866666666666667,4.4,0.0
1377259349,4,10399.998544,221.86663560533333,2.1333333333333333,1.6703488E7,111848.0,0.0,12.733333333333334,4.333333333333333,0.06666666666666667
1377259649,4,10399.998544,209.73330397066667,2.0166666666666666,1.6703488E7,145402.4,0.0,12.2,4.266666666666667,0.0
1377259949,4,10399.998544,233.99996724000002,2.25,1.6703488E7,301989.6,0.0,17.533333333333335,4.533333333333333,0.0
1377260249,4,10399.998544,207.99997088,2.0,1.6703488E7,246065.6,0.0,11.933333333333334,4.466666666666667,0.0
1377260549,4,10399.998544,209.73330397066667,2.0166666666666666,1.6703488E7,268435.2,0.0,11.8,4.4,0.0
1377260849,4,10399.998544,207.99997088,2.0,1.6703488E7,301989.6,0.0,12.066666666666666,4.4,0.0
1377261149,4,10399.998544,213.199970152,2.05,1.6703488E7,134217.6,0.0,12.466666666666667,4.533333333333333,0.0
1377261449,4,10399.998544,207.99997088,2.0,1.6703488E7,223696.0,0.0,12.0,4.4,0.0
1377261749,4,10399.998544,213.199970152,2.05,1.6703488E7,100663.2,0.0,11.933333333333334,4.266666666666667,0.0
1377262049,4,10399.998544,206.26663778933332,1.9833333333333334,1.6703488E7,89478.4,0.0,11.466666666666667,4.266666666666667,0.0
1377262349,4,10399.998544,209.73330397066667,2.0166666666666666,1.6703488E7,100663.2,0.0,12.133333333333333,4.333333333333333,0.0
1377262649,4,10399.998544,207.99997088,2.0,1.6703488E7,234880.8,0.0,11.866666666666667,4.333333333333333,0.0
1377262949,4,10399.998544,216.66663633333334,2.0833333333333335,1.6703488E7,201326.4,0.0,12.533333333333335,4.4,0.06666666666666667
1377263249,4,10399.998544,209.73330397066667,2.0166666666666666,1.6703488E7,89478.4,0.0,12.533333333333335,4.333333333333333,0.06666666666666667
1377263549,4,10399.998544,230.5333010586667,2.216666666666667,1.6703488E7,279620.0,0.0,17.333333333333332,4.466666666666667,0.0
1377263849,4,10399.998544,207.99997088,2.0,1.6703488E7,134217.6,0.0,11.600000000000001,4.533333333333333,0.0
1377264149,4,10399.998544,209.73330397066667,2.0166666666666666,1.6703488E7,357913.6,0.0,11.666666666666668,4.4,0.0
1377264449,4,10399.998544,207.99997088,2.0,1.6703488E7,190141.6,0.0,11.8,4.4,0.0
1377264749,4,10399.998544,213.199970152,2.05,1.6703488E7,246065.6,0.0,11.933333333333334,4.4,0.0
1377265049,4,10399.998544,207.99997088,2.0,1.6703488E7,346728.8,0.0,12.066666666666666,4.466666666666667,0.0
1377265349,4,10399.998544,211.4666370613333,2.033333333333333,1.6703488E7,167772.0,0.0,12.066666666666666,4.333333333333333,0.0
1377265649,4,10399.998544,207.99997088,2.0,1.6703488E7,100663.2,0.0,11.666666666666668,4.266666666666667,0.0
1377265949,4,10399.998544,213.199970152,2.05,1.6703488E7,178956.8,0.0,12.2,4.4,0.0
1377266249,4,10399.998544,207.99997088,2.0,1.6703488E7,100663.2,0.0,11.533333333333333,4.333333333333333,0.0
1377266549,4,10399.998544,216.66663633333334,2.0833333333333335,1.6703488E7,212511.2,0.0,12.933333333333334,4.333333333333333,0.06666666666666667
1377266849,4,10399.998544,207.99997088,2.0,1.6703488E7,212511.2,0.0,11.933333333333334,4.266666666666667,0.0
1377267149,4,10399.998544,230.5333010586667,2.216666666666667,1.6703488E7,301989.6,0.0,17.333333333333332,4.4,0.0
1377267449,4,10399.998544,207.99997088,2.0,1.6703488E7,178956.8,0.0,12.066666666666666,4.333333333333333,0.0
1377267749,4,10399.998544,211.4666370613333,2.033333333333333,1.6703488E7,223696.0,0.0,11.866666666666667,4.4,0.0
1377268049,4,10399.998544,209.73330397066667,2.0166666666666666,1.6703488E7,201326.4,0.0,11.8,4.333333333333333,0.0
1377268349,4,10399.998544,213.199970152,2.05,1.6703488E7,156587.2,0.0,12.266666666666666,4.4,0.0
1377268649,4,10399.998544,213.199970152,2.05,1.6703488E7,167772.0,0.0,12.0,4.333333333333333,0.0
1377268949,4,10399.998544,209.73330397066667,2.0166666666666666,1.6703488E7,167772.0,0.0,11.866666666666667,4.4,0.0
1377269249,4,10399.998544,213.199970152,2.05,1.6703488E7,190141.6,0.0,11.866666666666667,4.4,0.0
1377269549,4,10399.998544,207.99997088,2.0,1.6703488E7,167772.0,0.0,12.066666666666666,4.333333333333333,0.0
1377269849,4,10399.998544,213.199970152,2.05,1.6703488E7,201326.4,0.0,11.733333333333334,4.4,0.0
1377270149,4,10399.998544,213.199970152,2.05,1.6703488E7,100663.2,0.0,13.0,4.4,0.06666666666666667
1377270449,4,10399.998544,214.93330324266663,2.0666666666666664,1.6703488E7,156587.2,0.0,11.866666666666667,4.4,0.0
1377270749,4,10399.998544,228.79996796800003,2.2,1.6703488E7,514500.8,0.0,17.533333333333335,4.466666666666667,0.0
1377271049,4,10399.998544,213.199970152,2.05,1.6703488E7,201326.4,0.0,11.666666666666668,4.333333333333333,0.0
1377271349,4,10399.998544,207.99997088,2.0,1.6703488E7,100663.2,0.0,11.8,4.266666666666667,0.0
1377271649,4,10399.998544,207.99997088,2.0,1.6703488E7,290804.8,0.0,12.133333333333333,4.4,0.0
1377271950,4,10399.998544,207.99997088,2.0,1.6703488E7,234880.8,0.0,11.8,4.4,0.0
1377272250,4,10399.998544,211.4666370613333,2.033333333333333,1.6703488E7,33554.4,0.0,12.266666666666666,4.533333333333333,0.0
1377272550,4,10399.998544,207.99997088,2.0,1.6703488E7,134217.6,0.0,11.933333333333334,4.466666666666667,0.0
1377272850,4,10399.998544,213.199970152,2.05,1.6703488E7,67108.8,0.0,11.8,4.333333333333333,0.0
1377273150,4,10399.998544,207.99997088,2.0,1.6703488E7,167772.0,0.0,12.0,4.333333333333333,0.0
1377273450,4,10399.998544,211.4666370613333,2.033333333333333,1.6703488E7,156587.2,0.0,11.866666666666667,4.333333333333333,0.0
1377273750,4,10399.998544,211.4666370613333,2.033333333333333,1.6703488E7,234880.8,0.0,12.666666666666666,4.4,0.06666666666666667
1377274050,4,10399.998544,213.199970152,2.05,1.6703488E7,201326.4,0.0,12.266666666666666,4.333333333333333,0.0
1377274350,4,10399.998544,223.599968696,2.15,1.6703488E7,402652.8,0.0,14.666666666666668,2.933333333333333,0.0
1377274650,4,10399.998544,188.93330688266667,1.8166666666666667,1.6703488E7,167772.0,0.0,2.8666666666666667,0.0,0.0
1377274950,4,10399.998544,187.199973792,1.8,1.6703488E7,67108.8,0.0,2.933333333333333,0.0,0.0
1377275250,4,10399.998544,190.66663997333336,1.8333333333333335,1.6703488E7,100663.2,0.0,2.8666666666666667,0.0,0.0
1377275550,4,10399.998544,183.73330761066666,1.7666666666666666,1.6703488E7,100663.2,0.0,2.8666666666666667,0.0,0.0
1377275850,4,10399.998544,195.86663924533335,1.8833333333333335,1.6703488E7,201326.4,0.0,2.8666666666666667,0.0,0.0
1377276150,4,10399.998544,188.93330688266667,1.8166666666666667,1.6703488E7,201326.4,0.0,2.8666666666666667,0.0,0.0
1377276450,4,10399.998544,187.199973792,1.8,1.6703488E7,134217.6,0.0,2.6666666666666665,0.0,0.0
1377276750,4,10399.998544,202.79997160799996,1.95,1.6703488E7,0.0,0.0,3.0,0.0,0.0
1377277050,4,10399.998544,194.13330615466666,1.8666666666666665,1.6703488E7,0.0,0.0,2.933333333333333,0.0,0.0
1377277350,4,10399.998544,192.399973064,1.85,1.6703488E7,33554.4,0.0,3.8666666666666667,0.06666666666666667,0.0
1377277650,4,10399.998544,199.33330542666667,1.9166666666666665,1.6703488E7,100663.2,0.0,3.1333333333333333,0.0,0.0
1377277950,4,10399.998544,207.99997088,2.0,1.6703488E7,503316.0,0.0,8.333333333333334,0.06666666666666667,0.0
1377278250,4,10399.998544,187.199973792,1.8,1.6703488E7,223696.0,0.0,2.8666666666666667,0.0,0.0
1377278550,4,10399.998544,185.46664070133335,1.7833333333333334,1.6703488E7,78293.6,0.0,2.8666666666666667,0.0,0.0
1377278850,4,10399.998544,194.13330615466666,1.8666666666666665,1.6703488E7,89478.4,0.0,2.8,0.0,0.0
1377279150,4,10399.998544,185.46664070133335,1.7833333333333334,1.6703488E7,67108.8,0.0,2.933333333333333,0.0,0.0
1377279450,4,10399.998544,192.399973064,1.85,1.6703488E7,33554.4,0.0,2.933333333333333,0.0,0.0
1377279750,4,10399.998544,185.46664070133335,1.7833333333333334,1.6703488E7,11184.8,0.0,3.0,0.0,0.0
1377280050,4,10399.998544,187.199973792,1.8,1.6703488E7,167772.0,0.0,2.8666666666666667,0.0,0.0
1377280350,4,10399.998544,183.73330761066666,1.7666666666666666,1.6703488E7,78293.6,0.0,2.8666666666666667,0.0,0.0
1377280650,4,10399.998544,194.13330615466666,1.8666666666666665,1.6703488E7,0.0,0.0,2.8,0.0,0.0
1377280950,4,10399.998544,187.199973792,1.8,1.6703488E7,22369.6,0.0,3.6666666666666665,0.06666666666666667,0.0
1377281250,4,10399.998544,195.86663924533335,1.8833333333333335,1.6703488E7,167772.0,0.0,3.2,0.0,0.0
1377281551,4,10399.998544,206.26663778933332,1.9833333333333334,1.6703488E7,167772.0,0.0,8.466666666666667,0.06666666666666667,0.0
1377281851,4,10399.998544,187.199973792,1.8,1.6703488E7,11184.8,0.0,2.8,0.0,0.0
1377282151,4,10399.998544,187.199973792,1.8,1.6703488E7,22369.6,0.0,3.066666666666667,0.0,0.0
1377282451,4,10399.998544,190.66663997333336,1.8333333333333335,1.6703488E7,167772.0,0.0,2.8666666666666667,0.0,0.0
1377282751,4,10399.998544,183.73330761066666,1.7666666666666666,1.6703488E7,44739.2,0.0,3.0,0.0,0.0
1377283051,4,10399.998544,192.399973064,1.85,1.6703488E7,246065.6,0.0,3.1333333333333333,0.0,0.0
1377283351,4,10399.998544,185.46664070133335,1.7833333333333334,1.6703488E7,156587.2,0.0,3.0,0.0,0.0
1377283651,4,10399.998544,194.13330615466666,1.8666666666666665,1.6703488E7,100663.2,0.0,2.8666666666666667,0.0,0.0
1377283951,4,10399.998544,185.46664070133335,1.7833333333333334,1.6703488E7,33554.4,0.0,2.8666666666666667,0.0,0.0
1377284251,4,10399.998544,188.93330688266667,1.8166666666666667,1.6703488E7,89478.4,0.0,3.0,0.0,0.0
1377284551,4,10399.998544,194.13330615466666,1.8666666666666665,1.6703488E7,134217.6,0.0,3.6666666666666665,0.06666666666666667,0.0
1377284851,4,10399.998544,197.59997233599998,1.9,1.6703488E7,100663.2,0.0,3.7333333333333334,0.0,0.0
1377285151,4,10399.998544,207.99997088,2.0,1.6703488E7,178956.8,0.0,8.466666666666667,0.06666666666666667,0.0
1377285451,4,10399.998544,188.93330688266667,1.8166666666666667,1.6703488E7,123032.8,0.0,2.8,0.0,0.0
1377285751,4,10399.998544,192.399973064,1.85,1.6703488E7,156587.2,0.0,3.066666666666667,0.0,0.0
1377286051,4,10399.998544,190.66663997333336,1.8333333333333335,1.6703488E7,257250.4,0.0,2.7333333333333334,0.0,0.0
1377286351,4,10399.998544,190.66663997333336,1.8333333333333335,1.6703488E7,246065.6,0.0,2.933333333333333,0.0,0.0
1377286651,4,10399.998544,194.13330615466666,1.8666666666666665,1.6703488E7,111848.0,0.0,2.6666666666666665,0.0,0.0
1377286951,4,10399.998544,187.199973792,1.8,1.6703488E7,167772.0,0.0,3.0,0.0,0.0
1377287251,4,10399.998544,187.199973792,1.8,1.6703488E7,123032.8,0.0,2.8666666666666667,0.0,0.0
1377287551,4,10399.998544,190.66663997333336,1.8333333333333335,1.6703488E7,100663.2,0.0,3.0,0.0,0.0
1377287851,4,10399.998544,190.66663997333336,1.8333333333333335,1.6703488E7,89478.4,0.0,2.7333333333333334,0.0,0.0
1377288151,4,10399.998544,194.13330615466666,1.8666666666666665,1.6703488E7,78293.6,0.0,3.533333333333333,0.06666666666666667,0.0
1377288451,4,10399.998544,197.59997233599998,1.9,1.6703488E7,22369.6,0.0,3.1333333333333333,0.0,0.0
1377288751,4,10399.998544,211.4666370613333,2.033333333333333,1.6703488E7,223696.0,0.0,8.4,0.06666666666666667,0.0
1377289051,4,10399.998544,190.66663997333336,1.8333333333333335,1.6703488E7,100663.2,0.0,2.933333333333333,0.0,0.0
1377289351,4,10399.998544,192.399973064,1.85,1.6703488E7,246065.6,0.0,2.8,0.0,0.0
1377289651,4,10399.998544,192.399973064,1.85,1.6703488E7,134217.6,0.0,2.8666666666666667,0.0,0.0
1377289951,4,10399.998544,192.399973064,1.85,1.6703488E7,89478.4,0.0,3.2,0.0,0.0
1377290251,4,10399.998544,211.4666370613333,2.033333333333333,1.6703488E7,257250.4,0.0,12.0,4.333333333333333,0.0
1377290551,4,10399.998544,207.99997088,2.0,1.6703488E7,223696.0,0.0,12.133333333333333,4.266666666666667,0.0
1377290852,4,10399.998544,211.4666370613333,2.033333333333333,1.6703488E7,89478.4,0.0,11.8,4.333333333333333,0.0
1377291152,4,10399.998544,207.99997088,2.0,1.6703488E7,190141.6,0.0,11.933333333333334,4.266666666666667,0.0
1377291452,4,10399.998544,213.199970152,2.05,1.6703488E7,134217.6,0.0,12.0,4.266666666666667,0.0
1377291752,4,10399.998544,213.199970152,2.05,1.6703488E7,123032.8,0.0,12.600000000000001,4.4,0.06666666666666667
1377292052,4,10399.998544,213.199970152,2.05,1.6703488E7,100663.2,0.0,12.2,4.266666666666667,0.0
1377292352,4,10399.998544,228.79996796800003,2.2,1.6703488E7,436207.2,0.0,17.53333333333333,4.333333333333333,0.0
1377292652,4,10399.998544,213.199970152,2.05,1.6703488E7,335544.0,0.0,11.666666666666666,4.333333333333333,0.0
1377292952,4,10399.998544,207.99997088,2.0,1.6703488E7,178956.8,0.0,11.733333333333334,4.266666666666667,0.0
1377293251,4,10399.998544,213.199970152,2.05,1.6703488E7,100663.2,0.0,12.133333333333333,4.333333333333333,0.0
1377293551,4,10399.998544,207.99997088,2.0,1.6703488E7,301989.6,0.0,12.133333333333333,4.266666666666667,0.0
1377293851,4,10399.998544,213.199970152,2.05,1.6703488E7,313174.4,0.0,12.266666666666667,4.4,0.0
1377294151,4,10399.998544,207.99997088,2.0,1.6703488E7,78293.6,0.0,12.066666666666666,4.4,0.0
1377294451,4,10399.998544,211.4666370613333,2.033333333333333,1.6703488E7,134217.6,0.0,11.666666666666668,4.266666666666667,0.0
1377294751,4,10399.998544,207.99997088,2.0,1.6703488E7,313174.4,0.0,11.933333333333334,4.4,0.0
1377295051,4,10399.998544,225.33330178666662,2.1666666666666665,1.6703488E7,234880.8,0.0,13.2,4.333333333333333,0.0
1377295352,4,10399.998544,213.199970152,2.05,1.6703488E7,212511.2,0.0,12.8,4.466666666666667,0.06666666666666667
1377295652,4,10399.998544,216.66663633333334,2.0833333333333335,1.6703488E7,290804.8,0.0,12.533333333333333,4.4,0.0
1377295952,4,10399.998544,228.79996796800003,2.2,1.6703488E7,402652.8,0.0,17.266666666666666,4.4,0.0
1377296252,4,10399.998544,213.199970152,2.05,1.6703488E7,67108.8,0.0,11.533333333333333,4.2,0.0
1377296552,4,10399.998544,207.99997088,2.0,1.6703488E7,0.0,0.0,11.866666666666667,4.266666666666667,0.0
1377296852,4,10399.998544,213.199970152,2.05,1.6703488E7,55924.0,0.0,11.666666666666666,4.266666666666667,0.0
1377297152,4,10399.998544,207.99997088,2.0,1.6703488E7,257250.4,0.0,12.066666666666666,4.333333333333333,0.0
1377297452,4,10399.998544,209.73330397066667,2.0166666666666666,1.6703488E7,134217.6,0.0,11.666666666666668,4.466666666666667,0.0
1377297752,4,10399.998544,270.399962144,2.6,1.6703488E7,301989.6,0.0,52.53333333333334,5.666666666666667,1.8666666666666667
1377298052,4,10399.998544,221.86663560533333,2.1333333333333333,1.6703488E7,134217.6,0.0,11.933333333333334,4.333333333333333,0.0
1377298352,4,10399.998544,214.93330324266663,2.0666666666666664,1.6703488E7,212511.2,0.0,11.933333333333334,4.4,0.0
1377298652,4,10399.998544,213.199970152,2.05,1.6703488E7,369098.4,0.0,11.933333333333334,4.4,0.0
1377298952,4,10399.998544,213.199970152,2.05,1.6703488E7,279620.0,0.0,12.8,4.4,0.0
1377299252,4,10399.998544,216.66663633333334,2.0833333333333335,1.6703488E7,212511.2,0.0,12.2,4.4,0.0
1377299552,4,10399.998544,228.79996796800003,2.2,1.6703488E7,570424.8,0.0,17.4,4.4,0.06666666666666667
1377299852,4,10399.998544,213.199970152,2.05,1.6703488E7,44739.2,0.0,11.866666666666667,4.4,0.0
1377300152,4,10399.998544,207.99997088,2.0,1.6703488E7,67108.8,0.0,11.933333333333334,4.466666666666667,0.0
1377300452,4,10399.998544,211.4666370613333,2.033333333333333,1.6703488E7,78293.6,0.0,11.533333333333335,4.333333333333333,0.0
1377300752,4,10399.998544,207.99997088,2.0,1.6703488E7,134217.6,0.0,12.466666666666667,4.466666666666667,0.0
1377301052,4,10399.998544,213.199970152,2.05,1.6703488E7,33554.4,0.0,11.8,4.2,0.0
1377301352,4,10399.998544,207.99997088,2.0,1.6703488E7,33554.4,0.0,11.8,4.266666666666667,0.0
1377301652,4,10399.998544,211.4666370613333,2.033333333333333,1.6703488E7,134217.6,0.0,11.666666666666668,4.4,0.0
1377301952,4,10399.998544,207.99997088,2.0,1.6703488E7,190141.6,0.0,11.866666666666667,4.333333333333333,0.0
1377302252,4,10399.998544,213.199970152,2.05,1.6703488E7,290804.8,0.0,11.8,4.4,0.0
1377302552,4,10399.998544,209.73330397066667,2.0166666666666666,1.6703488E7,223696.0,0.0,12.733333333333334,4.333333333333333,0.06666666666666667
1377302852,4,10399.998544,218.399969424,2.1,1.6703488E7,123032.8,0.0,12.266666666666666,4.466666666666667,0.0
1377303152,4,10399.998544,228.79996796800003,2.2,1.6703488E7,335544.0,0.0,17.46666666666667,4.466666666666667,0.0
1377303452,4,10399.998544,213.199970152,2.05,1.6703488E7,78293.6,0.0,11.866666666666667,4.4,0.0
1377303752,4,10399.998544,207.99997088,2.0,1.6703488E7,156587.2,0.0,11.533333333333333,4.533333333333333,0.0
1377304052,4,10399.998544,213.199970152,2.05,1.6703488E7,167772.0,0.0,11.666666666666668,4.333333333333333,0.0
1377304352,4,10399.998544,207.99997088,2.0,1.6703488E7,234880.8,0.0,11.866666666666667,4.266666666666667,0.0
1377304652,4,10399.998544,213.199970152,2.05,1.6703488E7,190141.6,0.0,12.0,4.466666666666667,0.0
1377304953,4,10399.998544,207.99997088,2.0,1.6703488E7,167772.0,0.0,12.066666666666666,4.266666666666667,0.0
1377305253,4,10399.998544,213.199970152,2.05,1.6703488E7,111848.0,0.0,11.733333333333334,4.4,0.0
1377305553,4,10399.998544,207.99997088,2.0,1.6703488E7,0.0,0.0,11.933333333333334,4.4,0.0
1377305853,4,10399.998544,213.199970152,2.05,1.6703488E7,111848.0,0.0,12.2,4.466666666666667,0.0
1377306153,4,10399.998544,211.4666370613333,2.033333333333333,1.6703488E7,167772.0,0.0,12.866666666666667,4.466666666666667,0.06666666666666667
1377306453,4,10399.998544,216.66663633333334,2.0833333333333335,1.6703488E7,44739.2,0.0,12.600000000000001,4.4,0.0
1377306753,4,10399.998544,228.79996796800003,2.2,1.6703488E7,167772.0,0.0,17.533333333333335,4.4,0.06666666666666667
1377307053,4,10399.998544,213.199970152,2.05,1.6703488E7,89478.4,0.0,11.533333333333333,4.466666666666667,0.0
1377307353,4,10399.998544,207.99997088,2.0,1.6703488E7,156587.2,0.0,12.0,4.533333333333333,0.0
1377307653,4,10399.998544,213.199970152,2.05,1.6703488E7,167772.0,0.0,11.533333333333333,4.333333333333333,0.0
1377307953,4,10399.998544,207.99997088,2.0,1.6703488E7,134217.6,0.0,12.0,4.4,0.0
1377308253,4,10399.998544,213.199970152,2.05,1.6703488E7,234880.8,0.0,12.466666666666667,4.466666666666667,0.0
1377308553,4,10399.998544,461.0666021173334,4.433333333333334,1.6703488E7,615164.0,0.0,129.53333333333333,10.4,209.2
1377308853,4,10399.998544,528.6665926533333,5.083333333333333,1.6703488E7,380283.2,0.0,51.13333333333333,6.0,4.266666666666667
1377309153,4,10399.998544,207.99997088,2.0,1.6703488E7,246065.6,0.0,11.933333333333334,4.4,0.0
1377309453,4,10399.998544,213.199970152,2.05,1.6703488E7,123032.8,0.0,11.933333333333334,4.333333333333333,0.0
1377309753,4,10399.998544,376.13328067466665,3.6166666666666667,1.6703488E7,167772.0,0.0,15.0,6.0,0.8
1377310053,4,10399.998544,218.399969424,2.1,1.6703488E7,257250.4,0.0,13.333333333333332,4.4,0.0
1377310353,4,10399.998544,228.79996796800003,2.2,1.6703488E7,548055.2,0.0,17.733333333333334,4.466666666666667,0.0
1377310653,4,10399.998544,244.39996578400002,2.35,1.6703488E7,301989.6,0.0,25.866666666666667,11.333333333333334,0.2
1377310953,4,10399.998544,206.26663778933332,1.9833333333333334,1.6703488E7,335544.0,0.0,12.066666666666666,4.333333333333333,0.0
1377311253,4,10399.998544,213.199970152,2.05,1.6703488E7,167772.0,0.0,11.733333333333334,4.4,0.0
1377311553,4,10399.998544,207.99997088,2.0,1.6703488E7,111848.0,0.0,12.2,4.4,0.0
1377311853,4,10399.998544,209.73330397066667,2.0166666666666666,1.6703488E7,212511.2,0.0,11.933333333333334,4.2,0.0
1377312153,4,10399.998544,207.99997088,2.0,1.6703488E7,156587.2,0.0,11.8,4.266666666666667,0.0
1377312453,4,10399.998544,213.199970152,2.05,1.6703488E7,212511.2,0.0,11.933333333333334,4.466666666666667,0.0
1377312753,4,10399.998544,207.99997088,2.0,1.6703488E7,290804.8,0.0,11.733333333333334,4.466666666666667,0.0
1377313053,4,10399.998544,213.199970152,2.05,1.6703488E7,246065.6,0.0,12.0,4.333333333333333,0.0
1377313353,4,10399.998544,211.4666370613333,2.033333333333333,1.6703488E7,178956.8,0.0,12.8,4.466666666666667,0.06666666666666667
1377313653,4,10399.998544,211.4666370613333,2.033333333333333,1.6703488E7,156587.2,0.0,12.2,4.333333333333333,0.0
1377313953,4,10399.998544,228.79996796800003,2.2,1.6703488E7,536870.4,0.0,17.6,4.466666666666667,0.0
1377314253,4,10399.998544,213.199970152,2.05,1.6703488E7,201326.4,0.0,11.8,4.333333333333333,0.0
1377314553,4,10399.998544,207.99997088,2.0,1.6703488E7,257250.4,0.0,12.0,4.4,0.0
1377314853,4,10399.998544,213.199970152,2.05,1.6703488E7,67108.8,0.0,11.933333333333334,4.4,0.0
1377315154,4,10399.998544,207.99997088,2.0,1.6703488E7,100663.2,0.0,12.266666666666667,4.4,0.0
1377315454,4,10399.998544,213.199970152,2.05,1.6703488E7,44739.2,0.0,12.0,4.466666666666667,0.0
1377315754,4,10399.998544,207.99997088,2.0,1.6703488E7,156587.2,0.0,11.866666666666667,4.466666666666667,0.0
1377316054,4,10399.998544,213.199970152,2.05,1.6703488E7,134217.6,0.0,11.933333333333334,4.4,0.0
1377316354,4,10399.998544,207.99997088,2.0,1.6703488E7,190141.6,0.0,12.2,4.4,0.0
1377316654,4,10399.998544,201.06663851733333,1.9333333333333333,1.6703488E7,123032.8,0.0,7.133333333333333,2.0,0.0
1377316954,4,10399.998544,187.199973792,1.8,1.6703488E7,55924.0,0.0,3.8666666666666667,0.06666666666666667,0.06666666666666667
1377317254,4,10399.998544,195.86663924533335,1.8833333333333335,1.6703488E7,44739.2,0.0,3.6666666666666665,0.0,0.0
1377317554,4,10399.998544,202.79997160799996,1.95,1.6703488E7,234880.8,0.0,8.666666666666666,0.06666666666666667,0.0
1377317854,4,10399.998544,190.66663997333336,1.8333333333333335,1.6703488E7,178956.8,0.0,2.8,0.0,0.0
1377318154,4,10399.998544,185.46664070133335,1.7833333333333334,1.6703488E7,134217.6,0.0,3.2,0.0,0.0
1377318454,4,10399.998544,188.93330688266667,1.8166666666666667,1.6703488E7,0.0,0.0,2.933333333333333,0.0,0.0
1377318754,4,10399.998544,185.46664070133335,1.7833333333333334,1.6703488E7,0.0,0.0,3.2666666666666666,0.0,0.0
1377319054,4,10399.998544,194.13330615466666,1.8666666666666665,1.6703488E7,0.0,0.0,3.0,0.0,0.0
1377319354,4,10399.998544,187.199973792,1.8,1.6703488E7,167772.0,0.0,2.8666666666666667,0.0,0.0
1377319654,4,10399.998544,188.93330688266667,1.8166666666666667,1.6703488E7,156587.2,0.0,2.6,0.0,0.0
1377319954,4,10399.998544,185.46664070133335,1.7833333333333334,1.6703488E7,234880.8,0.0,2.8,0.0,0.0
1377320254,4,10399.998544,188.93330688266667,1.8166666666666667,1.6703488E7,134217.6,0.0,2.8,0.0,0.0
1377320554,4,10399.998544,188.93330688266667,1.8166666666666667,1.6703488E7,134217.6,0.0,3.8,0.13333333333333333,0.0
1377320854,4,10399.998544,195.86663924533335,1.8833333333333335,1.6703488E7,167772.0,0.0,3.3333333333333335,0.0,0.0
1377321154,4,10399.998544,204.53330469866665,1.9666666666666666,1.6703488E7,369098.4,0.0,8.733333333333333,0.06666666666666667,0.0
1377321454,4,10399.998544,188.93330688266667,1.8166666666666667,1.6703488E7,134217.6,0.0,2.933333333333333,0.0,0.0
1377321754,4,10399.998544,185.46664070133335,1.7833333333333334,1.6703488E7,134217.6,0.0,3.0,0.0,0.0
1377322054,4,10399.998544,209.73330397066667,2.0166666666666666,1.6703488E7,89478.4,0.0,3.0,0.0,0.0
1377322354,4,10399.998544,187.199973792,1.8,1.6703488E7,234880.8,0.0,3.4,0.0,0.0
1377322655,4,10399.998544,190.66663997333336,1.8333333333333335,1.6703488E7,134217.6,0.0,3.1333333333333333,0.0,0.0
1377322955,4,10399.998544,181.99997452,1.75,1.6703488E7,134217.6,0.0,3.066666666666667,0.0,0.0
1377323255,4,10399.998544,187.199973792,1.8,1.6703488E7,55924.0,0.0,3.0,0.0,0.0
1377323555,4,10399.998544,183.73330761066666,1.7666666666666666,1.6703488E7,201326.4,0.0,3.0,0.0,0.0
1377323855,4,10399.998544,188.93330688266667,1.8166666666666667,1.6703488E7,301989.6,0.0,2.8,0.0,0.0
1377324155,4,10399.998544,187.199973792,1.8,1.6703488E7,223696.0,0.0,3.7333333333333334,0.06666666666666667,0.0
1377324455,4,10399.998544,204.53330469866665,1.9666666666666666,1.6703488E7,234880.8,0.0,3.7333333333333334,0.06666666666666667,0.0
1377324755,4,10399.998544,197.59997233599998,1.9,1.6703488E7,436207.2,0.0,7.866666666666666,0.0,0.0
1377325055,4,10399.998544,192.399973064,1.85,1.6703488E7,67108.8,0.0,2.933333333333333,0.0,0.0
1377325355,4,10399.998544,183.73330761066666,1.7666666666666666,1.6703488E7,201326.4,0.0,2.8666666666666667,0.0,0.0
1377325655,4,10399.998544,188.93330688266667,1.8166666666666667,1.6703488E7,100663.2,0.0,2.8,0.0,0.0
1377325955,4,10399.998544,188.93330688266667,1.8166666666666667,1.6703488E7,55924.0,0.0,3.0,0.0,0.0
1377326255,4,10399.998544,194.13330615466666,1.8666666666666665,1.6703488E7,100663.2,0.0,3.466666666666667,0.0,0.0
1377326554,4,10399.998544,187.199973792,1.8,1.6703488E7,22369.6,0.0,2.8,0.0,0.0
1377326854,4,10399.998544,190.66663997333336,1.8333333333333335,1.6703488E7,55924.0,0.0,2.8666666666666667,0.0,0.0
1377327154,4,10399.998544,197.59997233599998,1.9,1.6703488E7,55924.0,0.0,6.199999999999999,1.7333333333333334,0.0
1377327454,4,10399.998544,211.4666370613333,2.033333333333333,1.6703488E7,44739.2,0.0,12.866666666666667,4.733333333333333,0.06666666666666667
1377327755,4,10399.998544,218.399969424,2.1,1.6703488E7,178956.8,0.0,15.2,5.0,0.13333333333333333
1377328055,4,10399.998544,242.66663269333333,2.3333333333333335,1.6703488E7,301989.6,0.0,19.733333333333334,4.666666666666667,0.2
1377328355,4,10399.998544,227.06663487733334,2.1833333333333336,1.6703488E7,570424.8,0.0,17.53333333333333,4.466666666666667,0.0
1377328655,4,10399.998544,221.86663560533333,2.1333333333333333,1.6703488E7,167772.0,0.0,12.333333333333332,4.533333333333333,0.0
1377328955,4,10399.998544,225.33330178666662,2.1666666666666665,1.6703488E7,234880.8,0.0,12.666666666666668,4.466666666666667,0.06666666666666667
1377329255,4,10399.998544,213.199970152,2.05,1.6703488E7,301989.6,0.0,12.6,4.466666666666667,0.06666666666666667
1377329555,4,10399.998544,213.199970152,2.05,1.6703488E7,223696.0,0.0,12.666666666666668,4.533333333333333,0.0
1377329855,4,10399.998544,214.93330324266663,2.0666666666666664,1.6703488E7,301989.6,0.0,12.866666666666667,4.533333333333333,0.0
1377330155,4,10399.998544,214.93330324266663,2.0666666666666664,1.6703488E7,123032.8,0.0,12.733333333333334,4.4,0.06666666666666667
1377330455,4,10399.998544,213.199970152,2.05,1.6703488E7,134217.6,0.0,12.733333333333334,4.466666666666667,0.0
1377330755,4,10399.998544,213.199970152,2.05,1.6703488E7,212511.2,0.0,12.600000000000001,4.533333333333333,0.0
1377331055,4,10399.998544,213.199970152,2.05,1.6703488E7,402652.8,0.0,12.533333333333333,4.466666666666667,0.06666666666666667
1377331355,4,10399.998544,214.93330324266663,2.0666666666666664,1.6703488E7,346728.8,0.0,13.133333333333333,4.466666666666667,0.13333333333333333
1377331655,4,10399.998544,227.06663487733334,2.1833333333333336,1.6703488E7,469761.6,0.0,13.733333333333334,4.6,0.06666666666666667
1377331955,4,10399.998544,227.06663487733334,2.1833333333333336,1.6703488E7,436207.2,0.0,17.333333333333332,4.533333333333333,0.0
1377332255,4,10399.998544,214.93330324266663,2.0666666666666664,1.6703488E7,246065.6,0.0,12.533333333333335,4.4,0.0
1377332555,4,10399.998544,211.4666370613333,2.033333333333333,1.6703488E7,234880.8,0.0,12.600000000000001,4.4,0.0
1377332855,4,10399.998544,211.4666370613333,2.033333333333333,1.6703488E7,167772.0,0.0,12.600000000000001,4.533333333333333,0.0
1377333155,4,10399.998544,213.199970152,2.05,1.6703488E7,212511.2,0.0,12.466666666666667,4.466666666666667,0.0
1377333455,4,10399.998544,214.93330324266663,2.0666666666666664,1.6703488E7,469761.6,0.0,12.466666666666667,4.466666666666667,0.06666666666666667
1377333755,4,10399.998544,207.99997088,2.0,1.6703488E7,234880.8,0.0,12.333333333333334,4.6,0.0
1377334055,4,10399.998544,213.199970152,2.05,1.6703488E7,301989.6,0.0,12.133333333333333,4.4,0.0
1377334355,4,10399.998544,209.73330397066667,2.0166666666666666,1.6703488E7,301989.6,0.0,12.066666666666666,4.466666666666667,0.06666666666666667
1377334655,4,10399.998544,213.199970152,2.05,1.6703488E7,167772.0,0.0,12.133333333333333,4.4,0.0
1377334955,4,10399.998544,237.4666334213333,2.283333333333333,1.6703488E7,212511.2,0.0,18.266666666666666,4.6,0.2
1377335255,4,10399.998544,233.99996724000002,2.25,1.6703488E7,268435.2,0.0,13.333333333333332,4.333333333333333,0.06666666666666667
1377335555,4,10399.998544,221.86663560533333,2.1333333333333333,1.6703488E7,201326.4,0.0,17.333333333333332,4.4,0.0
1377335855,4,10399.998544,213.199970152,2.05,1.6703488E7,167772.0,0.0,12.466666666666667,4.533333333333333,0.0
1377336155,4,10399.998544,209.73330397066667,2.0166666666666666,1.6703488E7,178956.8,0.0,12.133333333333333,4.533333333333333,0.0
1377336455,4,10399.998544,213.199970152,2.05,1.6703488E7,201326.4,0.0,12.066666666666666,4.466666666666667,0.0
1377336755,4,10399.998544,207.99997088,2.0,1.6703488E7,335544.0,0.0,12.600000000000001,4.466666666666667,0.0
1377337055,4,10399.998544,216.66663633333334,2.0833333333333335,1.6703488E7,212511.2,0.0,12.533333333333335,4.466666666666667,0.0
1377337355,4,10399.998544,209.73330397066667,2.0166666666666666,1.6703488E7,67108.8,0.0,12.4,4.6,0.0
1377337655,4,10399.998544,213.199970152,2.05,1.6703488E7,0.0,0.0,12.4,4.533333333333333,0.0
1377337955,4,10399.998544,207.99997088,2.0,1.6703488E7,134217.6,0.0,12.333333333333334,4.466666666666667,0.0
1377338255,4,10399.998544,213.199970152,2.05,1.6703488E7,111848.0,0.0,12.333333333333334,4.333333333333333,0.06666666666666667
1377338555,4,10399.998544,214.93330324266663,2.0666666666666664,1.6703488E7,100663.2,0.0,13.133333333333333,4.333333333333333,0.0
1377338855,4,10399.998544,225.33330178666662,2.1666666666666665,1.6703488E7,156587.2,0.0,13.933333333333334,4.466666666666667,0.06666666666666667
1377339156,4,10399.998544,223.599968696,2.15,1.6703488E7,380283.2,0.0,17.266666666666666,4.4,0.06666666666666667
1377339456,4,10399.998544,211.4666370613333,2.033333333333333,1.6703488E7,190141.6,0.0,12.266666666666666,4.4,0.0
1377339756,4,10399.998544,209.73330397066667,2.0166666666666666,1.6703488E7,246065.6,0.0,12.666666666666668,4.466666666666667,0.0
1377340056,4,10399.998544,211.4666370613333,2.033333333333333,1.6703488E7,167772.0,0.0,12.2,4.533333333333333,0.0
1377340356,4,10399.998544,209.73330397066667,2.0166666666666666,1.6703488E7,268435.2,0.0,12.733333333333334,4.466666666666667,0.06666666666666667
1377340656,4,10399.998544,213.199970152,2.05,1.6703488E7,301989.6,0.0,12.6,4.466666666666667,0.0
1377340956,4,10399.998544,209.73330397066667,2.0166666666666666,1.6703488E7,279620.0,0.0,12.533333333333333,4.466666666666667,0.06666666666666667
1377341256,4,10399.998544,211.4666370613333,2.033333333333333,1.6703488E7,234880.8,0.0,12.533333333333333,4.4,0.0
1377341556,4,10399.998544,209.73330397066667,2.0166666666666666,1.6703488E7,89478.4,0.0,12.333333333333334,4.4,0.0
1377341856,4,10399.998544,211.4666370613333,2.033333333333333,1.6703488E7,167772.0,0.0,12.133333333333333,4.4,0.06666666666666667
1377342156,4,10399.998544,214.93330324266663,2.0666666666666664,1.6703488E7,313174.4,0.0,13.066666666666666,4.4,0.06666666666666667
1377342456,4,10399.998544,221.86663560533333,2.1333333333333333,1.6703488E7,380283.2,0.0,13.399999999999999,4.666666666666667,0.0
1377342756,4,10399.998544,223.599968696,2.15,1.6703488E7,492131.2,0.0,17.533333333333335,4.4,0.06666666666666667
1377343056,4,10399.998544,211.4666370613333,2.033333333333333,1.6703488E7,234880.8,0.0,12.066666666666666,4.4,0.0
1377343356,4,10399.998544,209.73330397066667,2.0166666666666666,1.6703488E7,234880.8,0.0,12.466666666666667,4.333333333333333,0.0
1377343656,4,10399.998544,214.93330324266663,2.0666666666666664,1.6703488E7,178956.8,0.0,12.0,4.533333333333333,0.0
1377343956,4,10399.998544,209.73330397066667,2.0166666666666666,1.6703488E7,301989.6,0.0,13.0,4.533333333333333,0.0
1377344256,4,10399.998544,214.93330324266663,2.0666666666666664,1.6703488E7,67108.8,0.0,12.866666666666667,4.4,0.0
1377344556,4,10399.998544,209.73330397066667,2.0166666666666666,1.6703488E7,234880.8,0.0,12.266666666666666,4.533333333333333,0.0
1377344856,4,10399.998544,211.4666370613333,2.033333333333333,1.6703488E7,201326.4,0.0,12.266666666666666,4.4,0.06666666666666667
1377345156,4,10399.998544,209.73330397066667,2.0166666666666666,1.6703488E7,156587.2,0.0,12.066666666666666,4.4,0.0
1377345456,4,10399.998544,211.4666370613333,2.033333333333333,1.6703488E7,234880.8,0.0,12.466666666666667,4.333333333333333,0.0
1377345756,4,10399.998544,214.93330324266663,2.0666666666666664,1.6703488E7,301989.6,0.0,13.266666666666666,4.466666666666667,0.13333333333333333
1377346056,4,10399.998544,225.33330178666662,2.1666666666666665,1.6703488E7,268435.2,0.0,13.2,4.533333333333333,0.0
1377346356,4,10399.998544,223.599968696,2.15,1.6703488E7,447392.0,0.0,17.266666666666666,4.4,0.0
1377346656,4,10399.998544,213.199970152,2.05,1.6703488E7,201326.4,0.0,12.133333333333333,4.4,0.0
1377346956,4,10399.998544,211.4666370613333,2.033333333333333,1.6703488E7,178956.8,0.0,12.600000000000001,4.466666666666667,0.0
1377347256,4,10399.998544,211.4666370613333,2.033333333333333,1.6703488E7,234880.8,0.0,12.2,4.6,0.0
1377347556,4,10399.998544,209.73330397066667,2.0166666666666666,1.6703488E7,268435.2,0.0,12.466666666666667,4.533333333333333,0.0
1377347856,4,10399.998544,213.199970152,2.05,1.6703488E7,178956.8,0.0,12.600000000000001,4.466666666666667,0.0
1377348156,4,10399.998544,211.4666370613333,2.033333333333333,1.6703488E7,212511.2,0.0,12.2,4.466666666666667,0.0
1377348456,4,10399.998544,213.199970152,2.05,1.6703488E7,234880.8,0.0,12.266666666666666,4.533333333333333,0.0
1377348757,4,10399.998544,211.4666370613333,2.033333333333333,1.6703488E7,167772.0,0.0,12.533333333333333,4.533333333333333,0.06666666666666667
1377349057,4,10399.998544,211.4666370613333,2.033333333333333,1.6703488E7,167772.0,0.0,12.866666666666667,4.6,0.06666666666666667
1377349357,4,10399.998544,216.66663633333334,2.0833333333333335,1.6703488E7,246065.6,0.0,13.666666666666668,4.666666666666667,0.06666666666666667
1377349657,4,10399.998544,225.33330178666662,2.1666666666666665,1.6703488E7,335544.0,0.0,14.066666666666666,4.666666666666667,0.06666666666666667
1377349957,4,10399.998544,225.33330178666662,2.1666666666666665,1.6703488E7,402652.8,0.0,17.46666666666667,4.6,0.06666666666666667
1377350257,4,10399.998544,211.4666370613333,2.033333333333333,1.6703488E7,257250.4,0.0,12.2,4.733333333333333,0.0
1377350557,4,10399.998544,233.99996724000002,2.25,1.6703488E7,134217.6,0.0,12.8,4.6,0.0
1377350857,4,10399.998544,211.4666370613333,2.033333333333333,1.6703488E7,223696.0,0.0,12.4,4.6,0.0
1377351157,4,10399.998544,211.4666370613333,2.033333333333333,1.6703488E7,201326.4,0.0,12.6,4.6,0.0
1377351457,4,10399.998544,214.93330324266663,2.0666666666666664,1.6703488E7,190141.6,0.0,12.866666666666667,4.666666666666667,0.0
1377351757,4,10399.998544,213.199970152,2.05,1.6703488E7,391468.0,0.0,12.4,4.466666666666667,0.0
1377352057,4,10399.998544,211.4666370613333,2.033333333333333,1.6703488E7,257250.4,0.0,12.466666666666667,4.6,0.06666666666666667
1377352357,4,10399.998544,213.199970152,2.05,1.6703488E7,279620.0,0.0,12.666666666666668,4.6,0.0
1377352657,4,10399.998544,211.4666370613333,2.033333333333333,1.6703488E7,279620.0,0.0,12.2,4.533333333333333,0.0
1377352957,4,10399.998544,214.93330324266663,2.0666666666666664,1.6703488E7,201326.4,0.0,13.533333333333335,4.533333333333333,0.06666666666666667
1377353257,4,10399.998544,225.33330178666662,2.1666666666666665,1.6703488E7,279620.0,0.0,13.4,4.533333333333333,0.06666666666666667
1377353557,4,10399.998544,228.79996796800003,2.2,1.6703488E7,290804.8,0.0,17.466666666666665,4.6,0.0
1377353857,4,10399.998544,225.33330178666662,2.1666666666666665,1.6703488E7,100663.2,0.0,12.2,4.6,0.0
1377354157,4,10399.998544,218.399969424,2.1,1.6703488E7,246065.6,0.0,12.733333333333334,4.4,0.06666666666666667
1377354457,4,10399.998544,211.4666370613333,2.033333333333333,1.6703488E7,201326.4,0.0,12.6,4.466666666666667,0.0
1377354757,4,10399.998544,209.73330397066667,2.0166666666666666,1.6703488E7,145402.4,0.0,12.6,4.533333333333333,0.0
1377355057,4,10399.998544,213.199970152,2.05,1.6703488E7,190141.6,0.0,13.0,4.6,0.0
1377355357,4,10399.998544,211.4666370613333,2.033333333333333,1.6703488E7,201326.4,0.0,12.533333333333335,4.6,0.0
1377355657,4,10399.998544,213.199970152,2.05,1.6703488E7,100663.2,0.0,12.466666666666667,4.6,0.0
1377355957,4,10399.998544,209.73330397066667,2.0166666666666666,1.6703488E7,100663.2,0.0,12.733333333333334,4.6,0.06666666666666667
1377356257,4,10399.998544,211.4666370613333,2.033333333333333,1.6703488E7,0.0,0.0,12.466666666666667,4.533333333333333,0.0
1377356557,4,10399.998544,216.66663633333334,2.0833333333333335,1.6703488E7,145402.4,0.0,13.533333333333333,4.666666666666667,0.06666666666666667
1377356857,4,10399.998544,223.599968696,2.15,1.6703488E7,257250.4,0.0,13.533333333333331,4.6,0.06666666666666667
1377357157,4,10399.998544,225.33330178666662,2.1666666666666665,1.6703488E7,369098.4,0.0,17.133333333333333,4.6,0.0
1377357457,4,10399.998544,213.199970152,2.05,1.6703488E7,134217.6,0.0,12.466666666666667,4.666666666666667,0.0
1377357757,4,10399.998544,213.199970152,2.05,1.6703488E7,313174.4,0.0,12.399999999999999,4.533333333333333,0.0
1377358057,4,10399.998544,211.4666370613333,2.033333333333333,1.6703488E7,268435.2,0.0,12.533333333333333,4.6,0.0
1377358357,4,10399.998544,213.199970152,2.05,1.6703488E7,234880.8,0.0,12.533333333333333,4.533333333333333,0.0
1377358658,4,10399.998544,214.93330324266663,2.0666666666666664,1.6703488E7,100663.2,0.0,12.4,4.666666666666667,0.06666666666666667
1377358957,4,10399.998544,211.4666370613333,2.033333333333333,1.6703488E7,167772.0,0.0,12.466666666666667,4.533333333333333,0.0
1377359257,4,10399.998544,209.73330397066667,2.0166666666666666,1.6703488E7,134217.6,0.0,12.533333333333333,4.6,0.0
1377359557,4,10399.998544,211.4666370613333,2.033333333333333,1.6703488E7,134217.6,0.0,12.533333333333333,4.6,0.0
1377359857,4,10399.998544,207.99997088,2.0,1.6703488E7,357913.6,0.0,12.6,4.466666666666667,0.06666666666666667
1377360157,4,10399.998544,216.66663633333334,2.0833333333333335,1.6703488E7,167772.0,0.0,13.6,4.666666666666667,0.06666666666666667
1377360457,4,10399.998544,244.39996578400002,2.35,1.6703488E7,335544.0,0.0,14.066666666666666,4.6,0.13333333333333333
1377360757,4,10399.998544,225.33330178666662,2.1666666666666665,1.6703488E7,301989.6,0.0,17.133333333333333,4.6,0.0
1377361057,4,10399.998544,209.73330397066667,2.0166666666666666,1.6703488E7,268435.2,0.0,12.533333333333333,4.533333333333333,0.06666666666666667
1377361357,4,10399.998544,214.93330324266663,2.0666666666666664,1.6703488E7,167772.0,0.0,12.466666666666667,4.533333333333333,0.0
1377361657,4,10399.998544,213.199970152,2.05,1.6703488E7,67108.8,0.0,12.466666666666667,4.6,0.0
1377361957,4,10399.998544,213.199970152,2.05,1.6703488E7,145402.4,0.0,13.0,4.6,0.06666666666666667
1377362257,4,10399.998544,213.199970152,2.05,1.6703488E7,156587.2,0.0,13.066666666666666,4.6,0.0
1377362557,4,10399.998544,213.199970152,2.05,1.6703488E7,134217.6,0.0,12.8,4.466666666666667,0.0
1377362857,4,10399.998544,209.73330397066667,2.0166666666666666,1.6703488E7,257250.4,0.0,12.333333333333332,4.666666666666667,0.06666666666666667
1377363157,4,10399.998544,211.4666370613333,2.033333333333333,1.6703488E7,234880.8,0.0,12.8,4.533333333333333,0.0
1377363457,4,10399.998544,209.73330397066667,2.0166666666666666,1.6703488E7,167772.0,0.0,12.533333333333335,4.533333333333333,0.0
1377363757,4,10399.998544,218.399969424,2.1,1.6703488E7,391468.0,0.0,13.066666666666666,4.733333333333333,0.06666666666666667
1377364057,4,10399.998544,221.86663560533333,2.1333333333333333,1.6703488E7,413837.6,0.0,13.333333333333334,4.6,0.06666666666666667
1377364357,4,10399.998544,223.599968696,2.15,1.6703488E7,570424.8,0.0,17.266666666666666,4.4,0.0
1377364657,4,10399.998544,214.93330324266663,2.0666666666666664,1.6703488E7,167772.0,0.0,12.733333333333334,4.533333333333333,0.0
1377364957,4,10399.998544,225.33330178666662,2.1666666666666665,1.6703488E7,78293.6,0.0,12.333333333333332,4.6,0.0
1377365257,4,10399.998544,207.99997088,2.0,1.6703488E7,324359.2,0.0,12.6,4.533333333333333,0.0
1377365558,4,10399.998544,213.199970152,2.05,1.6703488E7,145402.4,0.0,12.8,4.666666666666667,0.0
1377365858,4,10399.998544,213.199970152,2.05,1.6703488E7,257250.4,0.0,12.4,4.533333333333333,0.0
1377366158,4,10399.998544,213.199970152,2.05,1.6703488E7,503316.0,0.0,12.8,4.533333333333333,0.0
1377366458,4,10399.998544,209.73330397066667,2.0166666666666666,1.6703488E7,324359.2,0.0,12.533333333333333,4.666666666666667,0.0
1377366758,4,10399.998544,218.399969424,2.1,1.6703488E7,190141.6,0.0,12.533333333333333,4.533333333333333,0.0
1377367058,4,10399.998544,209.73330397066667,2.0166666666666666,1.6703488E7,268435.2,0.0,12.333333333333332,4.466666666666667,0.0
1377367358,4,10399.998544,218.399969424,2.1,1.6703488E7,313174.4,0.0,13.533333333333333,4.733333333333333,0.06666666666666667
1377367658,4,10399.998544,223.599968696,2.15,1.6703488E7,458576.8,0.0,13.666666666666666,4.666666666666667,0.0
1377367958,4,10399.998544,232.26663414933333,2.2333333333333334,1.6703488E7,603979.2,0.0,17.4,4.6,0.0
1377368258,4,10399.998544,207.99997088,2.0,1.6703488E7,324359.2,0.0,12.466666666666667,4.6,0.0
1377368558,4,10399.998544,213.199970152,2.05,1.6703488E7,268435.2,0.0,12.466666666666667,4.6,0.0
1377368858,4,10399.998544,211.4666370613333,2.033333333333333,1.6703488E7,201326.4,0.0,12.466666666666667,4.533333333333333,0.0
1377369158,4,10399.998544,213.199970152,2.05,1.6703488E7,156587.2,0.0,12.666666666666668,4.666666666666667,0.0
1377369458,4,10399.998544,214.93330324266663,2.0666666666666664,1.6703488E7,190141.6,0.0,12.666666666666666,4.6,0.0
1377369758,4,10399.998544,213.199970152,2.05,1.6703488E7,167772.0,0.0,12.666666666666668,4.666666666666667,0.06666666666666667
1377370058,4,10399.998544,207.99997088,2.0,1.6703488E7,134217.6,0.0,12.333333333333334,4.466666666666667,0.0
1377370358,4,10399.998544,213.199970152,2.05,1.6703488E7,0.0,0.0,12.666666666666668,4.533333333333333,0.0
1377370658,4,10399.998544,211.4666370613333,2.033333333333333,1.6703488E7,190141.6,0.0,12.6,4.6,0.06666666666666667
1377370958,4,10399.998544,220.1333025146667,2.1166666666666667,1.6703488E7,301989.6,0.0,13.666666666666666,4.666666666666667,0.06666666666666667
1377371258,4,10399.998544,225.33330178666662,2.1666666666666665,1.6703488E7,436207.2,0.0,13.666666666666668,4.666666666666667,0.06666666666666667
1377371558,4,10399.998544,227.06663487733334,2.1833333333333336,1.6703488E7,268435.2,0.0,17.46666666666667,4.666666666666667,0.0
1377371858,4,10399.998544,209.73330397066667,2.0166666666666666,1.6703488E7,145402.4,0.0,12.533333333333335,4.533333333333333,0.06666666666666667
1377372158,4,10399.998544,214.93330324266663,2.0666666666666664,1.6703488E7,223696.0,0.0,12.600000000000001,4.466666666666667,0.0
1377372458,4,10399.998544,207.99997088,2.0,1.6703488E7,134217.6,0.0,12.266666666666667,4.533333333333333,0.0
1377372758,4,10399.998544,213.199970152,2.05,1.6703488E7,357913.6,0.0,12.8,4.466666666666667,0.0
1377373058,4,10399.998544,213.199970152,2.05,1.6703488E7,212511.2,0.0,12.533333333333335,4.6,0.06666666666666667
1377373358,4,10399.998544,199.33330542666667,1.9166666666666665,1.6703488E7,33554.4,0.0,5.866666666666667,1.3333333333333333,0.0
1377373658,4,10399.998544,187.199973792,1.8,1.6703488E7,0.0,0.0,2.7333333333333334,0.0,0.0
1377373958,4,10399.998544,190.66663997333336,1.8333333333333335,1.6703488E7,111848.0,0.0,3.2,0.0,0.0
1377374259,4,10399.998544,190.66663997333336,1.8333333333333335,1.6703488E7,190141.6,0.0,2.933333333333333,0.0,0.0
1377374559,4,10399.998544,211.4666370613333,2.033333333333333,1.6703488E7,78293.6,0.0,3.6666666666666665,0.06666666666666667,0.0
1377374859,4,10399.998544,202.79997160799996,1.95,1.6703488E7,201326.4,0.0,3.8000000000000003,0.06666666666666667,0.0
1377375159,4,10399.998544,202.79997160799996,1.95,1.6703488E7,458576.8,0.0,7.933333333333334,0.0,0.0
1377375459,4,10399.998544,183.73330761066666,1.7666666666666666,1.6703488E7,167772.0,0.0,2.7333333333333334,0.0,0.0
1377375759,4,10399.998544,192.399973064,1.85,1.6703488E7,167772.0,0.0,3.0,0.0,0.0
1377376059,4,10399.998544,185.46664070133335,1.7833333333333334,1.6703488E7,22369.6,0.0,2.933333333333333,0.0,0.0
1377376359,4,10399.998544,190.66663997333336,1.8333333333333335,1.6703488E7,111848.0,0.0,3.066666666666667,0.0,0.0
1377376659,4,10399.998544,187.199973792,1.8,1.6703488E7,55924.0,0.0,3.2666666666666666,0.0,0.0
1377376959,4,10399.998544,197.59997233599998,1.9,1.6703488E7,44739.2,0.0,3.066666666666667,0.0,0.0
1377377259,4,10399.998544,197.59997233599998,1.9,1.6703488E7,123032.8,0.0,2.8,0.0,0.0
1377377559,4,10399.998544,190.66663997333336,1.8333333333333335,1.6703488E7,123032.8,0.0,2.933333333333333,0.0,0.0
1377377859,4,10399.998544,183.73330761066666,1.7666666666666666,1.6703488E7,44739.2,0.0,3.0,0.0,0.0
1377378159,4,10399.998544,192.399973064,1.85,1.6703488E7,100663.2,0.0,3.7333333333333334,0.06666666666666667,0.0
1377378459,4,10399.998544,199.33330542666667,1.9166666666666665,1.6703488E7,78293.6,0.0,3.9333333333333336,0.06666666666666667,0.0
1377378759,4,10399.998544,220.1333025146667,2.1166666666666667,1.6703488E7,201326.4,0.0,7.866666666666666,0.0,0.0
1377379059,4,10399.998544,188.93330688266667,1.8166666666666667,1.6703488E7,89478.4,0.0,2.7333333333333334,0.0,0.0
1377379359,4,10399.998544,188.93330688266667,1.8166666666666667,1.6703488E7,0.0,0.0,2.933333333333333,0.0,0.0
1377379659,4,10399.998544,183.73330761066666,1.7666666666666666,1.6703488E7,0.0,0.0,2.6666666666666665,0.0,0.0
1377379959,4,10399.998544,192.399973064,1.85,1.6703488E7,0.0,0.0,3.2,0.0,0.0
1377380259,4,10399.998544,197.59997233599998,1.9,1.6703488E7,234880.8,0.0,3.3333333333333335,0.0,0.0
1377380559,4,10399.998544,188.93330688266667,1.8166666666666667,1.6703488E7,234880.8,0.0,2.933333333333333,0.0,0.0
1377380859,4,10399.998544,188.93330688266667,1.8166666666666667,1.6703488E7,167772.0,0.0,2.8666666666666667,0.0,0.0
1377381159,4,10399.998544,190.66663997333336,1.8333333333333335,1.6703488E7,156587.2,0.0,2.8666666666666667,0.0,0.0
1377381459,4,10399.998544,188.93330688266667,1.8166666666666667,1.6703488E7,134217.6,0.0,4.133333333333334,0.0,0.0
1377381759,4,10399.998544,192.399973064,1.85,1.6703488E7,167772.0,0.0,3.6666666666666665,0.06666666666666667,0.0
1377382059,4,10399.998544,201.06663851733333,1.9333333333333333,1.6703488E7,33554.4,0.0,4.333333333333333,0.06666666666666667,0.0
1377382359,4,10399.998544,202.79997160799996,1.95,1.6703488E7,201326.4,0.0,7.866666666666666,0.0,0.0
1377382659,4,10399.998544,185.46664070133335,1.7833333333333334,1.6703488E7,100663.2,0.0,2.8666666666666667,0.0,0.0
1377382959,4,10399.998544,192.399973064,1.85,1.6703488E7,201326.4,0.0,3.1333333333333333,0.0,0.0
1377383259,4,10399.998544,194.13330615466666,1.8666666666666665,1.6703488E7,167772.0,0.0,2.933333333333333,0.0,0.0
1377383559,4,10399.998544,190.66663997333336,1.8333333333333335,1.6703488E7,33554.4,0.0,3.1333333333333333,0.0,0.0
1377383859,4,10399.998544,192.399973064,1.85,1.6703488E7,67108.8,0.0,3.2,0.0,0.0
1377384159,4,10399.998544,237.4666334213333,2.283333333333333,1.6703488E7,167772.0,0.0,26.46666666666667,1.0,1.8666666666666667
1377384459,4,10399.998544,192.399973064,1.85,1.6703488E7,201326.4,0.0,4.066666666666666,0.0,0.0
1377384759,4,10399.998544,188.93330688266667,1.8166666666666667,1.6703488E7,134217.6,0.0,3.1333333333333333,0.0,0.0
1377385059,4,10399.998544,194.13330615466666,1.8666666666666665,1.6703488E7,67108.8,0.0,3.066666666666667,0.0,0.0
1377385360,4,10399.998544,194.13330615466666,1.8666666666666665,1.6703488E7,67108.8,0.0,3.8666666666666667,0.06666666666666667,0.0
1377385660,4,10399.998544,199.33330542666667,1.9166666666666665,1.6703488E7,100663.2,0.0,3.8666666666666667,0.06666666666666667,0.0
1377385960,4,10399.998544,206.26663778933332,1.9833333333333334,1.6703488E7,369098.4,0.0,7.666666666666667,0.0,0.0
1377386260,4,10399.998544,187.199973792,1.8,1.6703488E7,167772.0,0.0,2.8666666666666667,0.0,0.0
1377386560,4,10399.998544,187.199973792,1.8,1.6703488E7,134217.6,0.0,2.8666666666666667,0.0,0.0
1377386860,4,10399.998544,192.399973064,1.85,1.6703488E7,100663.2,0.0,2.6666666666666665,0.0,0.0
1377387160,4,10399.998544,192.399973064,1.85,1.6703488E7,167772.0,0.0,3.0,0.0,0.0
1377387460,4,10399.998544,192.399973064,1.85,1.6703488E7,201326.4,0.0,3.2,0.0,0.0
1377387760,4,10399.998544,190.66663997333336,1.8333333333333335,1.6703488E7,134217.6,0.0,3.066666666666667,0.0,0.0
1377388060,4,10399.998544,187.199973792,1.8,1.6703488E7,134217.6,0.0,2.8666666666666667,0.0,0.0
1377388360,4,10399.998544,188.93330688266667,1.8166666666666667,1.6703488E7,100663.2,0.0,2.8666666666666667,0.0,0.0
1377388660,4,10399.998544,187.199973792,1.8,1.6703488E7,89478.4,0.0,2.8666666666666667,0.0,0.0
1377388960,4,10399.998544,194.13330615466666,1.8666666666666665,1.6703488E7,346728.8,0.0,3.7333333333333334,0.06666666666666667,0.0
1377389260,4,10399.998544,199.33330542666667,1.9166666666666665,1.6703488E7,324359.2,0.0,3.9333333333333336,0.06666666666666667,0.0
1377389560,4,10399.998544,204.53330469866665,1.9666666666666666,1.6703488E7,559240.0,0.0,7.733333333333333,0.0,0.0
1377389860,4,10399.998544,188.93330688266667,1.8166666666666667,1.6703488E7,67108.8,0.0,2.8666666666666667,0.0,0.0
1377390160,4,10399.998544,190.66663997333336,1.8333333333333335,1.6703488E7,123032.8,0.0,2.8666666666666667,0.0,0.0
1377390460,4,10399.998544,192.399973064,1.85,1.6703488E7,111848.0,0.0,2.6666666666666665,0.0,0.0
1377390760,4,10399.998544,188.93330688266667,1.8166666666666667,1.6703488E7,178956.8,0.0,3.2,0.0,0.0
1377391060,4,10399.998544,192.399973064,1.85,1.6703488E7,190141.6,0.0,3.0,0.0,0.0
1377391360,4,10399.998544,192.399973064,1.85,1.6703488E7,33554.4,0.0,3.0,0.0,0.0
1377391660,4,10399.998544,187.199973792,1.8,1.6703488E7,156587.2,0.0,2.8,0.0,0.0
1377391961,4,10399.998544,194.13330615466666,1.8666666666666665,1.6703488E7,22369.6,0.0,2.7333333333333334,0.0,0.0
1377392261,4,10399.998544,202.79997160799996,1.95,1.6703488E7,33554.4,0.0,2.8,0.0,0.0
1377392561,4,10399.998544,192.399973064,1.85,1.6703488E7,55924.0,0.0,3.6666666666666665,0.06666666666666667,0.0
1377392861,4,10399.998544,207.99997088,2.0,1.6703488E7,134217.6,0.0,63.26666666666667,15.0,0.3333333333333333
1377393161,4,10399.998544,209.73330397066667,2.0166666666666666,1.6703488E7,234880.8,0.0,7.733333333333333,0.0,0.0
1377393461,4,10399.998544,207.99997088,2.0,1.6703488E7,156587.2,0.0,2.8666666666666667,0.0,0.0
1377393761,4,10399.998544,187.199973792,1.8,1.6703488E7,123032.8,0.0,3.0,0.0,0.0
1377394061,4,10399.998544,188.93330688266667,1.8166666666666667,1.6703488E7,178956.8,0.0,2.8666666666666667,0.0,0.0
1377394361,4,10399.998544,188.93330688266667,1.8166666666666667,1.6703488E7,100663.2,0.0,3.0,0.0,0.0
1377394661,4,10399.998544,192.399973064,1.85,1.6703488E7,156587.2,0.0,3.1333333333333333,0.0,0.0
1377394961,4,10399.998544,190.66663997333336,1.8333333333333335,1.6703488E7,111848.0,0.0,3.066666666666667,0.0,0.0
1377395261,4,10399.998544,192.399973064,1.85,1.6703488E7,67108.8,0.0,2.8666666666666667,0.0,0.0
1377395561,4,10399.998544,254.79996432800002,2.45,1.6703488E7,78293.6,0.0,53.46666666666667,2.2,122.13333333333334
1377395861,4,10399.998544,701.99990172,6.75,1.6703488E7,301989.6,0.0,114.4,5.2,96.8
1377396161,4,10399.998544,360.5332828586667,3.466666666666667,1.6703488E7,346728.8,0.0,8.066666666666666,1.4666666666666666,0.7333333333333333
1377396461,4,10399.998544,206.26663778933332,1.9833333333333334,1.6703488E7,134217.6,0.0,4.933333333333333,0.06666666666666667,0.0
1377396761,4,10399.998544,204.53330469866665,1.9666666666666666,1.6703488E7,167772.0,0.0,7.733333333333333,0.0,0.0
1377397061,4,10399.998544,194.13330615466666,1.8666666666666665,1.6703488E7,67108.8,0.0,2.8,0.0,0.0
1377397361,4,10399.998544,400.39994394400003,3.85,1.6703488E7,246065.6,0.0,24.266666666666666,7.0,14.666666666666666
1377397661,4,10399.998544,363.99994904,3.5,1.6703488E7,246065.6,0.0,3.8,0.0,0.0
1377397961,4,10399.998544,192.399973064,1.85,1.6703488E7,134217.6,0.0,3.0,0.0,0.0
1377398261,4,10399.998544,195.86663924533335,1.8833333333333335,1.6703488E7,22369.6,0.0,3.4,0.0,0.0
1377398561,4,10399.998544,192.399973064,1.85,1.6703488E7,0.0,0.0,3.0,0.0,0.0
1377398861,4,10399.998544,192.399973064,1.85,1.6703488E7,33554.4,0.0,2.8666666666666667,0.0,0.0
1377399161,4,10399.998544,192.399973064,1.85,1.6703488E7,0.0,0.0,3.066666666666667,0.0,0.0
1377399461,4,10399.998544,197.59997233599998,1.9,1.6703488E7,234880.8,0.0,2.7333333333333334,0.0,0.0
1377399761,4,10399.998544,202.79997160799996,1.95,1.6703488E7,357913.6,0.0,3.8,0.06666666666666667,0.0
1377400061,4,10399.998544,204.53330469866665,1.9666666666666666,1.6703488E7,156587.2,0.0,3.8666666666666667,0.06666666666666667,0.0
1377400362,4,10399.998544,201.06663851733333,1.9333333333333333,1.6703488E7,279620.0,0.0,7.933333333333334,0.0,0.0
1377400662,4,10399.998544,190.66663997333336,1.8333333333333335,1.6703488E7,134217.6,0.0,3.0,0.0,0.0
1377400962,4,10399.998544,188.93330688266667,1.8166666666666667,1.6703488E7,89478.4,0.0,2.933333333333333,0.0,0.0
1377401262,4,10399.998544,188.93330688266667,1.8166666666666667,1.6703488E7,257250.4,0.0,2.8,0.0,0.0
1377401562,4,10399.998544,187.199973792,1.8,1.6703488E7,156587.2,0.0,3.066666666666667,0.0,0.0
1377401862,4,10399.998544,190.66663997333336,1.8333333333333335,1.6703488E7,67108.8,0.0,3.2,0.0,0.0
1377402162,4,10399.998544,188.93330688266667,1.8166666666666667,1.6703488E7,78293.6,0.0,3.0,0.0,0.0
1377402462,4,10399.998544,204.53330469866665,1.9666666666666666,1.6703488E7,257250.4,0.0,2.933333333333333,0.0,0.0
1377402762,4,10399.998544,201.06663851733333,1.9333333333333333,1.6703488E7,324359.2,0.0,3.066666666666667,0.0,0.0
1377403062,4,10399.998544,192.399973064,1.85,1.6703488E7,134217.6,0.0,2.933333333333333,0.0,0.0
1377403362,4,10399.998544,192.399973064,1.85,1.6703488E7,223696.0,0.0,3.7333333333333334,0.06666666666666667,0.0
1377403662,4,10399.998544,202.79997160799996,1.95,1.6703488E7,268435.2,0.0,4.6,0.06666666666666667,0.0
1377403962,4,10399.998544,204.53330469866665,1.9666666666666666,1.6703488E7,234880.8,0.0,8.0,0.0,0.0
1377404262,4,10399.998544,188.93330688266667,1.8166666666666667,1.6703488E7,67108.8,0.0,3.066666666666667,0.0,0.0
1377404562,4,10399.998544,187.199973792,1.8,1.6703488E7,268435.2,0.0,3.0,0.0,0.0
1377404862,4,10399.998544,187.199973792,1.8,1.6703488E7,123032.8,0.0,2.933333333333333,0.0,0.0
1377405162,4,10399.998544,188.93330688266667,1.8166666666666667,1.6703488E7,246065.6,0.0,3.0,0.0,0.0
1377405462,4,10399.998544,188.93330688266667,1.8166666666666667,1.6703488E7,369098.4,0.0,3.1333333333333333,0.0,0.0
1377405762,4,10399.998544,188.93330688266667,1.8166666666666667,1.6703488E7,67108.8,0.0,3.2,0.0,0.0
1377406062,4,10399.998544,199.33330542666667,1.9166666666666665,1.6703488E7,33554.4,0.0,2.8,0.0,0.0
1377406362,4,10399.998544,204.53330469866665,1.9666666666666666,1.6703488E7,89478.4,0.0,2.933333333333333,0.0,0.0
1377406662,4,10399.998544,188.93330688266667,1.8166666666666667,1.6703488E7,100663.2,0.0,2.8,0.0,0.0
1377406962,4,10399.998544,192.399973064,1.85,1.6703488E7,134217.6,0.0,3.7333333333333334,0.06666666666666667,0.0
1377407262,4,10399.998544,204.53330469866665,1.9666666666666666,1.6703488E7,257250.4,0.0,3.8000000000000003,0.06666666666666667,0.0
1377407562,4,10399.998544,202.79997160799996,1.95,1.6703488E7,301989.6,0.0,8.0,0.0,0.0
1377407862,4,10399.998544,188.93330688266667,1.8166666666666667,1.6703488E7,111848.0,0.0,2.933333333333333,0.0,0.0
1377408162,4,10399.998544,188.93330688266667,1.8166666666666667,1.6703488E7,167772.0,0.0,3.066666666666667,0.0,0.0
1377408462,4,10399.998544,195.86663924533335,1.8833333333333335,1.6703488E7,67108.8,0.0,2.8,0.0,0.0
1377408762,4,10399.998544,187.199973792,1.8,1.6703488E7,123032.8,0.0,3.066666666666667,0.0,0.0
1377409062,4,10399.998544,188.93330688266667,1.8166666666666667,1.6703488E7,234880.8,0.0,3.2,0.0,0.0
1377409362,4,10399.998544,188.93330688266667,1.8166666666666667,1.6703488E7,100663.2,0.0,2.933333333333333,0.0,0.0
1377409662,4,10399.998544,192.399973064,1.85,1.6703488E7,134217.6,0.0,2.933333333333333,0.0,0.0
1377409962,4,10399.998544,187.199973792,1.8,1.6703488E7,0.0,0.0,3.066666666666667,0.0,0.0
1377410262,4,10399.998544,192.399973064,1.85,1.6703488E7,67108.8,0.0,2.8666666666666667,0.0,0.0
1377410562,4,10399.998544,197.59997233599998,1.9,1.6703488E7,0.0,0.0,4.066666666666666,0.13333333333333333,0.0
1377410862,4,10399.998544,201.06663851733333,1.9333333333333333,1.6703488E7,212511.2,0.0,3.8666666666666667,0.06666666666666667,0.0
1377411162,4,10399.998544,221.86663560533333,2.1333333333333333,1.6703488E7,436207.2,0.0,16.066666666666666,3.8666666666666667,0.0
1377411462,4,10399.998544,213.199970152,2.05,1.6703488E7,301989.6,0.0,12.466666666666667,4.533333333333333,0.0
1377411763,4,10399.998544,209.73330397066667,2.0166666666666666,1.6703488E7,223696.0,0.0,12.600000000000001,4.466666666666667,0.06666666666666667
1377412063,4,10399.998544,213.199970152,2.05,1.6703488E7,369098.4,0.0,12.2,4.6,0.0
1377412363,4,10399.998544,207.99997088,2.0,1.6703488E7,268435.2,0.0,12.4,4.466666666666667,0.0
1377412663,4,10399.998544,214.93330324266663,2.0666666666666664,1.6703488E7,279620.0,0.0,12.466666666666667,4.466666666666667,0.0
1377412963,4,10399.998544,207.99997088,2.0,1.6703488E7,290804.8,0.0,12.266666666666666,4.466666666666667,0.0
1377413263,4,10399.998544,213.199970152,2.05,1.6703488E7,402652.8,0.0,12.533333333333333,4.466666666666667,0.0
1377413563,4,10399.998544,207.99997088,2.0,1.6703488E7,413837.6,0.0,12.066666666666666,4.4,0.0
1377413863,4,10399.998544,213.199970152,2.05,1.6703488E7,178956.8,0.0,12.6,4.533333333333333,0.0
1377414163,4,10399.998544,214.93330324266663,2.0666666666666664,1.6703488E7,67108.8,0.0,12.933333333333334,4.4,0.06666666666666667
1377414463,4,10399.998544,228.79996796800003,2.2,1.6703488E7,357913.6,0.0,13.933333333333334,4.6,0.06666666666666667
1377414763,4,10399.998544,223.599968696,2.15,1.6703488E7,492131.2,0.0,17.2,4.533333333333333,0.0
1377415063,4,10399.998544,213.199970152,2.05,1.6703488E7,234880.8,0.0,11.733333333333334,4.466666666666667,0.0
1377415363,4,10399.998544,207.99997088,2.0,1.6703488E7,212511.2,0.0,12.0,4.4,0.0
1377415663,4,10399.998544,211.4666370613333,2.033333333333333,1.6703488E7,313174.4,0.0,11.8,4.6,0.0
1377415963,4,10399.998544,207.99997088,2.0,1.6703488E7,178956.8,0.0,11.933333333333334,4.533333333333333,0.0
1377416263,4,10399.998544,213.199970152,2.05,1.6703488E7,167772.0,0.0,12.266666666666666,4.4,0.0
1377416563,4,10399.998544,207.99997088,2.0,1.6703488E7,145402.4,0.0,12.133333333333333,4.4,0.0
1377416863,4,10399.998544,213.199970152,2.05,1.6703488E7,123032.8,0.0,11.866666666666667,4.4,0.0
1377417163,4,10399.998544,207.99997088,2.0,1.6703488E7,100663.2,0.0,11.933333333333334,4.333333333333333,0.0
1377417463,4,10399.998544,211.4666370613333,2.033333333333333,1.6703488E7,78293.6,0.0,11.866666666666667,4.4,0.0
1377417763,4,10399.998544,213.199970152,2.05,1.6703488E7,212511.2,0.0,12.8,4.533333333333333,0.06666666666666667
1377418063,4,10399.998544,218.399969424,2.1,1.6703488E7,279620.0,0.0,13.066666666666666,4.533333333333333,0.0
1377418363,4,10399.998544,220.1333025146667,2.1166666666666667,1.6703488E7,167772.0,0.0,16.866666666666667,4.466666666666667,0.0
1377418663,4,10399.998544,213.199970152,2.05,1.6703488E7,78293.6,0.0,12.066666666666666,4.466666666666667,0.0
1377418963,4,10399.998544,207.99997088,2.0,1.6703488E7,357913.6,0.0,12.066666666666666,4.466666666666667,0.0
1377419263,4,10399.998544,213.199970152,2.05,1.6703488E7,234880.8,0.0,12.0,4.466666666666667,0.0
1377419564,4,10399.998544,207.99997088,2.0,1.6703488E7,145402.4,0.0,12.4,4.466666666666667,0.0
1377419864,4,10399.998544,213.199970152,2.05,1.6703488E7,234880.8,0.0,12.333333333333332,4.466666666666667,0.0
1377420164,4,10399.998544,207.99997088,2.0,1.6703488E7,123032.8,0.0,12.333333333333334,4.4,0.0
1377420464,4,10399.998544,213.199970152,2.05,1.6703488E7,324359.2,0.0,12.0,4.333333333333333,0.0
1377420764,4,10399.998544,223.599968696,2.15,1.6703488E7,246065.6,0.0,16.733333333333334,4.533333333333333,0.0
1377421064,4,10399.998544,213.199970152,2.05,1.6703488E7,279620.0,0.0,12.333333333333332,4.466666666666667,0.0
1377421364,4,10399.998544,213.199970152,2.05,1.6703488E7,145402.4,0.0,12.600000000000001,4.533333333333333,0.06666666666666667
1377421664,4,10399.998544,221.86663560533333,2.1333333333333333,1.6703488E7,123032.8,0.0,12.933333333333334,4.6,0.0
1377421964,4,10399.998544,221.86663560533333,2.1333333333333333,1.6703488E7,223696.0,0.0,16.8,4.266666666666667,0.0
1377422264,4,10399.998544,225.33330178666662,2.1666666666666665,1.6703488E7,257250.4,0.0,11.933333333333334,4.333333333333333,0.0
1377422564,4,10399.998544,213.199970152,2.05,1.6703488E7,33554.4,0.0,12.266666666666666,4.533333333333333,0.0
1377422864,4,10399.998544,213.199970152,2.05,1.6703488E7,44739.2,0.0,11.8,4.4,0.0
1377423164,4,10399.998544,207.99997088,2.0,1.6703488E7,100663.2,0.0,12.266666666666667,4.4,0.0
1377423464,4,10399.998544,213.199970152,2.05,1.6703488E7,257250.4,0.0,12.0,4.333333333333333,0.0
1377424064,4,10399.998544,207.99997088,2.0,1.6703488E7,0.0,0.0,12.066666666666666,4.266666666666667,0.0
1377424364,4,10399.998544,207.99997088,2.0,1.6703488E7,67108.8,0.0,12.133333333333333,4.333333333333333,0.0
1377424663,4,10399.998544,213.199970152,2.05,1.6703488E7,123032.8,0.0,11.6,4.333333333333333,0.0
1377424963,4,10399.998544,230.5333010586667,2.216666666666667,1.6703488E7,134217.6,0.0,18.066666666666666,4.4,0.2
1377425263,4,10399.998544,225.33330178666662,2.1666666666666665,1.6703488E7,246065.6,0.0,13.333333333333332,4.533333333333333,0.06666666666666667
1377425563,4,10399.998544,221.86663560533333,2.1333333333333333,1.6703488E7,257250.4,0.0,16.733333333333334,4.466666666666667,0.0
1377425863,4,10399.998544,213.199970152,2.05,1.6703488E7,134217.6,0.0,11.8,4.466666666666667,0.0
1377426163,4,10399.998544,207.99997088,2.0,1.6703488E7,234880.8,0.0,11.8,4.333333333333333,0.0
1377426463,4,10399.998544,213.199970152,2.05,1.6703488E7,279620.0,0.0,11.933333333333334,4.333333333333333,0.0
1377426763,4,10399.998544,207.99997088,2.0,1.6703488E7,425022.4,0.0,11.933333333333334,4.266666666666667,0.0
1377427063,4,10399.998544,213.199970152,2.05,1.6703488E7,369098.4,0.0,12.266666666666666,4.4,0.0
1377427363,4,10399.998544,207.99997088,2.0,1.6703488E7,78293.6,0.0,11.933333333333334,4.466666666666667,0.0
1377427663,4,10399.998544,213.199970152,2.05,1.6703488E7,78293.6,0.0,11.866666666666667,4.466666666666667,0.0
1377427963,4,10399.998544,207.99997088,2.0,1.6703488E7,279620.0,0.0,12.266666666666666,4.333333333333333,0.0
1377428263,4,10399.998544,213.199970152,2.05,1.6703488E7,313174.4,0.0,12.066666666666666,4.466666666666667,0.0
1377428563,4,10399.998544,213.199970152,2.05,1.6703488E7,167772.0,0.0,12.8,4.466666666666667,0.06666666666666667
1377428863,4,10399.998544,228.79996796800003,2.2,1.6703488E7,268435.2,0.0,13.0,4.466666666666667,0.0
1377429163,4,10399.998544,230.5333010586667,2.216666666666667,1.6703488E7,637533.6,0.0,17.066666666666666,4.466666666666667,0.0
1377429463,4,10399.998544,213.199970152,2.05,1.6703488E7,201326.4,0.0,12.2,4.4,0.0
1377429763,4,10399.998544,207.99997088,2.0,1.6703488E7,89478.4,0.0,12.333333333333332,4.266666666666667,0.0
1377430063,4,10399.998544,211.4666370613333,2.033333333333333,1.6703488E7,167772.0,0.0,12.133333333333333,4.333333333333333,0.0
1377430363,4,10399.998544,207.99997088,2.0,1.6703488E7,156587.2,0.0,11.866666666666667,4.333333333333333,0.0
1377430664,4,10399.998544,223.599968696,2.15,1.6703488E7,301989.6,0.0,12.066666666666666,4.266666666666667,0.0
1377430964,4,10399.998544,207.99997088,2.0,1.6703488E7,201326.4,0.0,12.266666666666666,4.466666666666667,0.0
1377431264,4,10399.998544,213.199970152,2.05,1.6703488E7,201326.4,0.0,11.933333333333334,4.533333333333333,0.0
1377431564,4,10399.998544,207.99997088,2.0,1.6703488E7,201326.4,0.0,12.0,4.466666666666667,0.0
1377431864,4,10399.998544,213.199970152,2.05,1.6703488E7,167772.0,0.0,12.133333333333333,4.466666666666667,0.0
1377432164,4,10399.998544,211.4666370613333,2.033333333333333,1.6703488E7,100663.2,0.0,12.733333333333334,4.533333333333333,0.06666666666666667
1377432464,4,10399.998544,223.599968696,2.15,1.6703488E7,11184.8,0.0,13.066666666666666,4.533333333333333,0.0
1377432764,4,10399.998544,221.86663560533333,2.1333333333333333,1.6703488E7,234880.8,0.0,16.933333333333334,4.266666666666667,0.0
1377433064,4,10399.998544,211.4666370613333,2.033333333333333,1.6703488E7,44739.2,0.0,11.866666666666667,4.333333333333333,0.0
1377433364,4,10399.998544,207.99997088,2.0,1.6703488E7,167772.0,0.0,11.866666666666667,4.266666666666667,0.06666666666666667
1377433664,4,10399.998544,213.199970152,2.05,1.6703488E7,201326.4,0.0,12.066666666666666,4.4,0.0
1377433964,4,10399.998544,207.99997088,2.0,1.6703488E7,301989.6,0.0,12.333333333333334,4.4,0.0
1377434264,4,10399.998544,213.199970152,2.05,1.6703488E7,436207.2,0.0,12.733333333333334,4.4,0.0
1377434564,4,10399.998544,207.99997088,2.0,1.6703488E7,335544.0,0.0,12.133333333333333,4.4,0.0
1377434864,4,10399.998544,211.4666370613333,2.033333333333333,1.6703488E7,335544.0,0.0,12.0,4.266666666666667,0.0
1377435164,4,10399.998544,207.99997088,2.0,1.6703488E7,413837.6,0.0,11.8,4.333333333333333,0.0
1377435464,4,10399.998544,213.199970152,2.05,1.6703488E7,369098.4,0.0,11.866666666666667,4.333333333333333,0.0
1377435764,4,10399.998544,211.4666370613333,2.033333333333333,1.6703488E7,0.0,0.0,12.933333333333334,4.466666666666667,0.0
1377436064,4,10399.998544,220.1333025146667,2.1166666666666667,1.6703488E7,190141.6,0.0,13.400000000000002,4.466666666666667,0.06666666666666667
1377436364,4,10399.998544,221.86663560533333,2.1333333333333333,1.6703488E7,536870.4,0.0,16.733333333333334,4.4,0.0
1377436664,4,10399.998544,211.4666370613333,2.033333333333333,1.6703488E7,301989.6,0.0,12.133333333333333,4.533333333333333,0.0
1377436964,4,10399.998544,199.33330542666667,1.9166666666666665,1.6703488E7,156587.2,0.0,8.133333333333333,2.466666666666667,0.0
1377437264,4,10399.998544,187.199973792,1.8,1.6703488E7,67108.8,0.0,3.0,0.0,0.0
1377437564,4,10399.998544,185.46664070133335,1.7833333333333334,1.6703488E7,44739.2,0.0,3.2666666666666666,0.0,0.0
1377437864,4,10399.998544,187.199973792,1.8,1.6703488E7,369098.4,0.0,3.3333333333333335,0.0,0.0
1377438164,4,10399.998544,188.93330688266667,1.8166666666666667,1.6703488E7,100663.2,0.0,3.1333333333333333,0.0,0.0
1377438464,4,10399.998544,204.53330469866665,1.9666666666666666,1.6703488E7,55924.0,0.0,3.0,0.0,0.0
1377438764,4,10399.998544,187.199973792,1.8,1.6703488E7,33554.4,0.0,3.2,0.0,0.0
1377439064,4,10399.998544,190.66663997333336,1.8333333333333335,1.6703488E7,100663.2,0.0,3.0,0.0,0.0
1377439364,4,10399.998544,190.66663997333336,1.8333333333333335,1.6703488E7,100663.2,0.0,3.933333333333333,0.06666666666666667,0.0
1377439664,4,10399.998544,216.66663633333334,2.0833333333333335,1.6703488E7,234880.8,0.0,9.0,2.466666666666667,0.0
1377439964,4,10399.998544,221.86663560533333,2.1333333333333333,1.6703488E7,469761.6,0.0,16.733333333333334,4.133333333333334,0.0
1377440264,4,10399.998544,228.79996796800003,2.2,1.6703488E7,246065.6,0.0,12.0,4.266666666666667,0.0
1377440564,4,10399.998544,211.4666370613333,2.033333333333333,1.6703488E7,111848.0,0.0,11.6,4.266666666666667,0.0
1377440864,4,10399.998544,213.199970152,2.05,1.6703488E7,156587.2,0.0,12.266666666666666,4.333333333333333,0.0
1377441164,4,10399.998544,207.99997088,2.0,1.6703488E7,212511.2,0.0,12.600000000000001,4.333333333333333,0.0
1377441464,4,10399.998544,211.4666370613333,2.033333333333333,1.6703488E7,279620.0,0.0,12.0,4.466666666666667,0.0
1377441764,4,10399.998544,207.99997088,2.0,1.6703488E7,268435.2,0.0,12.0,4.4,0.0
1377442064,4,10399.998544,213.199970152,2.05,1.6703488E7,100663.2,0.0,11.733333333333334,4.333333333333333,0.0
1377442364,4,10399.998544,207.99997088,2.0,1.6703488E7,33554.4,0.0,12.2,4.466666666666667,0.0
1377442665,4,10399.998544,213.199970152,2.05,1.6703488E7,156587.2,0.0,11.666666666666666,4.333333333333333,0.0
1377442965,4,10399.998544,209.73330397066667,2.0166666666666666,1.6703488E7,145402.4,0.0,12.866666666666667,4.4,0.0
1377443265,4,10399.998544,220.1333025146667,2.1166666666666667,1.6703488E7,458576.8,0.0,12.133333333333333,4.4,0.0
1377443565,4,10399.998544,223.599968696,2.15,1.6703488E7,357913.6,0.0,18.066666666666666,4.333333333333333,0.0
1377443865,4,10399.998544,213.199970152,2.05,1.6703488E7,313174.4,0.0,11.866666666666667,4.266666666666667,0.0
1377444165,4,10399.998544,207.99997088,2.0,1.6703488E7,268435.2,0.0,11.8,4.266666666666667,0.0
1377444465,4,10399.998544,211.4666370613333,2.033333333333333,1.6703488E7,89478.4,0.0,12.0,4.266666666666667,0.0
1377444765,4,10399.998544,207.99997088,2.0,1.6703488E7,145402.4,0.0,12.066666666666666,4.266666666666667,0.0
1377445065,4,10399.998544,213.199970152,2.05,1.6703488E7,257250.4,0.0,12.133333333333333,4.466666666666667,0.0
1377445365,4,10399.998544,207.99997088,2.0,1.6703488E7,234880.8,0.0,12.133333333333333,4.333333333333333,0.0
1377445665,4,10399.998544,213.199970152,2.05,1.6703488E7,234880.8,0.0,12.066666666666666,4.466666666666667,0.0
1377445965,4,10399.998544,207.99997088,2.0,1.6703488E7,22369.6,0.0,11.600000000000001,4.333333333333333,0.0
1377446265,4,10399.998544,209.73330397066667,2.0166666666666666,1.6703488E7,55924.0,0.0,11.399999999999999,4.133333333333334,0.0
1377446565,4,10399.998544,216.66663633333334,2.0833333333333335,1.6703488E7,134217.6,0.0,13.0,4.6,0.06666666666666667
1377446865,4,10399.998544,225.33330178666662,2.1666666666666665,1.6703488E7,301989.6,0.0,13.866666666666667,4.6,0.06666666666666667
1377447165,4,10399.998544,225.33330178666662,2.1666666666666665,1.6703488E7,268435.2,0.0,17.2,4.666666666666667,0.0
1377447465,4,10399.998544,214.93330324266663,2.0666666666666664,1.6703488E7,268435.2,0.0,13.266666666666666,4.466666666666667,0.0
1377447765,4,10399.998544,213.199970152,2.05,1.6703488E7,447392.0,0.0,13.2,4.533333333333333,0.0
1377448065,4,10399.998544,211.4666370613333,2.033333333333333,1.6703488E7,447392.0,0.0,12.2,4.4,0.0
1377448365,4,10399.998544,213.199970152,2.05,1.6703488E7,201326.4,0.0,11.933333333333334,4.4,0.0
1377448665,4,10399.998544,209.73330397066667,2.0166666666666666,1.6703488E7,313174.4,0.0,13.0,4.533333333333333,0.0
1377448965,4,10399.998544,213.199970152,2.05,1.6703488E7,469761.6,0.0,12.533333333333335,4.533333333333333,0.0
1377449265,4,10399.998544,211.4666370613333,2.033333333333333,1.6703488E7,268435.2,0.0,12.533333333333333,4.4,0.0
1377449565,4,10399.998544,221.86663560533333,2.1333333333333333,1.6703488E7,346728.8,0.0,12.733333333333334,4.533333333333333,0.0
1377449865,4,10399.998544,213.199970152,2.05,1.6703488E7,480946.4,0.0,12.666666666666668,4.466666666666667,0.0
1377450165,4,10399.998544,220.1333025146667,2.1166666666666667,1.6703488E7,89478.4,0.0,13.733333333333334,4.466666666666667,0.06666666666666667
1377450465,4,10399.998544,220.1333025146667,2.1166666666666667,1.6703488E7,134217.6,0.0,13.466666666666665,4.666666666666667,0.0
1377450765,4,10399.998544,227.06663487733334,2.1833333333333336,1.6703488E7,391468.0,0.0,17.733333333333334,4.6,0.0
1377451065,4,10399.998544,209.73330397066667,2.0166666666666666,1.6703488E7,44739.2,0.0,13.0,4.666666666666667,0.0
1377451365,4,10399.998544,223.599968696,2.15,1.6703488E7,201326.4,0.0,13.333333333333334,4.666666666666667,0.0
1377451665,4,10399.998544,213.199970152,2.05,1.6703488E7,447392.0,0.0,13.533333333333335,4.8,0.0
1377451965,4,10399.998544,218.399969424,2.1,1.6703488E7,346728.8,0.0,14.066666666666666,4.733333333333333,0.0
1377452265,4,10399.998544,221.86663560533333,2.1333333333333333,1.6703488E7,234880.8,0.0,14.066666666666666,4.8,0.06666666666666667
1377452566,4,10399.998544,223.599968696,2.15,1.6703488E7,301989.6,0.0,13.933333333333334,4.866666666666666,0.06666666666666667
1377452866,4,10399.998544,218.399969424,2.1,1.6703488E7,178956.8,0.0,13.733333333333334,4.8,0.0
1377453166,4,10399.998544,221.86663560533333,2.1333333333333333,1.6703488E7,167772.0,0.0,13.666666666666668,4.8,0.06666666666666667
1377453466,4,10399.998544,216.66663633333334,2.0833333333333335,1.6703488E7,234880.8,0.0,13.866666666666667,4.866666666666666,0.0
1377453766,4,10399.998544,225.33330178666662,2.1666666666666665,1.6703488E7,313174.4,0.0,14.733333333333334,4.933333333333334,0.13333333333333333
1377454066,4,10399.998544,230.5333010586667,2.216666666666667,1.6703488E7,492131.2,0.0,14.0,4.733333333333333,0.0
1377454366,4,10399.998544,225.33330178666662,2.1666666666666665,1.6703488E7,346728.8,0.0,17.799999999999997,4.8,0.06666666666666667
1377454666,4,10399.998544,211.4666370613333,2.033333333333333,1.6703488E7,156587.2,0.0,12.733333333333334,4.733333333333333,0.0
1377454966,4,10399.998544,214.93330324266663,2.0666666666666664,1.6703488E7,357913.6,0.0,12.933333333333334,4.6,0.06666666666666667
1377455266,4,10399.998544,216.66663633333334,2.0833333333333335,1.6703488E7,223696.0,0.0,12.866666666666667,4.8,0.0
1377455566,4,10399.998544,213.199970152,2.05,1.6703488E7,279620.0,0.0,13.066666666666666,4.6,0.0
1377455866,4,10399.998544,220.1333025146667,2.1166666666666667,1.6703488E7,33554.4,0.0,13.0,4.6,0.0
1377456166,4,10399.998544,214.93330324266663,2.0666666666666664,1.6703488E7,123032.8,0.0,13.066666666666666,4.666666666666667,0.0
1377456466,4,10399.998544,218.399969424,2.1,1.6703488E7,134217.6,0.0,12.933333333333334,4.6,0.06666666666666667
1377456766,4,10399.998544,213.199970152,2.05,1.6703488E7,100663.2,0.0,12.866666666666667,4.666666666666667,0.0
1377457066,4,10399.998544,216.66663633333334,2.0833333333333335,1.6703488E7,234880.8,0.0,12.6,4.6,0.0
1377457366,4,10399.998544,223.599968696,2.15,1.6703488E7,33554.4,0.0,13.8,4.8,0.06666666666666667
1377457666,4,10399.998544,230.5333010586667,2.216666666666667,1.6703488E7,156587.2,0.0,14.533333333333331,4.8,0.06666666666666667
1377457966,4,10399.998544,228.79996796800003,2.2,1.6703488E7,190141.6,0.0,17.666666666666668,4.6,0.0
1377458266,4,10399.998544,213.199970152,2.05,1.6703488E7,335544.0,0.0,13.0,4.666666666666667,0.0
1377458566,4,10399.998544,218.399969424,2.1,1.6703488E7,268435.2,0.0,12.933333333333334,4.6,0.0
1377458866,4,10399.998544,213.199970152,2.05,1.6703488E7,201326.4,0.0,12.733333333333334,4.6,0.0
1377459166,4,10399.998544,216.66663633333334,2.0833333333333335,1.6703488E7,100663.2,0.0,13.066666666666666,4.6,0.06666666666666667
1377459466,4,10399.998544,218.399969424,2.1,1.6703488E7,156587.2,0.0,12.866666666666667,4.533333333333333,0.0
1377459766,4,10399.998544,213.199970152,2.05,1.6703488E7,279620.0,0.0,13.133333333333333,4.6,0.0
1377460066,4,10399.998544,213.199970152,2.05,1.6703488E7,268435.2,0.0,12.8,4.466666666666667,0.0
1377460366,4,10399.998544,213.199970152,2.05,1.6703488E7,301989.6,0.0,12.8,4.8,0.0
1377460666,4,10399.998544,214.93330324266663,2.0666666666666664,1.6703488E7,335544.0,0.0,13.0,4.666666666666667,0.0
1377460966,4,10399.998544,221.86663560533333,2.1333333333333333,1.6703488E7,167772.0,0.0,13.533333333333335,4.8,0.06666666666666667
1377461266,4,10399.998544,225.33330178666662,2.1666666666666665,1.6703488E7,234880.8,0.0,14.133333333333333,4.8,0.0
1377461566,4,10399.998544,227.06663487733334,2.1833333333333336,1.6703488E7,369098.4,0.0,17.866666666666667,4.533333333333333,0.0
1377461866,4,10399.998544,213.199970152,2.05,1.6703488E7,290804.8,0.0,12.666666666666666,4.466666666666667,0.0
1377462166,4,10399.998544,230.5333010586667,2.216666666666667,1.6703488E7,324359.2,0.0,12.933333333333334,4.666666666666667,0.0
1377462466,4,10399.998544,218.399969424,2.1,1.6703488E7,335544.0,0.0,12.866666666666667,4.533333333333333,0.0
1377462766,4,10399.998544,214.93330324266663,2.0666666666666664,1.6703488E7,167772.0,0.0,12.866666666666667,4.666666666666667,0.0
1377463066,4,10399.998544,213.199970152,2.05,1.6703488E7,301989.6,0.0,12.866666666666667,4.666666666666667,0.0
1377463366,4,10399.998544,216.66663633333334,2.0833333333333335,1.6703488E7,279620.0,0.0,13.0,4.666666666666667,0.0
1377463666,4,10399.998544,220.1333025146667,2.1166666666666667,1.6703488E7,492131.2,0.0,12.933333333333334,4.666666666666667,0.0
1377463966,4,10399.998544,214.93330324266663,2.0666666666666664,1.6703488E7,246065.6,0.0,13.133333333333333,4.6,0.0
1377464266,4,10399.998544,216.66663633333334,2.0833333333333335,1.6703488E7,391468.0,0.0,12.733333333333334,4.666666666666667,0.0
1377464566,4,10399.998544,218.399969424,2.1,1.6703488E7,167772.0,0.0,13.666666666666668,4.6,0.06666666666666667
1377464866,4,10399.998544,225.33330178666662,2.1666666666666665,1.6703488E7,402652.8,0.0,13.933333333333334,4.6,0.0
1377465167,4,10399.998544,230.5333010586667,2.216666666666667,1.6703488E7,425022.4,0.0,17.666666666666668,4.6,0.0
1377465467,4,10399.998544,214.93330324266663,2.0666666666666664,1.6703488E7,178956.8,0.0,13.0,4.533333333333333,0.0
1377465767,4,10399.998544,218.399969424,2.1,1.6703488E7,324359.2,0.0,13.133333333333333,4.6,0.0
1377466067,4,10399.998544,214.93330324266663,2.0666666666666664,1.6703488E7,346728.8,0.0,12.8,4.733333333333333,0.0
1377466367,4,10399.998544,214.93330324266663,2.0666666666666664,1.6703488E7,268435.2,0.0,13.399999999999999,4.6,0.0
1377466667,4,10399.998544,218.399969424,2.1,1.6703488E7,268435.2,0.0,12.8,4.533333333333333,0.0
1377466967,4,10399.998544,218.399969424,2.1,1.6703488E7,201326.4,0.0,12.933333333333334,4.466666666666667,0.0
1377467267,4,10399.998544,214.93330324266663,2.0666666666666664,1.6703488E7,212511.2,0.0,12.933333333333334,4.533333333333333,0.0
1377467567,4,10399.998544,213.199970152,2.05,1.6703488E7,324359.2,0.0,13.0,4.6,0.0
1377467867,4,10399.998544,213.199970152,2.05,1.6703488E7,201326.4,0.0,14.333333333333334,4.6,0.0
1377468167,4,10399.998544,218.399969424,2.1,1.6703488E7,167772.0,0.0,13.466666666666665,4.6,0.06666666666666667
1377468467,4,10399.998544,225.33330178666662,2.1666666666666665,1.6703488E7,156587.2,0.0,14.600000000000001,4.8,0.13333333333333333
1377468767,4,10399.998544,227.06663487733334,2.1833333333333336,1.6703488E7,391468.0,0.0,17.46666666666667,4.666666666666667,0.0
1377469067,4,10399.998544,214.93330324266663,2.0666666666666664,1.6703488E7,190141.6,0.0,13.0,4.666666666666667,0.0
1377469367,4,10399.998544,214.93330324266663,2.0666666666666664,1.6703488E7,301989.6,0.0,13.066666666666666,4.533333333333333,0.0
1377469667,4,10399.998544,213.199970152,2.05,1.6703488E7,279620.0,0.0,12.866666666666667,4.533333333333333,0.0
1377469967,4,10399.998544,216.66663633333334,2.0833333333333335,1.6703488E7,279620.0,0.0,13.133333333333333,4.533333333333333,0.0
1377470267,4,10399.998544,218.399969424,2.1,1.6703488E7,346728.8,0.0,13.066666666666666,4.6,0.0
1377470567,4,10399.998544,291.19995923199997,2.8,1.6703488E7,480946.4,0.0,47.46666666666667,5.8,2.3333333333333335
1377470867,4,10399.998544,213.199970152,2.05,1.6703488E7,313174.4,0.0,12.533333333333333,4.6,0.0
1377471167,4,10399.998544,213.199970152,2.05,1.6703488E7,301989.6,0.0,13.066666666666666,4.533333333333333,0.0
1377471467,4,10399.998544,209.73330397066667,2.0166666666666666,1.6703488E7,290804.8,0.0,12.8,4.6,0.0
1377471767,4,10399.998544,220.1333025146667,2.1166666666666667,1.6703488E7,134217.6,0.0,13.8,4.533333333333333,0.06666666666666667
1377472067,4,10399.998544,225.33330178666662,2.1666666666666665,1.6703488E7,100663.2,0.0,14.266666666666667,4.666666666666667,0.0
1377472367,4,10399.998544,227.06663487733334,2.1833333333333336,1.6703488E7,603979.2,0.0,17.666666666666664,4.466666666666667,0.0
1377472667,4,10399.998544,216.66663633333334,2.0833333333333335,1.6703488E7,279620.0,0.0,12.933333333333334,4.533333333333333,0.0
1377472967,4,10399.998544,213.199970152,2.05,1.6703488E7,290804.8,0.0,12.933333333333334,4.533333333333333,0.0
1377473267,4,10399.998544,216.66663633333334,2.0833333333333335,1.6703488E7,313174.4,0.0,12.666666666666668,4.533333333333333,0.06666666666666667
1377473567,4,10399.998544,213.199970152,2.05,1.6703488E7,268435.2,0.0,13.533333333333335,4.6,0.0
1377473867,4,10399.998544,213.199970152,2.05,1.6703488E7,257250.4,0.0,13.2,4.533333333333333,0.0
1377474167,4,10399.998544,214.93330324266663,2.0666666666666664,1.6703488E7,268435.2,0.0,12.933333333333334,4.533333333333333,0.0
1377474467,4,10399.998544,213.199970152,2.05,1.6703488E7,324359.2,0.0,13.0,4.6,0.0
1377474767,4,10399.998544,211.4666370613333,2.033333333333333,1.6703488E7,234880.8,0.0,12.733333333333334,4.533333333333333,0.0
1377475067,4,10399.998544,214.93330324266663,2.0666666666666664,1.6703488E7,324359.2,0.0,13.133333333333333,4.533333333333333,0.0
1377475367,4,10399.998544,221.86663560533333,2.1333333333333333,1.6703488E7,425022.4,0.0,13.866666666666667,4.6,0.06666666666666667
1377475667,4,10399.998544,230.5333010586667,2.216666666666667,1.6703488E7,525685.6,0.0,13.866666666666667,4.6,0.0
1377475967,4,10399.998544,227.06663487733334,2.1833333333333336,1.6703488E7,301989.6,0.0,18.2,4.533333333333333,0.0
1377476267,4,10399.998544,214.93330324266663,2.0666666666666664,1.6703488E7,268435.2,0.0,12.6,4.533333333333333,0.0
1377476567,4,10399.998544,213.199970152,2.05,1.6703488E7,279620.0,0.0,13.2,4.666666666666667,0.0
1377476867,4,10399.998544,214.93330324266663,2.0666666666666664,1.6703488E7,246065.6,0.0,12.600000000000001,4.666666666666667,0.0
1377477168,4,10399.998544,214.93330324266663,2.0666666666666664,1.6703488E7,246065.6,0.0,13.066666666666666,4.733333333333333,0.0
1377477468,4,10399.998544,218.399969424,2.1,1.6703488E7,145402.4,0.0,13.066666666666666,4.6,0.0
1377477768,4,10399.998544,211.4666370613333,2.033333333333333,1.6703488E7,134217.6,0.0,12.8,4.666666666666667,0.0
1377478068,4,10399.998544,211.4666370613333,2.033333333333333,1.6703488E7,313174.4,0.0,12.733333333333334,4.733333333333333,0.0
1377478368,4,10399.998544,213.199970152,2.05,1.6703488E7,111848.0,0.0,12.933333333333334,4.6,0.0
1377478668,4,10399.998544,213.199970152,2.05,1.6703488E7,123032.8,0.0,12.866666666666667,4.6,0.0
1377478968,4,10399.998544,235.73330033066665,2.2666666666666666,1.6703488E7,234880.8,0.0,13.866666666666667,4.6,0.06666666666666667
1377479268,4,10399.998544,227.06663487733334,2.1833333333333336,1.6703488E7,201326.4,0.0,14.133333333333333,4.666666666666667,0.2
1377479568,4,10399.998544,227.06663487733334,2.1833333333333336,1.6703488E7,447392.0,0.0,17.933333333333334,4.533333333333333,0.0
1377479868,4,10399.998544,233.99996724000002,2.25,1.6703488E7,447392.0,0.0,21.666666666666664,4.933333333333334,0.7333333333333333
1377480168,4,10399.998544,214.93330324266663,2.0666666666666664,1.6703488E7,111848.0,0.0,13.133333333333333,4.666666666666667,0.0
1377480468,4,10399.998544,214.93330324266663,2.0666666666666664,1.6703488E7,145402.4,0.0,12.8,4.6,0.0
1377480768,4,10399.998544,216.66663633333334,2.0833333333333335,1.6703488E7,335544.0,0.0,13.2,4.6,0.0
1377481068,4,10399.998544,214.93330324266663,2.0666666666666664,1.6703488E7,134217.6,0.0,13.133333333333333,4.6,0.0
1377481368,4,10399.998544,211.4666370613333,2.033333333333333,1.6703488E7,134217.6,0.0,12.8,4.533333333333333,0.06666666666666667
1377481668,4,10399.998544,216.66663633333334,2.0833333333333335,1.6703488E7,145402.4,0.0,12.933333333333334,4.466666666666667,0.0
1377481968,4,10399.998544,214.93330324266663,2.0666666666666664,1.6703488E7,123032.8,0.0,12.8,4.533333333333333,0.0
1377482268,4,10399.998544,214.93330324266663,2.0666666666666664,1.6703488E7,268435.2,0.0,12.733333333333334,4.533333333333333,0.0
1377482568,4,10399.998544,391.7332784906667,3.766666666666667,1.6703488E7,257250.4,0.0,16.066666666666666,6.2,0.8666666666666667
1377482868,4,10399.998544,230.5333010586667,2.216666666666667,1.6703488E7,178956.8,0.0,15.066666666666666,4.666666666666667,0.0
1377483168,4,10399.998544,230.5333010586667,2.216666666666667,1.6703488E7,335544.0,0.0,17.933333333333334,4.533333333333333,0.0
1377483468,4,10399.998544,244.39996578400002,2.35,1.6703488E7,301989.6,0.0,26.666666666666668,11.333333333333334,0.2
1377483768,4,10399.998544,213.199970152,2.05,1.6703488E7,413837.6,0.0,13.0,4.533333333333333,0.0
1377484068,4,10399.998544,213.199970152,2.05,1.6703488E7,402652.8,0.0,12.533333333333335,4.666666666666667,0.0
1377484368,4,10399.998544,214.93330324266663,2.0666666666666664,1.6703488E7,301989.6,0.0,13.2,4.4,0.0
1377484668,4,10399.998544,213.199970152,2.05,1.6703488E7,156587.2,0.0,13.266666666666666,4.6,0.0
1377484968,4,10399.998544,214.93330324266663,2.0666666666666664,1.6703488E7,190141.6,0.0,12.666666666666668,4.6,0.0
1377485268,4,10399.998544,211.4666370613333,2.033333333333333,1.6703488E7,167772.0,0.0,13.0,4.8,0.0
1377485568,4,10399.998544,211.4666370613333,2.033333333333333,1.6703488E7,55924.0,0.0,12.866666666666667,4.733333333333333,0.0
1377485868,4,10399.998544,214.93330324266663,2.0666666666666664,1.6703488E7,100663.2,0.0,13.066666666666666,4.6,0.0
1377486168,4,10399.998544,218.399969424,2.1,1.6703488E7,123032.8,0.0,13.466666666666669,4.733333333333333,0.06666666666666667
1377486468,4,10399.998544,228.79996796800003,2.2,1.6703488E7,290804.8,0.0,13.8,4.533333333333333,0.06666666666666667
1377486768,4,10399.998544,227.06663487733334,2.1833333333333336,1.6703488E7,369098.4,0.0,17.866666666666667,4.666666666666667,0.0
1377487068,4,10399.998544,213.199970152,2.05,1.6703488E7,201326.4,0.0,12.866666666666667,4.6,0.0
1377487368,4,10399.998544,214.93330324266663,2.0666666666666664,1.6703488E7,212511.2,0.0,13.066666666666666,4.666666666666667,0.0
1377487668,4,10399.998544,213.199970152,2.05,1.6703488E7,145402.4,0.0,12.8,4.6,0.0
1377487968,4,10399.998544,214.93330324266663,2.0666666666666664,1.6703488E7,145402.4,0.0,13.0,4.733333333333333,0.0
1377488269,4,10399.998544,216.66663633333334,2.0833333333333335,1.6703488E7,167772.0,0.0,13.266666666666666,4.666666666666667,0.0
1377488569,4,10399.998544,213.199970152,2.05,1.6703488E7,178956.8,0.0,13.133333333333333,4.666666666666667,0.0
1377488869,4,10399.998544,213.199970152,2.05,1.6703488E7,167772.0,0.0,12.866666666666667,4.733333333333333,0.0
1377489169,4,10399.998544,213.199970152,2.05,1.6703488E7,167772.0,0.0,13.0,4.6,0.0
1377489469,4,10399.998544,214.93330324266663,2.0666666666666664,1.6703488E7,223696.0,0.0,12.866666666666667,4.666666666666667,0.0
1377489769,4,10399.998544,218.399969424,2.1,1.6703488E7,290804.8,0.0,13.8,4.733333333333333,0.06666666666666667
1377490068,4,10399.998544,228.79996796800003,2.2,1.6703488E7,279620.0,0.0,14.333333333333332,4.666666666666667,0.0
1377490368,4,10399.998544,227.06663487733334,2.1833333333333336,1.6703488E7,346728.8,0.0,17.8,4.533333333333333,0.0
1377490668,4,10399.998544,214.93330324266663,2.0666666666666664,1.6703488E7,313174.4,0.0,13.2,4.666666666666667,0.0
1377490968,4,10399.998544,216.66663633333334,2.0833333333333335,1.6703488E7,145402.4,0.0,13.133333333333333,4.6,0.0
1377491268,4,10399.998544,211.4666370613333,2.033333333333333,1.6703488E7,178956.8,0.0,12.8,4.6,0.0
1377491568,4,10399.998544,214.93330324266663,2.0666666666666664,1.6703488E7,89478.4,0.0,13.333333333333332,4.666666666666667,0.0
1377491868,4,10399.998544,214.93330324266663,2.0666666666666664,1.6703488E7,89478.4,0.0,12.933333333333334,4.666666666666667,0.0
1377492168,4,10399.998544,213.199970152,2.05,1.6703488E7,234880.8,0.0,13.066666666666666,4.666666666666667,0.0
1377492468,4,10399.998544,214.93330324266663,2.0666666666666664,1.6703488E7,234880.8,0.0,12.933333333333334,4.6,0.0
1377492768,4,10399.998544,213.199970152,2.05,1.6703488E7,201326.4,0.0,13.0,4.666666666666667,0.0
1377493068,4,10399.998544,213.199970152,2.05,1.6703488E7,279620.0,0.0,12.933333333333334,4.6,0.0
1377493368,4,10399.998544,221.86663560533333,2.1333333333333333,1.6703488E7,167772.0,0.0,13.8,4.733333333333333,0.06666666666666667
1377493668,4,10399.998544,227.06663487733334,2.1833333333333336,1.6703488E7,167772.0,0.0,13.8,4.666666666666667,0.0
1377493968,4,10399.998544,227.06663487733334,2.1833333333333336,1.6703488E7,246065.6,0.0,17.733333333333334,4.666666666666667,0.0
1377494268,4,10399.998544,213.199970152,2.05,1.6703488E7,458576.8,0.0,12.533333333333335,4.6,0.0
1377494569,4,10399.998544,214.93330324266663,2.0666666666666664,1.6703488E7,234880.8,0.0,13.0,4.6,0.0
1377494869,4,10399.998544,214.93330324266663,2.0666666666666664,1.6703488E7,145402.4,0.0,12.6,4.6,0.0
1377495169,4,10399.998544,211.4666370613333,2.033333333333333,1.6703488E7,55924.0,0.0,12.933333333333334,4.666666666666667,0.0
1377495469,4,10399.998544,211.4666370613333,2.033333333333333,1.6703488E7,167772.0,0.0,12.933333333333334,4.666666666666667,0.0
1377495769,4,10399.998544,214.93330324266663,2.0666666666666664,1.6703488E7,313174.4,0.0,12.8,4.666666666666667,0.0
1377496069,4,10399.998544,213.199970152,2.05,1.6703488E7,301989.6,0.0,13.133333333333333,4.533333333333333,0.0
1377496369,4,10399.998544,213.199970152,2.05,1.6703488E7,279620.0,0.0,12.8,4.6,0.0
1377496669,4,10399.998544,213.199970152,2.05,1.6703488E7,201326.4,0.0,13.0,4.533333333333333,0.0
1377496969,4,10399.998544,220.1333025146667,2.1166666666666667,1.6703488E7,156587.2,0.0,14.0,4.6,0.06666666666666667
1377497269,4,10399.998544,230.5333010586667,2.216666666666667,1.6703488E7,279620.0,0.0,14.0,4.666666666666667,0.06666666666666667
1377497569,4,10399.998544,228.79996796800003,2.2,1.6703488E7,391468.0,0.0,18.066666666666666,4.6,0.0
1377497869,4,10399.998544,213.199970152,2.05,1.6703488E7,167772.0,0.0,12.666666666666668,4.6,0.0
1377498169,4,10399.998544,213.199970152,2.05,1.6703488E7,268435.2,0.0,13.066666666666666,4.466666666666667,0.0
1377498469,4,10399.998544,214.93330324266663,2.0666666666666664,1.6703488E7,413837.6,0.0,13.066666666666666,4.6,0.0
1377498769,4,10399.998544,207.99997088,2.0,1.6703488E7,301989.6,0.0,13.133333333333333,4.533333333333333,0.0
1377499069,4,10399.998544,213.199970152,2.05,1.6703488E7,324359.2,0.0,13.333333333333332,4.666666666666667,0.0
1377499369,4,10399.998544,214.93330324266663,2.0666666666666664,1.6703488E7,503316.0,0.0,12.8,4.666666666666667,0.06666666666666667
1377499669,4,10399.998544,214.93330324266663,2.0666666666666664,1.6703488E7,257250.4,0.0,12.666666666666668,4.6,0.0
1377499969,4,10399.998544,214.93330324266663,2.0666666666666664,1.6703488E7,89478.4,0.0,13.133333333333333,4.533333333333333,0.0
1377500269,4,10399.998544,213.199970152,2.05,1.6703488E7,67108.8,0.0,12.666666666666668,4.533333333333333,0.0
1377500569,4,10399.998544,216.66663633333334,2.0833333333333335,1.6703488E7,268435.2,0.0,13.666666666666668,4.8,0.06666666666666667
1377500869,4,10399.998544,228.79996796800003,2.2,1.6703488E7,391468.0,0.0,14.066666666666666,4.733333333333333,0.06666666666666667
1377501169,4,10399.998544,227.06663487733334,2.1833333333333336,1.6703488E7,425022.4,0.0,18.066666666666666,4.533333333333333,0.0
1377501470,4,10399.998544,214.93330324266663,2.0666666666666664,1.6703488E7,346728.8,0.0,12.733333333333334,4.6,0.0
1377501770,4,10399.998544,214.93330324266663,2.0666666666666664,1.6703488E7,301989.6,0.0,13.0,4.466666666666667,0.0
1377502070,4,10399.998544,209.73330397066667,2.0166666666666666,1.6703488E7,313174.4,0.0,13.066666666666666,4.666666666666667,0.0
1377502370,4,10399.998544,211.4666370613333,2.033333333333333,1.6703488E7,268435.2,0.0,13.0,4.6,0.0
1377502670,4,10399.998544,213.199970152,2.05,1.6703488E7,156587.2,0.0,13.333333333333332,4.6,0.0
1377502970,4,10399.998544,218.399969424,2.1,1.6703488E7,257250.4,0.0,12.933333333333334,4.733333333333333,0.0
1377503270,4,10399.998544,232.26663414933333,2.2333333333333334,1.6703488E7,413837.6,0.0,13.066666666666666,4.733333333333333,0.0
1377503570,4,10399.998544,214.93330324266663,2.0666666666666664,1.6703488E7,257250.4,0.0,13.0,4.6,0.0
1377503870,4,10399.998544,213.199970152,2.05,1.6703488E7,212511.2,0.0,12.600000000000001,4.733333333333333,0.0
1377504170,4,10399.998544,216.66663633333334,2.0833333333333335,1.6703488E7,458576.8,0.0,13.600000000000001,4.533333333333333,0.06666666666666667
1377504470,4,10399.998544,225.33330178666662,2.1666666666666665,1.6703488E7,257250.4,0.0,13.866666666666667,4.666666666666667,0.0
1377504770,4,10399.998544,228.79996796800003,2.2,1.6703488E7,190141.6,0.0,17.666666666666668,4.666666666666667,0.06666666666666667
1377505070,4,10399.998544,211.4666370613333,2.033333333333333,1.6703488E7,156587.2,0.0,12.666666666666666,4.6,0.0
1377505370,4,10399.998544,213.199970152,2.05,1.6703488E7,246065.6,0.0,12.933333333333334,4.533333333333333,0.0
1377505670,4,10399.998544,220.1333025146667,2.1166666666666667,1.6703488E7,503316.0,0.0,13.066666666666666,4.6,0.0
1377505970,4,10399.998544,218.399969424,2.1,1.6703488E7,234880.8,0.0,12.666666666666666,4.666666666666667,0.0
1377506270,4,10399.998544,218.399969424,2.1,1.6703488E7,234880.8,0.0,13.666666666666668,4.666666666666667,0.0
1377506570,4,10399.998544,213.199970152,2.05,1.6703488E7,145402.4,0.0,12.8,4.666666666666667,0.0
1377506870,4,10399.998544,213.199970152,2.05,1.6703488E7,279620.0,0.0,12.666666666666668,4.6,0.0
1377507170,4,10399.998544,213.199970152,2.05,1.6703488E7,369098.4,0.0,13.066666666666666,4.533333333333333,0.0
1377507470,4,10399.998544,216.66663633333334,2.0833333333333335,1.6703488E7,268435.2,0.0,12.666666666666666,4.533333333333333,0.0
1377507770,4,10399.998544,220.1333025146667,2.1166666666666667,1.6703488E7,167772.0,0.0,13.8,4.8,0.06666666666666667
1377508070,4,10399.998544,228.79996796800003,2.2,1.6703488E7,301989.6,0.0,13.533333333333335,4.666666666666667,0.0
1377508370,4,10399.998544,239.199966512,2.3,1.6703488E7,570424.8,0.0,17.866666666666667,4.6,0.0
1377508670,4,10399.998544,221.86663560533333,2.1333333333333333,1.6703488E7,335544.0,0.0,12.466666666666667,4.666666666666667,0.0
1377508970,4,10399.998544,213.199970152,2.05,1.6703488E7,201326.4,0.0,12.8,4.6,0.0
1377509270,4,10399.998544,213.199970152,2.05,1.6703488E7,234880.8,0.0,13.133333333333333,4.6,0.0
1377509570,4,10399.998544,213.199970152,2.05,1.6703488E7,413837.6,0.0,12.666666666666668,4.466666666666667,0.0
1377509870,4,10399.998544,218.399969424,2.1,1.6703488E7,234880.8,0.0,13.266666666666666,4.6,0.0
1377510170,4,10399.998544,214.93330324266663,2.0666666666666664,1.6703488E7,167772.0,0.0,12.600000000000001,4.533333333333333,0.0
1377510470,4,10399.998544,214.93330324266663,2.0666666666666664,1.6703488E7,100663.2,0.0,12.933333333333334,4.666666666666667,0.0
1377510771,4,10399.998544,213.199970152,2.05,1.6703488E7,134217.6,0.0,12.866666666666667,4.533333333333333,0.0
1377511071,4,10399.998544,214.93330324266663,2.0666666666666664,1.6703488E7,100663.2,0.0,12.666666666666668,4.666666666666667,0.0
1377511371,4,10399.998544,214.93330324266663,2.0666666666666664,1.6703488E7,167772.0,0.0,14.133333333333333,4.866666666666666,0.13333333333333333
1377511671,4,10399.998544,228.79996796800003,2.2,1.6703488E7,145402.4,0.0,14.533333333333335,4.8,0.0
1377511971,4,10399.998544,225.33330178666662,2.1666666666666665,1.6703488E7,234880.8,0.0,17.866666666666667,4.6,0.0
1377512271,4,10399.998544,211.4666370613333,2.033333333333333,1.6703488E7,178956.8,0.0,12.8,4.6,0.0
1377512571,4,10399.998544,213.199970152,2.05,1.6703488E7,480946.4,0.0,13.2,4.733333333333333,0.0
1377512871,4,10399.998544,213.199970152,2.05,1.6703488E7,234880.8,0.0,13.2,4.733333333333333,0.0
1377513171,4,10399.998544,214.93330324266663,2.0666666666666664,1.6703488E7,111848.0,0.0,13.666666666666666,4.666666666666667,0.0
1377513471,4,10399.998544,218.399969424,2.1,1.6703488E7,100663.2,0.0,13.0,4.666666666666667,0.06666666666666667
1377513771,4,10399.998544,213.199970152,2.05,1.6703488E7,167772.0,0.0,12.933333333333334,4.666666666666667,0.0
1377514071,4,10399.998544,214.93330324266663,2.0666666666666664,1.6703488E7,167772.0,0.0,12.8,4.666666666666667,0.0
1377514671,4,10399.998544,214.93330324266663,2.0666666666666664,1.6703488E7,123032.8,0.0,12.733333333333334,4.666666666666667,0.0
1377515571,4,10399.998544,227.06663487733334,2.1833333333333336,1.6703488E7,413837.6,0.0,17.933333333333334,4.6,0.0
1377515871,4,10399.998544,213.199970152,2.05,1.6703488E7,257250.4,0.0,13.2,4.666666666666667,0.0
1377516171,4,10399.998544,214.93330324266663,2.0666666666666664,1.6703488E7,402652.8,0.0,13.066666666666666,4.666666666666667,0.0
1377516471,4,10399.998544,213.199970152,2.05,1.6703488E7,156587.2,0.0,13.533333333333333,4.666666666666667,0.0
1377516771,4,10399.998544,214.93330324266663,2.0666666666666664,1.6703488E7,167772.0,0.0,12.866666666666667,4.666666666666667,0.06666666666666667
1377517071,4,10399.998544,213.199970152,2.05,1.6703488E7,257250.4,0.0,13.0,4.533333333333333,0.0
1377517371,4,10399.998544,213.199970152,2.05,1.6703488E7,279620.0,0.0,13.2,4.666666666666667,0.0
1377517671,4,10399.998544,214.93330324266663,2.0666666666666664,1.6703488E7,223696.0,0.0,12.8,4.6,0.0
1377517971,4,10399.998544,213.199970152,2.05,1.6703488E7,324359.2,0.0,13.2,4.666666666666667,0.06666666666666667
1377518271,4,10399.998544,214.93330324266663,2.0666666666666664,1.6703488E7,167772.0,0.0,12.8,4.6,0.0
1377518571,4,10399.998544,218.399969424,2.1,1.6703488E7,335544.0,0.0,13.666666666666668,4.666666666666667,0.06666666666666667
1377518871,4,10399.998544,225.33330178666662,2.1666666666666665,1.6703488E7,402652.8,0.0,13.866666666666667,4.6,0.0
1377519171,4,10399.998544,225.33330178666662,2.1666666666666665,1.6703488E7,693457.6,0.0,17.6,4.6,0.0
1377519472,4,10399.998544,216.66663633333334,2.0833333333333335,1.6703488E7,178956.8,0.0,13.2,4.533333333333333,0.06666666666666667
1377519772,4,10399.998544,213.199970152,2.05,1.6703488E7,268435.2,0.0,12.866666666666667,4.666666666666667,0.0
1377520072,4,10399.998544,213.199970152,2.05,1.6703488E7,301989.6,0.0,12.866666666666667,4.4,0.06666666666666667
1377520372,4,10399.998544,214.93330324266663,2.0666666666666664,1.6703488E7,346728.8,0.0,13.066666666666666,4.533333333333333,0.06666666666666667
1377520672,4,10399.998544,221.86663560533333,2.1333333333333333,1.6703488E7,156587.2,0.0,13.133333333333333,4.533333333333333,0.0
1377520972,4,10399.998544,213.199970152,2.05,1.6703488E7,190141.6,0.0,13.2,4.666666666666667,0.0
1377521272,4,10399.998544,218.399969424,2.1,1.6703488E7,145402.4,0.0,12.733333333333334,4.533333333333333,0.0
1377521572,4,10399.998544,216.66663633333334,2.0833333333333335,1.6703488E7,178956.8,0.0,13.2,4.533333333333333,0.0
1377521872,4,10399.998544,216.66663633333334,2.0833333333333335,1.6703488E7,167772.0,0.0,13.133333333333333,4.466666666666667,0.0
1377522172,4,10399.998544,214.93330324266663,2.0666666666666664,1.6703488E7,301989.6,0.0,13.866666666666667,4.666666666666667,0.13333333333333333
1377522472,4,10399.998544,228.79996796800003,2.2,1.6703488E7,279620.0,0.0,14.4,4.8,0.06666666666666667
1377522771,4,10399.998544,228.79996796800003,2.2,1.6703488E7,425022.4,0.0,17.8,4.533333333333333,0.0
1377523071,4,10399.998544,214.93330324266663,2.0666666666666664,1.6703488E7,167772.0,0.0,13.2,4.6,0.0
1377523371,4,10399.998544,214.93330324266663,2.0666666666666664,1.6703488E7,257250.4,0.0,13.133333333333333,4.733333333333333,0.0
1377523671,4,10399.998544,213.199970152,2.05,1.6703488E7,145402.4,0.0,13.2,4.6,0.0
1377523971,4,10399.998544,214.93330324266663,2.0666666666666664,1.6703488E7,369098.4,0.0,13.333333333333332,4.733333333333333,0.06666666666666667
1377524271,4,10399.998544,216.66663633333334,2.0833333333333335,1.6703488E7,279620.0,0.0,13.533333333333333,4.8,0.0
1377524571,4,10399.998544,213.199970152,2.05,1.6703488E7,134217.6,0.0,13.133333333333333,4.666666666666667,0.0
1377524871,4,10399.998544,213.199970152,2.05,1.6703488E7,223696.0,0.0,12.733333333333334,4.6,0.0
1377525171,4,10399.998544,211.4666370613333,2.033333333333333,1.6703488E7,212511.2,0.0,13.266666666666666,4.6,0.0
1377525471,4,10399.998544,214.93330324266663,2.0666666666666664,1.6703488E7,201326.4,0.0,12.8,4.666666666666667,0.0
1377525771,4,10399.998544,220.1333025146667,2.1166666666666667,1.6703488E7,380283.2,0.0,13.866666666666667,4.8,0.06666666666666667
1377526071,4,10399.998544,228.79996796800003,2.2,1.6703488E7,301989.6,0.0,14.133333333333333,4.733333333333333,0.0
1377526371,4,10399.998544,227.06663487733334,2.1833333333333336,1.6703488E7,492131.2,0.0,17.8,4.666666666666667,0.0
1377526671,4,10399.998544,214.93330324266663,2.0666666666666664,1.6703488E7,201326.4,0.0,13.133333333333333,4.666666666666667,0.0
1377526971,4,10399.998544,214.93330324266663,2.0666666666666664,1.6703488E7,167772.0,0.0,12.866666666666667,4.666666666666667,0.0
1377527271,4,10399.998544,213.199970152,2.05,1.6703488E7,167772.0,0.0,13.133333333333333,4.733333333333333,0.0
1377527571,4,10399.998544,213.199970152,2.05,1.6703488E7,167772.0,0.0,13.0,4.6,0.0
1377527871,4,10399.998544,216.66663633333334,2.0833333333333335,1.6703488E7,134217.6,0.0,12.8,4.6,0.0
1377528171,4,10399.998544,216.66663633333334,2.0833333333333335,1.6703488E7,246065.6,0.0,13.2,4.6,0.0
1377528472,4,10399.998544,214.93330324266663,2.0666666666666664,1.6703488E7,279620.0,0.0,12.733333333333334,4.666666666666667,0.0
1377528772,4,10399.998544,209.73330397066667,2.0166666666666666,1.6703488E7,167772.0,0.0,12.933333333333334,4.466666666666667,0.0
1377529072,4,10399.998544,211.4666370613333,2.033333333333333,1.6703488E7,167772.0,0.0,12.600000000000001,4.733333333333333,0.0
1377529372,4,10399.998544,218.399969424,2.1,1.6703488E7,156587.2,0.0,13.866666666666667,4.666666666666667,0.06666666666666667
1377529672,4,10399.998544,225.33330178666662,2.1666666666666665,1.6703488E7,190141.6,0.0,13.866666666666667,4.6,0.0
1377529972,4,10399.998544,230.5333010586667,2.216666666666667,1.6703488E7,369098.4,0.0,17.733333333333334,4.6,0.0
1377530272,4,10399.998544,213.199970152,2.05,1.6703488E7,145402.4,0.0,13.066666666666666,4.6,0.0
1377530572,4,10399.998544,213.199970152,2.05,1.6703488E7,257250.4,0.0,12.8,4.533333333333333,0.0
1377530872,4,10399.998544,214.93330324266663,2.0666666666666664,1.6703488E7,167772.0,0.0,13.133333333333333,4.6,0.0
1377531172,4,10399.998544,214.93330324266663,2.0666666666666664,1.6703488E7,246065.6,0.0,13.066666666666666,4.666666666666667,0.0
1377531472,4,10399.998544,218.399969424,2.1,1.6703488E7,201326.4,0.0,13.133333333333333,4.6,0.0
1377531772,4,10399.998544,213.199970152,2.05,1.6703488E7,134217.6,0.0,12.933333333333334,4.666666666666667,0.0
1377532072,4,10399.998544,216.66663633333334,2.0833333333333335,1.6703488E7,223696.0,0.0,12.8,4.666666666666667,0.0
1377532372,4,10399.998544,213.199970152,2.05,1.6703488E7,234880.8,0.0,13.0,4.666666666666667,0.0
1377532672,4,10399.998544,209.73330397066667,2.0166666666666666,1.6703488E7,100663.2,0.0,12.666666666666668,4.466666666666667,0.0
1377532972,4,10399.998544,218.399969424,2.1,1.6703488E7,346728.8,0.0,13.733333333333334,4.6,0.06666666666666667
1377533272,4,10399.998544,230.5333010586667,2.216666666666667,1.6703488E7,301989.6,0.0,14.2,4.666666666666667,0.06666666666666667
1377533572,4,10399.998544,227.06663487733334,2.1833333333333336,1.6703488E7,268435.2,0.0,18.133333333333333,4.6,0.0
1377533872,4,10399.998544,213.199970152,2.05,1.6703488E7,67108.8,0.0,13.066666666666666,4.466666666666667,0.0
1377534172,4,10399.998544,213.199970152,2.05,1.6703488E7,0.0,0.0,12.933333333333334,4.666666666666667,0.06666666666666667
1377534472,4,10399.998544,207.99997088,2.0,1.6703488E7,223696.0,0.0,12.733333333333334,4.6,0.0
1377534772,4,10399.998544,214.93330324266663,2.0666666666666664,1.6703488E7,335544.0,0.0,12.733333333333334,4.6,0.0
1377535072,4,10399.998544,209.73330397066667,2.0166666666666666,1.6703488E7,335544.0,0.0,13.0,4.666666666666667,0.0
1377535372,4,10399.998544,213.199970152,2.05,1.6703488E7,324359.2,0.0,12.600000000000001,4.466666666666667,0.0
1377535672,4,10399.998544,207.99997088,2.0,1.6703488E7,190141.6,0.0,12.733333333333334,4.533333333333333,0.0
1377535972,4,10399.998544,213.199970152,2.05,1.6703488E7,167772.0,0.0,12.533333333333333,4.6,0.0
1377536272,4,10399.998544,213.199970152,2.05,1.6703488E7,246065.6,0.0,12.4,4.6,0.0
1377536572,4,10399.998544,218.399969424,2.1,1.6703488E7,123032.8,0.0,13.866666666666667,4.666666666666667,0.06666666666666667
1377536872,4,10399.998544,218.399969424,2.1,1.6703488E7,178956.8,0.0,13.333333333333332,4.666666666666667,0.0
1377537172,4,10399.998544,221.86663560533333,2.1333333333333333,1.6703488E7,268435.2,0.0,15.133333333333333,4.6,0.0
1377537472,4,10399.998544,207.99997088,2.0,1.6703488E7,234880.8,0.0,12.333333333333334,4.533333333333333,0.0
1377537772,4,10399.998544,211.4666370613333,2.033333333333333,1.6703488E7,290804.8,0.0,12.333333333333334,4.533333333333333,0.0
1377538072,4,10399.998544,207.99997088,2.0,1.6703488E7,190141.6,0.0,12.8,4.466666666666667,0.0
1377538372,4,10399.998544,213.199970152,2.05,1.6703488E7,313174.4,0.0,12.866666666666667,4.466666666666667,0.0
1377538672,4,10399.998544,211.4666370613333,2.033333333333333,1.6703488E7,145402.4,0.0,12.733333333333334,4.533333333333333,0.0
1377538972,4,10399.998544,213.199970152,2.05,1.6703488E7,324359.2,0.0,12.933333333333334,4.6,0.0
1377539272,4,10399.998544,209.73330397066667,2.0166666666666666,1.6703488E7,268435.2,0.0,12.399999999999999,4.4,0.0
1377539572,4,10399.998544,214.93330324266663,2.0666666666666664,1.6703488E7,134217.6,0.0,12.600000000000001,4.533333333333333,0.0
1377539873,4,10399.998544,207.99997088,2.0,1.6703488E7,201326.4,0.0,12.6,4.6,0.0
1377540173,4,10399.998544,218.399969424,2.1,1.6703488E7,335544.0,0.0,13.133333333333333,4.533333333333333,0.0
1377540473,4,10399.998544,223.599968696,2.15,1.6703488E7,246065.6,0.0,13.866666666666667,4.533333333333333,0.0
1377540773,4,10399.998544,227.06663487733334,2.1833333333333336,1.6703488E7,268435.2,0.0,17.4,4.666666666666667,0.0
1377541073,4,10399.998544,209.73330397066667,2.0166666666666666,1.6703488E7,234880.8,0.0,12.600000000000001,4.666666666666667,0.0
1377541373,4,10399.998544,214.93330324266663,2.0666666666666664,1.6703488E7,223696.0,0.0,12.933333333333334,4.6,0.0
1377541673,4,10399.998544,207.99997088,2.0,1.6703488E7,313174.4,0.0,12.733333333333334,4.666666666666667,0.0
1377541973,4,10399.998544,213.199970152,2.05,1.6703488E7,369098.4,0.0,12.8,4.6,0.0
1377542273,4,10399.998544,213.199970152,2.05,1.6703488E7,223696.0,0.0,13.2,4.533333333333333,0.0
1377542573,4,10399.998544,213.199970152,2.05,1.6703488E7,156587.2,0.0,12.8,4.466666666666667,0.0
1377542873,4,10399.998544,207.99997088,2.0,1.6703488E7,134217.6,0.0,12.533333333333333,4.466666666666667,0.06666666666666667
1377543173,4,10399.998544,213.199970152,2.05,1.6703488E7,156587.2,0.0,12.600000000000001,4.4,0.0
1377543473,4,10399.998544,207.99997088,2.0,1.6703488E7,447392.0,0.0,12.666666666666668,4.533333333333333,0.0
1377543773,4,10399.998544,218.399969424,2.1,1.6703488E7,301989.6,0.0,13.8,4.666666666666667,0.0
1377544073,4,10399.998544,223.599968696,2.15,1.6703488E7,290804.8,0.0,14.333333333333332,4.666666666666667,0.06666666666666667
1377544373,4,10399.998544,227.06663487733334,2.1833333333333336,1.6703488E7,335544.0,0.0,17.333333333333336,4.466666666666667,0.0
1377544673,4,10399.998544,207.99997088,2.0,1.6703488E7,257250.4,0.0,12.600000000000001,4.533333333333333,0.0
1377544973,4,10399.998544,213.199970152,2.05,1.6703488E7,268435.2,0.0,12.733333333333334,4.4,0.0
1377545273,4,10399.998544,207.99997088,2.0,1.6703488E7,234880.8,0.0,12.533333333333333,4.466666666666667,0.0
1377545573,4,10399.998544,214.93330324266663,2.0666666666666664,1.6703488E7,234880.8,0.0,12.666666666666666,4.6,0.0
1377545873,4,10399.998544,213.199970152,2.05,1.6703488E7,78293.6,0.0,12.933333333333334,4.666666666666667,0.0
1377546173,4,10399.998544,214.93330324266663,2.0666666666666664,1.6703488E7,156587.2,0.0,12.600000000000001,4.666666666666667,0.0
1377546473,4,10399.998544,209.73330397066667,2.0166666666666666,1.6703488E7,167772.0,0.0,12.6,4.666666666666667,0.0
1377546773,4,10399.998544,213.199970152,2.05,1.6703488E7,178956.8,0.0,12.8,4.533333333333333,0.0
1377547073,4,10399.998544,207.99997088,2.0,1.6703488E7,257250.4,0.0,12.733333333333334,4.4,0.0
1377547373,4,10399.998544,218.399969424,2.1,1.6703488E7,178956.8,0.0,13.266666666666666,4.533333333333333,0.0
1377547673,4,10399.998544,220.1333025146667,2.1166666666666667,1.6703488E7,156587.2,0.0,13.533333333333335,4.6,0.0
1377547973,4,10399.998544,227.06663487733334,2.1833333333333336,1.6703488E7,447392.0,0.0,17.866666666666667,4.466666666666667,0.0
1377548273,4,10399.998544,207.99997088,2.0,1.6703488E7,156587.2,0.0,12.533333333333333,4.466666666666667,0.0
1377548573,4,10399.998544,213.199970152,2.05,1.6703488E7,335544.0,0.0,12.533333333333333,4.533333333333333,0.0
1377548873,4,10399.998544,207.99997088,2.0,1.6703488E7,178956.8,0.0,12.733333333333334,4.6,0.0
1377549173,4,10399.998544,213.199970152,2.05,1.6703488E7,257250.4,0.0,12.8,4.6,0.0
1377549473,4,10399.998544,211.4666370613333,2.033333333333333,1.6703488E7,369098.4,0.0,12.933333333333334,4.6,0.0
1377549774,4,10399.998544,213.199970152,2.05,1.6703488E7,123032.8,0.0,12.333333333333334,4.6,0.0
1377550074,4,10399.998544,209.73330397066667,2.0166666666666666,1.6703488E7,190141.6,0.0,12.666666666666668,4.666666666666667,0.0
1377550374,4,10399.998544,214.93330324266663,2.0666666666666664,1.6703488E7,212511.2,0.0,12.333333333333334,4.6,0.0
1377550674,4,10399.998544,209.73330397066667,2.0166666666666666,1.6703488E7,212511.2,0.0,12.733333333333334,4.466666666666667,0.0
1377550974,4,10399.998544,218.399969424,2.1,1.6703488E7,279620.0,0.0,13.333333333333332,4.6,0.06666666666666667
1377551274,4,10399.998544,221.86663560533333,2.1333333333333333,1.6703488E7,313174.4,0.0,13.600000000000001,4.8,0.0
1377551574,4,10399.998544,227.06663487733334,2.1833333333333336,1.6703488E7,380283.2,0.0,17.6,4.466666666666667,0.0
1377551874,4,10399.998544,207.99997088,2.0,1.6703488E7,167772.0,0.0,12.466666666666667,4.6,0.0
1377552174,4,10399.998544,213.199970152,2.05,1.6703488E7,234880.8,0.0,12.733333333333334,4.6,0.06666666666666667
1377552474,4,10399.998544,209.73330397066667,2.0166666666666666,1.6703488E7,100663.2,0.0,12.266666666666667,4.533333333333333,0.0
1377552774,4,10399.998544,214.93330324266663,2.0666666666666664,1.6703488E7,100663.2,0.0,12.866666666666667,4.6,0.0
1377553074,4,10399.998544,209.73330397066667,2.0166666666666666,1.6703488E7,290804.8,0.0,12.466666666666667,4.533333333333333,0.0
1377553374,4,10399.998544,214.93330324266663,2.0666666666666664,1.6703488E7,201326.4,0.0,12.8,4.533333333333333,0.0
1377553674,4,10399.998544,207.99997088,2.0,1.6703488E7,257250.4,0.0,12.533333333333333,4.533333333333333,0.0
1377553974,4,10399.998544,216.66663633333334,2.0833333333333335,1.6703488E7,201326.4,0.0,12.666666666666668,4.533333333333333,0.0
1377554274,4,10399.998544,207.99997088,2.0,1.6703488E7,167772.0,0.0,14.066666666666666,4.533333333333333,0.0
1377554574,4,10399.998544,220.1333025146667,2.1166666666666667,1.6703488E7,268435.2,0.0,13.466666666666669,4.533333333333333,0.06666666666666667
1377554874,4,10399.998544,223.599968696,2.15,1.6703488E7,178956.8,0.0,14.133333333333333,4.666666666666667,0.06666666666666667
1377555174,4,10399.998544,227.06663487733334,2.1833333333333336,1.6703488E7,201326.4,0.0,17.46666666666667,4.533333333333333,0.0
1377555474,4,10399.998544,207.99997088,2.0,1.6703488E7,357913.6,0.0,12.533333333333335,4.533333333333333,0.0
1377555774,4,10399.998544,214.93330324266663,2.0666666666666664,1.6703488E7,67108.8,0.0,12.666666666666668,4.533333333333333,0.0
1377556074,4,10399.998544,207.99997088,2.0,1.6703488E7,167772.0,0.0,12.733333333333334,4.466666666666667,0.0
1377556374,4,10399.998544,213.199970152,2.05,1.6703488E7,268435.2,0.0,12.8,4.6,0.06666666666666667
1377556674,4,10399.998544,209.73330397066667,2.0166666666666666,1.6703488E7,268435.2,0.0,12.8,4.533333333333333,0.0
1377556974,4,10399.998544,292.93329232266666,2.816666666666667,1.6703488E7,570424.8,0.0,58.733333333333334,5.866666666666666,2.4
1377557274,4,10399.998544,207.99997088,2.0,1.6703488E7,592794.4,0.0,13.8,4.466666666666667,0.0
1377557574,4,10399.998544,213.199970152,2.05,1.6703488E7,268435.2,0.0,12.466666666666667,4.533333333333333,0.0
1377557874,4,10399.998544,207.99997088,2.0,1.6703488E7,301989.6,0.0,12.6,4.533333333333333,0.0
1377558174,4,10399.998544,218.399969424,2.1,1.6703488E7,67108.8,0.0,13.399999999999999,4.666666666666667,0.06666666666666667
1377558474,4,10399.998544,220.1333025146667,2.1166666666666667,1.6703488E7,156587.2,0.0,13.600000000000001,4.6,0.0
1377558774,4,10399.998544,221.86663560533333,2.1333333333333333,1.6703488E7,413837.6,0.0,16.866666666666667,4.533333333333333,0.0
1377559074,4,10399.998544,218.399969424,2.1,1.6703488E7,335544.0,0.0,12.666666666666666,4.733333333333333,0.0
1377559374,4,10399.998544,227.06663487733334,2.1833333333333336,1.6703488E7,290804.8,0.0,12.6,4.6,0.06666666666666667
1377559674,4,10399.998544,209.73330397066667,2.0166666666666666,1.6703488E7,369098.4,0.0,12.333333333333334,4.6,0.0
1377559974,4,10399.998544,213.199970152,2.05,1.6703488E7,425022.4,0.0,13.066666666666666,4.533333333333333,0.06666666666666667
1377560274,4,10399.998544,209.73330397066667,2.0166666666666666,1.6703488E7,369098.4,0.0,13.066666666666666,4.666666666666667,0.0
1377560574,4,10399.998544,213.199970152,2.05,1.6703488E7,201326.4,0.0,12.666666666666668,4.6,0.0
1377560874,4,10399.998544,211.4666370613333,2.033333333333333,1.6703488E7,223696.0,0.0,12.733333333333334,4.6,0.0
1377561174,4,10399.998544,213.199970152,2.05,1.6703488E7,268435.2,0.0,12.866666666666667,4.733333333333333,0.0
1377561474,4,10399.998544,207.99997088,2.0,1.6703488E7,234880.8,0.0,12.8,4.733333333333333,0.06666666666666667
1377561774,4,10399.998544,220.1333025146667,2.1166666666666667,1.6703488E7,167772.0,0.0,13.266666666666666,4.733333333333333,0.06666666666666667
1377562074,4,10399.998544,221.86663560533333,2.1333333333333333,1.6703488E7,257250.4,0.0,13.666666666666668,4.533333333333333,0.0
1377562374,4,10399.998544,225.33330178666662,2.1666666666666665,1.6703488E7,626348.8,0.0,17.666666666666668,4.6,0.0
1377562674,4,10399.998544,209.73330397066667,2.0166666666666666,1.6703488E7,447392.0,0.0,12.8,4.6,0.0
1377562974,4,10399.998544,213.199970152,2.05,1.6703488E7,369098.4,0.0,12.866666666666667,4.6,0.0
1377563274,4,10399.998544,209.73330397066667,2.0166666666666666,1.6703488E7,246065.6,0.0,12.8,4.6,0.0
1377563574,4,10399.998544,214.93330324266663,2.0666666666666664,1.6703488E7,212511.2,0.0,12.8,4.533333333333333,0.0
1377563874,4,10399.998544,207.99997088,2.0,1.6703488E7,268435.2,0.0,12.933333333333334,4.533333333333333,0.0
1377564174,4,10399.998544,214.93330324266663,2.0666666666666664,1.6703488E7,156587.2,0.0,12.733333333333334,4.533333333333333,0.0
1377564474,4,10399.998544,207.99997088,2.0,1.6703488E7,190141.6,0.0,12.733333333333334,4.6,0.0
1377564774,4,10399.998544,214.93330324266663,2.0666666666666664,1.6703488E7,234880.8,0.0,12.600000000000001,4.6,0.0
1377565074,4,10399.998544,207.99997088,2.0,1.6703488E7,268435.2,0.0,12.600000000000001,4.666666666666667,0.0
1377565374,4,10399.998544,218.399969424,2.1,1.6703488E7,268435.2,0.0,13.8,4.6,0.06666666666666667
1377565674,4,10399.998544,228.79996796800003,2.2,1.6703488E7,559240.0,0.0,73.13333333333333,19.733333333333334,0.3333333333333333
1377565974,4,10399.998544,233.99996724000002,2.25,1.6703488E7,301989.6,0.0,17.6,4.533333333333333,0.06666666666666667
1377566274,4,10399.998544,207.99997088,2.0,1.6703488E7,167772.0,0.0,12.866666666666667,4.666666666666667,0.0
1377566574,4,10399.998544,213.199970152,2.05,1.6703488E7,234880.8,0.0,12.666666666666666,4.533333333333333,0.0
1377566874,4,10399.998544,211.4666370613333,2.033333333333333,1.6703488E7,167772.0,0.0,12.8,4.533333333333333,0.0
1377567175,4,10399.998544,213.199970152,2.05,1.6703488E7,380283.2,0.0,12.733333333333334,4.466666666666667,0.0
1377567475,4,10399.998544,207.99997088,2.0,1.6703488E7,290804.8,0.0,12.600000000000001,4.666666666666667,0.0
1377567775,4,10399.998544,213.199970152,2.05,1.6703488E7,436207.2,0.0,12.733333333333334,4.466666666666667,0.0
1377568075,4,10399.998544,289.46662614133334,2.783333333333333,1.6703488E7,592794.4,0.0,83.53333333333333,7.933333333333334,193.53333333333333
1377568375,4,10399.998544,707.199900992,6.8,1.6703488E7,391468.0,0.0,110.6,8.933333333333334,21.933333333333334
1377568675,4,10399.998544,207.99997088,2.0,1.6703488E7,357913.6,0.0,13.933333333333334,4.6,0.0
1377568975,4,10399.998544,388.2666123093333,3.733333333333333,1.6703488E7,313174.4,0.0,15.399999999999999,6.0,0.8666666666666667
1377569275,4,10399.998544,230.5333010586667,2.216666666666667,1.6703488E7,503316.0,0.0,15.2,4.666666666666667,0.0
1377569575,4,10399.998544,227.06663487733334,2.1833333333333336,1.6703488E7,391468.0,0.0,17.733333333333334,4.666666666666667,0.0
1377569875,4,10399.998544,209.73330397066667,2.0166666666666666,1.6703488E7,335544.0,0.0,12.733333333333334,4.533333333333333,0.0
1377570175,4,10399.998544,249.599965056,2.4,1.6703488E7,659903.2,0.0,26.933333333333334,11.466666666666667,0.26666666666666666
1377570475,4,10399.998544,209.73330397066667,2.0166666666666666,1.6703488E7,402652.8,0.0,12.533333333333333,4.466666666666667,0.0
1377570775,4,10399.998544,213.199970152,2.05,1.6703488E7,313174.4,0.0,12.866666666666667,4.533333333333333,0.0
1377571075,4,10399.998544,207.99997088,2.0,1.6703488E7,268435.2,0.0,12.866666666666667,4.466666666666667,0.0
1377571375,4,10399.998544,213.199970152,2.05,1.6703488E7,178956.8,0.0,13.0,4.6,0.0
1377571675,4,10399.998544,207.99997088,2.0,1.6703488E7,167772.0,0.0,12.4,4.466666666666667,0.0
1377571975,4,10399.998544,213.199970152,2.05,1.6703488E7,100663.2,0.0,12.8,4.466666666666667,0.0
1377572275,4,10399.998544,207.99997088,2.0,1.6703488E7,178956.8,0.0,12.533333333333333,4.6,0.0
1377572575,4,10399.998544,216.66663633333334,2.0833333333333335,1.6703488E7,201326.4,0.0,13.600000000000001,4.666666666666667,0.06666666666666667
1377572875,4,10399.998544,220.1333025146667,2.1166666666666667,1.6703488E7,156587.2,0.0,13.866666666666667,4.6,0.0
1377573175,4,10399.998544,220.1333025146667,2.1166666666666667,1.6703488E7,436207.2,0.0,16.933333333333334,4.6,0.0
1377573475,4,10399.998544,207.99997088,2.0,1.6703488E7,212511.2,0.0,12.333333333333334,4.533333333333333,0.0
1377573776,4,10399.998544,213.199970152,2.05,1.6703488E7,167772.0,0.0,12.4,4.6,0.0
1377574076,4,10399.998544,207.99997088,2.0,1.6703488E7,167772.0,0.0,12.266666666666666,4.666666666666667,0.0
1377574376,4,10399.998544,213.199970152,2.05,1.6703488E7,257250.4,0.0,12.466666666666667,4.666666666666667,0.0
1377574676,4,10399.998544,209.73330397066667,2.0166666666666666,1.6703488E7,212511.2,0.0,12.666666666666668,4.733333333333333,0.0
1377574976,4,10399.998544,214.93330324266663,2.0666666666666664,1.6703488E7,201326.4,0.0,12.666666666666668,4.733333333333333,0.0
1377575276,4,10399.998544,207.99997088,2.0,1.6703488E7,134217.6,0.0,12.533333333333333,4.6,0.0
1377575576,4,10399.998544,213.199970152,2.05,1.6703488E7,178956.8,0.0,12.733333333333334,4.6,0.0
1377575876,4,10399.998544,211.4666370613333,2.033333333333333,1.6703488E7,268435.2,0.0,12.466666666666667,4.533333333333333,0.0
1377576176,4,10399.998544,216.66663633333334,2.0833333333333335,1.6703488E7,223696.0,0.0,13.533333333333335,4.6,0.06666666666666667
1377576476,4,10399.998544,230.5333010586667,2.216666666666667,1.6703488E7,279620.0,0.0,14.4,4.533333333333333,0.0
1377576776,4,10399.998544,220.1333025146667,2.1166666666666667,1.6703488E7,301989.6,0.0,17.066666666666666,4.466666666666667,0.0
1377577076,4,10399.998544,213.199970152,2.05,1.6703488E7,201326.4,0.0,12.600000000000001,4.533333333333333,0.0
1377577376,4,10399.998544,230.5333010586667,2.216666666666667,1.6703488E7,111848.0,0.0,12.733333333333334,4.533333333333333,0.0
1377577676,4,10399.998544,211.4666370613333,2.033333333333333,1.6703488E7,89478.4,0.0,12.600000000000001,4.6,0.0
1377577976,4,10399.998544,213.199970152,2.05,1.6703488E7,279620.0,0.0,12.8,4.733333333333333,0.0
1377578276,4,10399.998544,209.73330397066667,2.0166666666666666,1.6703488E7,324359.2,0.0,13.0,4.466666666666667,0.0
1377578576,4,10399.998544,214.93330324266663,2.0666666666666664,1.6703488E7,212511.2,0.0,12.8,4.6,0.0
1377578876,4,10399.998544,207.99997088,2.0,1.6703488E7,313174.4,0.0,12.4,4.466666666666667,0.06666666666666667
1377579176,4,10399.998544,213.199970152,2.05,1.6703488E7,369098.4,0.0,13.0,4.6,0.0
1377579476,4,10399.998544,207.99997088,2.0,1.6703488E7,190141.6,0.0,12.4,4.6,0.0
1377579776,4,10399.998544,216.66663633333334,2.0833333333333335,1.6703488E7,324359.2,0.0,13.466666666666669,4.666666666666667,0.0
1377580076,4,10399.998544,228.79996796800003,2.2,1.6703488E7,212511.2,0.0,14.0,4.533333333333333,0.0
1377580376,4,10399.998544,220.1333025146667,2.1166666666666667,1.6703488E7,357913.6,0.0,17.0,4.466666666666667,0.0
1377580676,4,10399.998544,207.99997088,2.0,1.6703488E7,201326.4,0.0,12.733333333333334,4.466666666666667,0.0
1377580976,4,10399.998544,213.199970152,2.05,1.6703488E7,234880.8,0.0,12.666666666666668,4.4,0.0
1377581276,4,10399.998544,209.73330397066667,2.0166666666666666,1.6703488E7,134217.6,0.0,12.666666666666668,4.533333333333333,0.0
1377581576,4,10399.998544,214.93330324266663,2.0666666666666664,1.6703488E7,268435.2,0.0,13.066666666666666,4.6,0.0
1377581876,4,10399.998544,211.4666370613333,2.033333333333333,1.6703488E7,201326.4,0.0,12.733333333333334,4.6,0.06666666666666667
1377582176,4,10399.998544,214.93330324266663,2.0666666666666664,1.6703488E7,167772.0,0.0,12.8,4.466666666666667,0.0
1377582476,4,10399.998544,207.99997088,2.0,1.6703488E7,145402.4,0.0,12.466666666666667,4.666666666666667,0.06666666666666667
1377582776,4,10399.998544,214.93330324266663,2.0666666666666664,1.6703488E7,234880.8,0.0,12.733333333333334,4.6,0.0
1377583077,4,10399.998544,207.99997088,2.0,1.6703488E7,167772.0,0.0,12.733333333333334,4.666666666666667,0.0
1377583377,4,10399.998544,220.1333025146667,2.1166666666666667,1.6703488E7,167772.0,0.0,13.266666666666666,4.666666666666667,0.13333333333333333
1377583677,4,10399.998544,228.79996796800003,2.2,1.6703488E7,425022.4,0.0,13.866666666666667,4.666666666666667,0.0
1377583977,4,10399.998544,221.86663560533333,2.1333333333333333,1.6703488E7,279620.0,0.0,17.0,4.466666666666667,0.0
1377584277,4,10399.998544,209.73330397066667,2.0166666666666666,1.6703488E7,212511.2,0.0,12.466666666666667,4.466666666666667,0.0
1377584577,4,10399.998544,213.199970152,2.05,1.6703488E7,223696.0,0.0,12.8,4.533333333333333,0.0
1377584877,4,10399.998544,207.99997088,2.0,1.6703488E7,167772.0,0.0,12.533333333333333,4.6,0.0
1377585177,4,10399.998544,213.199970152,2.05,1.6703488E7,234880.8,0.0,13.266666666666666,4.466666666666667,0.0
1377585477,4,10399.998544,207.99997088,2.0,1.6703488E7,223696.0,0.0,12.8,4.466666666666667,0.0
1377585777,4,10399.998544,213.199970152,2.05,1.6703488E7,167772.0,0.0,13.0,4.533333333333333,0.0
1377586077,4,10399.998544,207.99997088,2.0,1.6703488E7,145402.4,0.0,12.600000000000001,4.666666666666667,0.0
1377586377,4,10399.998544,216.66663633333334,2.0833333333333335,1.6703488E7,223696.0,0.0,12.4,4.533333333333333,0.0
1377586677,4,10399.998544,207.99997088,2.0,1.6703488E7,257250.4,0.0,12.733333333333334,4.6,0.0
1377586977,4,10399.998544,218.399969424,2.1,1.6703488E7,134217.6,0.0,13.266666666666666,4.6,0.06666666666666667
1377587277,4,10399.998544,230.5333010586667,2.216666666666667,1.6703488E7,290804.8,0.0,14.533333333333335,4.6,0.06666666666666667
1377587577,4,10399.998544,220.1333025146667,2.1166666666666667,1.6703488E7,503316.0,0.0,17.266666666666666,4.533333333333333,0.0
1377587877,4,10399.998544,209.73330397066667,2.0166666666666666,1.6703488E7,246065.6,0.0,12.333333333333334,4.666666666666667,0.0
1377588177,4,10399.998544,214.93330324266663,2.0666666666666664,1.6703488E7,257250.4,0.0,13.066666666666666,4.666666666666667,0.0
1377588477,4,10399.998544,213.199970152,2.05,1.6703488E7,111848.0,0.0,12.399999999999999,4.6,0.0
1377588776,4,10399.998544,230.5333010586667,2.216666666666667,1.6703488E7,234880.8,0.0,12.4,4.6,0.0
1377589076,4,10399.998544,209.73330397066667,2.0166666666666666,1.6703488E7,134217.6,0.0,12.6,4.533333333333333,0.0
1377589376,4,10399.998544,214.93330324266663,2.0666666666666664,1.6703488E7,123032.8,0.0,12.4,4.533333333333333,0.06666666666666667
1377589676,4,10399.998544,207.99997088,2.0,1.6703488E7,234880.8,0.0,12.600000000000001,4.6,0.0
1377589976,4,10399.998544,213.199970152,2.05,1.6703488E7,369098.4,0.0,12.533333333333335,4.733333333333333,0.0
1377590277,4,10399.998544,213.199970152,2.05,1.6703488E7,89478.4,0.0,12.666666666666668,4.533333333333333,0.0
1377590577,4,10399.998544,218.399969424,2.1,1.6703488E7,0.0,0.0,13.533333333333335,4.666666666666667,0.06666666666666667
1377590877,4,10399.998544,232.26663414933333,2.2333333333333334,1.6703488E7,201326.4,0.0,14.266666666666666,4.733333333333333,0.0
1377591177,4,10399.998544,220.1333025146667,2.1166666666666667,1.6703488E7,167772.0,0.0,17.4,4.6,0.0
1377591477,4,10399.998544,207.99997088,2.0,1.6703488E7,425022.4,0.0,12.2,4.6,0.0
1377591777,4,10399.998544,221.86663560533333,2.1333333333333333,1.6703488E7,369098.4,0.0,13.066666666666666,4.666666666666667,0.0
1377592077,4,10399.998544,221.86663560533333,2.1333333333333333,1.6703488E7,246065.6,0.0,12.533333333333333,4.533333333333333,0.06666666666666667
1377592377,4,10399.998544,213.199970152,2.05,1.6703488E7,167772.0,0.0,13.0,4.533333333333333,0.0
1377592677,4,10399.998544,213.199970152,2.05,1.6703488E7,100663.2,0.0,12.8,4.466666666666667,0.06666666666666667
1377592977,4,10399.998544,214.93330324266663,2.0666666666666664,1.6703488E7,257250.4,0.0,12.8,4.6,0.0
1377593277,4,10399.998544,207.99997088,2.0,1.6703488E7,268435.2,0.0,12.600000000000001,4.666666666666667,0.0
1377593577,4,10399.998544,213.199970152,2.05,1.6703488E7,201326.4,0.0,12.533333333333333,4.533333333333333,0.0
1377593877,4,10399.998544,207.99997088,2.0,1.6703488E7,391468.0,0.0,12.733333333333334,4.533333333333333,0.06666666666666667
1377594177,4,10399.998544,216.66663633333334,2.0833333333333335,1.6703488E7,324359.2,0.0,13.2,4.533333333333333,0.06666666666666667
1377594477,4,10399.998544,214.93330324266663,2.0666666666666664,1.6703488E7,301989.6,0.0,8.4,1.9333333333333333,0.0
1377594777,4,10399.998544,195.86663924533335,1.8833333333333335,1.6703488E7,391468.0,0.0,7.4,0.0,0.0
1377595077,4,10399.998544,187.199973792,1.8,1.6703488E7,178956.8,0.0,4.4,0.8666666666666667,0.0
1377595377,4,10399.998544,213.199970152,2.05,1.6703488E7,111848.0,0.0,12.8,4.466666666666667,0.0
1377595677,4,10399.998544,207.99997088,2.0,1.6703488E7,55924.0,0.0,12.466666666666667,4.666666666666667,0.0
1377595977,4,10399.998544,213.199970152,2.05,1.6703488E7,223696.0,0.0,12.866666666666667,4.6,0.0
1377596277,4,10399.998544,209.73330397066667,2.0166666666666666,1.6703488E7,447392.0,0.0,12.933333333333334,4.533333333333333,0.0
1377596577,4,10399.998544,213.199970152,2.05,1.6703488E7,335544.0,0.0,12.8,4.4,0.06666666666666667
1377596877,4,10399.998544,207.99997088,2.0,1.6703488E7,134217.6,0.0,12.600000000000001,4.6,0.0
1377597177,4,10399.998544,213.199970152,2.05,1.6703488E7,100663.2,0.0,12.666666666666668,4.533333333333333,0.0
1377597477,4,10399.998544,211.4666370613333,2.033333333333333,1.6703488E7,246065.6,0.0,12.733333333333334,4.6,0.0
1377597777,4,10399.998544,218.399969424,2.1,1.6703488E7,178956.8,0.0,13.600000000000001,4.733333333333333,0.06666666666666667
1377598077,4,10399.998544,228.79996796800003,2.2,1.6703488E7,178956.8,0.0,14.533333333333333,4.666666666666667,0.0
1377598377,4,10399.998544,220.1333025146667,2.1166666666666667,1.6703488E7,268435.2,0.0,17.266666666666666,4.6,0.0
1377598677,4,10399.998544,207.99997088,2.0,1.6703488E7,111848.0,0.0,12.4,4.6,0.0
1377598977,4,10399.998544,214.93330324266663,2.0666666666666664,1.6703488E7,134217.6,0.0,12.933333333333334,4.6,0.06666666666666667
1377599277,4,10399.998544,207.99997088,2.0,1.6703488E7,167772.0,0.0,12.600000000000001,4.6,0.0
1377599577,4,10399.998544,213.199970152,2.05,1.6703488E7,134217.6,0.0,13.066666666666666,4.6,0.0
1377599877,4,10399.998544,209.73330397066667,2.0166666666666666,1.6703488E7,436207.2,0.0,13.2,4.6,0.0
1377600177,4,10399.998544,214.93330324266663,2.0666666666666664,1.6703488E7,145402.4,0.0,12.8,4.466666666666667,0.0
1377600477,4,10399.998544,207.99997088,2.0,1.6703488E7,167772.0,0.0,12.666666666666668,4.6,0.0
1377600777,4,10399.998544,213.199970152,2.05,1.6703488E7,279620.0,0.0,12.733333333333334,4.6,0.0
1377601077,4,10399.998544,209.73330397066667,2.0166666666666666,1.6703488E7,246065.6,0.0,12.666666666666668,4.6,0.0
1377601377,4,10399.998544,218.399969424,2.1,1.6703488E7,167772.0,0.0,13.533333333333335,4.533333333333333,0.06666666666666667
1377601677,4,10399.998544,227.06663487733334,2.1833333333333336,1.6703488E7,190141.6,0.0,14.066666666666666,4.666666666666667,0.0
1377601977,4,10399.998544,221.86663560533333,2.1333333333333333,1.6703488E7,201326.4,0.0,17.0,4.666666666666667,0.0
1377602278,4,10399.998544,207.99997088,2.0,1.6703488E7,268435.2,0.0,12.733333333333334,4.6,0.0
1377602578,4,10399.998544,216.66663633333334,2.0833333333333335,1.6703488E7,234880.8,0.0,13.0,4.533333333333333,0.0
1377602878,4,10399.998544,209.73330397066667,2.0166666666666666,1.6703488E7,167772.0,0.0,12.6,4.466666666666667,0.0
1377603178,4,10399.998544,213.199970152,2.05,1.6703488E7,167772.0,0.0,13.066666666666666,4.6,0.0
1377603478,4,10399.998544,213.199970152,2.05,1.6703488E7,402652.8,0.0,12.466666666666667,4.666666666666667,0.0
1377603778,4,10399.998544,214.93330324266663,2.0666666666666664,1.6703488E7,402652.8,0.0,13.0,4.666666666666667,0.0
1377604078,4,10399.998544,207.99997088,2.0,1.6703488E7,301989.6,0.0,12.533333333333333,4.666666666666667,0.06666666666666667
1377604378,4,10399.998544,213.199970152,2.05,1.6703488E7,335544.0,0.0,12.8,4.6,0.06666666666666667
1377604678,4,10399.998544,209.73330397066667,2.0166666666666666,1.6703488E7,123032.8,0.0,12.6,4.666666666666667,0.06666666666666667
1377604978,4,10399.998544,227.06663487733334,2.1833333333333336,1.6703488E7,246065.6,0.0,13.8,4.733333333333333,0.26666666666666666
1377605278,4,10399.998544,230.5333010586667,2.216666666666667,1.6703488E7,402652.8,0.0,20.8,4.733333333333333,0.13333333333333333
1377605578,4,10399.998544,220.1333025146667,2.1166666666666667,1.6703488E7,313174.4,0.0,15.133333333333333,4.533333333333333,0.0
1377605878,4,10399.998544,207.99997088,2.0,1.6703488E7,123032.8,0.0,12.666666666666668,4.6,0.06666666666666667
1377606178,4,10399.998544,213.199970152,2.05,1.6703488E7,301989.6,0.0,13.0,4.6,0.06666666666666667
1377606478,4,10399.998544,214.93330324266663,2.0666666666666664,1.6703488E7,78293.6,0.0,12.4,4.6,0.0
1377606778,4,10399.998544,207.99997088,2.0,1.6703488E7,145402.4,0.0,12.933333333333334,4.6,0.0
1377607078,4,10399.998544,227.06663487733334,2.1833333333333336,1.6703488E7,268435.2,0.0,12.8,4.466666666666667,0.0
1377607378,4,10399.998544,220.1333025146667,2.1166666666666667,1.6703488E7,246065.6,0.0,12.733333333333334,4.466666666666667,0.0
1377607678,4,10399.998544,213.199970152,2.05,1.6703488E7,145402.4,0.0,12.666666666666668,4.4,0.0
1377607978,4,10399.998544,209.73330397066667,2.0166666666666666,1.6703488E7,290804.8,0.0,12.666666666666668,4.533333333333333,0.0
1377608278,4,10399.998544,213.199970152,2.05,1.6703488E7,178956.8,0.0,12.733333333333334,4.466666666666667,0.0
1377608578,4,10399.998544,216.66663633333334,2.0833333333333335,1.6703488E7,290804.8,0.0,13.733333333333334,4.666666666666667,0.13333333333333333
1377608878,4,10399.998544,232.26663414933333,2.2333333333333334,1.6703488E7,324359.2,0.0,16.53333333333333,4.666666666666667,0.13333333333333333
1377609178,4,10399.998544,221.86663560533333,2.1333333333333333,1.6703488E7,514500.8,0.0,15.2,4.4,0.0
1377609478,4,10399.998544,209.73330397066667,2.0166666666666666,1.6703488E7,335544.0,0.0,12.6,4.6,0.06666666666666667
1377609778,4,10399.998544,213.199970152,2.05,1.6703488E7,290804.8,0.0,12.866666666666667,4.6,0.06666666666666667
1377610078,4,10399.998544,209.73330397066667,2.0166666666666666,1.6703488E7,257250.4,0.0,12.600000000000001,4.6,0.0
1377610378,4,10399.998544,216.66663633333334,2.0833333333333335,1.6703488E7,156587.2,0.0,12.8,4.6,0.0
1377610678,4,10399.998544,211.4666370613333,2.033333333333333,1.6703488E7,100663.2,0.0,12.933333333333334,4.666666666666667,0.0
1377610978,4,10399.998544,214.93330324266663,2.0666666666666664,1.6703488E7,178956.8,0.0,12.466666666666667,4.6,0.0
1377611278,4,10399.998544,207.99997088,2.0,1.6703488E7,279620.0,0.0,12.666666666666666,4.533333333333333,0.0
1377611578,4,10399.998544,214.93330324266663,2.0666666666666664,1.6703488E7,391468.0,0.0,12.466666666666667,4.666666666666667,0.0
1377611878,4,10399.998544,209.73330397066667,2.0166666666666666,1.6703488E7,301989.6,0.0,12.666666666666668,4.533333333333333,0.0
1377612178,4,10399.998544,218.399969424,2.1,1.6703488E7,123032.8,0.0,13.533333333333335,4.666666666666667,0.06666666666666667
1377612478,4,10399.998544,232.26663414933333,2.2333333333333334,1.6703488E7,324359.2,0.0,15.933333333333334,4.666666666666667,0.0
1377613078,4,10399.998544,207.99997088,2.0,1.6703488E7,425022.4,0.0,12.533333333333335,4.533333333333333,0.06666666666666667
1377613378,4,10399.998544,213.199970152,2.05,1.6703488E7,257250.4,0.0,12.733333333333334,4.533333333333333,0.0
1377613678,4,10399.998544,207.99997088,2.0,1.6703488E7,369098.4,0.0,12.133333333333333,4.6,0.0
1377613978,4,10399.998544,213.199970152,2.05,1.6703488E7,201326.4,0.0,13.066666666666666,4.466666666666667,0.0
1377614279,4,10399.998544,211.4666370613333,2.033333333333333,1.6703488E7,134217.6,0.0,13.2,4.533333333333333,0.0
1377614579,4,10399.998544,214.93330324266663,2.0666666666666664,1.6703488E7,313174.4,0.0,12.600000000000001,4.533333333333333,0.0
1377614879,4,10399.998544,211.4666370613333,2.033333333333333,1.6703488E7,301989.6,0.0,12.733333333333334,4.666666666666667,0.0
1377615179,4,10399.998544,214.93330324266663,2.0666666666666664,1.6703488E7,111848.0,0.0,12.4,4.533333333333333,0.0
1377615479,4,10399.998544,209.73330397066667,2.0166666666666666,1.6703488E7,100663.2,0.0,12.666666666666668,4.533333333333333,0.0
1377615779,4,10399.998544,216.66663633333334,2.0833333333333335,1.6703488E7,33554.4,0.0,13.6,4.8,0.06666666666666667
1377616079,4,10399.998544,228.79996796800003,2.2,1.6703488E7,167772.0,0.0,14.333333333333332,4.666666666666667,0.06666666666666667
1377616379,4,10399.998544,220.1333025146667,2.1166666666666667,1.6703488E7,402652.8,0.0,17.133333333333333,4.533333333333333,0.0
1377616679,4,10399.998544,209.73330397066667,2.0166666666666666,1.6703488E7,402652.8,0.0,12.666666666666668,4.533333333333333,0.0
1377616979,4,10399.998544,216.66663633333334,2.0833333333333335,1.6703488E7,156587.2,0.0,12.933333333333334,4.666666666666667,0.0
1377617279,4,10399.998544,216.66663633333334,2.0833333333333335,1.6703488E7,223696.0,0.0,12.399999999999999,4.4,0.0
1377617579,4,10399.998544,228.79996796800003,2.2,1.6703488E7,290804.8,0.0,13.133333333333333,4.466666666666667,0.0
1377617879,4,10399.998544,209.73330397066667,2.0166666666666666,1.6703488E7,234880.8,0.0,12.533333333333333,4.533333333333333,0.0
1377618179,4,10399.998544,214.93330324266663,2.0666666666666664,1.6703488E7,346728.8,0.0,13.0,4.533333333333333,0.0
1377618479,4,10399.998544,211.4666370613333,2.033333333333333,1.6703488E7,100663.2,0.0,12.666666666666668,4.466666666666667,0.0
1377618779,4,10399.998544,220.1333025146667,2.1166666666666667,1.6703488E7,167772.0,0.0,12.666666666666668,4.466666666666667,0.0
1377619079,4,10399.998544,228.79996796800003,2.2,1.6703488E7,212511.2,0.0,12.733333333333334,4.466666666666667,0.0
1377619379,4,10399.998544,220.1333025146667,2.1166666666666667,1.6703488E7,425022.4,0.0,13.2,4.466666666666667,0.06666666666666667
1377619679,4,10399.998544,233.99996724000002,2.25,1.6703488E7,469761.6,0.0,14.333333333333332,4.6,0.13333333333333333
1377619979,4,10399.998544,220.1333025146667,2.1166666666666667,1.6703488E7,335544.0,0.0,17.0,4.533333333333333,0.0
1377620279,4,10399.998544,209.73330397066667,2.0166666666666666,1.6703488E7,167772.0,0.0,12.733333333333334,4.6,0.0
1377620579,4,10399.998544,216.66663633333334,2.0833333333333335,1.6703488E7,167772.0,0.0,12.866666666666667,4.466666666666667,0.0
1377620879,4,10399.998544,213.199970152,2.05,1.6703488E7,167772.0,0.0,12.533333333333333,4.466666666666667,0.0
1377621179,4,10399.998544,214.93330324266663,2.0666666666666664,1.6703488E7,167772.0,0.0,13.399999999999999,4.466666666666667,0.0
1377621479,4,10399.998544,209.73330397066667,2.0166666666666666,1.6703488E7,167772.0,0.0,12.600000000000001,4.466666666666667,0.0
1377621779,4,10399.998544,214.93330324266663,2.0666666666666664,1.6703488E7,268435.2,0.0,12.8,4.666666666666667,0.0
1377622079,4,10399.998544,207.99997088,2.0,1.6703488E7,178956.8,0.0,12.8,4.6,0.0
1377622379,4,10399.998544,214.93330324266663,2.0666666666666664,1.6703488E7,111848.0,0.0,13.0,4.6,0.0
1377622679,4,10399.998544,207.99997088,2.0,1.6703488E7,156587.2,0.0,12.733333333333334,4.466666666666667,0.0
1377622979,4,10399.998544,218.399969424,2.1,1.6703488E7,78293.6,0.0,13.0,4.6,0.06666666666666667
1377623279,4,10399.998544,227.06663487733334,2.1833333333333336,1.6703488E7,22369.6,0.0,14.066666666666666,4.6,0.0
1377623579,4,10399.998544,220.1333025146667,2.1166666666666667,1.6703488E7,257250.4,0.0,16.933333333333334,4.6,0.0
1377623879,4,10399.998544,207.99997088,2.0,1.6703488E7,268435.2,0.0,12.8,4.666666666666667,0.0
1377624179,4,10399.998544,213.199970152,2.05,1.6703488E7,313174.4,0.0,12.733333333333334,4.533333333333333,0.0
1377624479,4,10399.998544,207.99997088,2.0,1.6703488E7,111848.0,0.0,12.866666666666667,4.666666666666667,0.0
1377624779,4,10399.998544,213.199970152,2.05,1.6703488E7,0.0,0.0,13.2,4.666666666666667,0.0
1377625079,4,10399.998544,211.4666370613333,2.033333333333333,1.6703488E7,167772.0,0.0,12.8,4.466666666666667,0.0
1377625379,4,10399.998544,213.199970152,2.05,1.6703488E7,290804.8,0.0,12.733333333333334,4.533333333333333,0.0
1377625679,4,10399.998544,207.99997088,2.0,1.6703488E7,324359.2,0.0,12.533333333333333,4.6,0.0
1377625979,4,10399.998544,213.199970152,2.05,1.6703488E7,301989.6,0.0,12.666666666666668,4.533333333333333,0.0
1377626279,4,10399.998544,230.5333010586667,2.216666666666667,1.6703488E7,212511.2,0.0,12.733333333333334,4.6,0.0
1377626579,4,10399.998544,220.1333025146667,2.1166666666666667,1.6703488E7,67108.8,0.0,13.399999999999999,4.6,0.06666666666666667
1377626879,4,10399.998544,227.06663487733334,2.1833333333333336,1.6703488E7,436207.2,0.0,14.133333333333333,4.533333333333333,0.0
1377627179,4,10399.998544,220.1333025146667,2.1166666666666667,1.6703488E7,413837.6,0.0,17.133333333333333,4.6,0.0
1377627479,4,10399.998544,209.73330397066667,2.0166666666666666,1.6703488E7,167772.0,0.0,12.733333333333334,4.466666666666667,0.0
1377627779,4,10399.998544,214.93330324266663,2.0666666666666664,1.6703488E7,145402.4,0.0,12.533333333333333,4.6,0.0
1377628079,4,10399.998544,209.73330397066667,2.0166666666666666,1.6703488E7,190141.6,0.0,12.600000000000001,4.666666666666667,0.0
1377628379,4,10399.998544,213.199970152,2.05,1.6703488E7,391468.0,0.0,12.733333333333334,4.6,0.0
1377628679,4,10399.998544,214.93330324266663,2.0666666666666664,1.6703488E7,324359.2,0.0,12.8,4.466666666666667,0.0
1377628979,4,10399.998544,213.199970152,2.05,1.6703488E7,301989.6,0.0,12.8,4.6,0.0
1377629279,4,10399.998544,209.73330397066667,2.0166666666666666,1.6703488E7,223696.0,0.0,12.533333333333333,4.666666666666667,0.0
1377629580,4,10399.998544,213.199970152,2.05,1.6703488E7,167772.0,0.0,12.8,4.533333333333333,0.0
1377629880,4,10399.998544,209.73330397066667,2.0166666666666666,1.6703488E7,33554.4,0.0,12.8,4.6,0.0
1377630180,4,10399.998544,218.399969424,2.1,1.6703488E7,178956.8,0.0,13.0,4.733333333333333,0.06666666666666667
1377630480,4,10399.998544,225.33330178666662,2.1666666666666665,1.6703488E7,402652.8,0.0,15.066666666666666,4.666666666666667,0.06666666666666667
1377630780,4,10399.998544,225.33330178666662,2.1666666666666665,1.6703488E7,201326.4,0.0,16.866666666666667,4.466666666666667,0.0
1377631080,4,10399.998544,207.99997088,2.0,1.6703488E7,167772.0,0.0,12.866666666666667,4.533333333333333,0.0
1377631380,4,10399.998544,213.199970152,2.05,1.6703488E7,167772.0,0.0,12.666666666666668,4.466666666666667,0.06666666666666667
1377631680,4,10399.998544,209.73330397066667,2.0166666666666666,1.6703488E7,223696.0,0.0,12.6,4.533333333333333,0.0
1377631980,4,10399.998544,213.199970152,2.05,1.6703488E7,190141.6,0.0,13.0,4.6,0.06666666666666667
1377632280,4,10399.998544,209.73330397066667,2.0166666666666666,1.6703488E7,257250.4,0.0,12.933333333333334,4.6,0.0
1377632580,4,10399.998544,213.199970152,2.05,1.6703488E7,246065.6,0.0,12.8,4.533333333333333,0.0
1377632880,4,10399.998544,207.99997088,2.0,1.6703488E7,290804.8,0.0,12.8,4.6,0.0
1377633180,4,10399.998544,213.199970152,2.05,1.6703488E7,201326.4,0.0,12.666666666666668,4.466666666666667,0.0
1377633480,4,10399.998544,207.99997088,2.0,1.6703488E7,156587.2,0.0,12.666666666666666,4.6,0.0
1377633780,4,10399.998544,218.399969424,2.1,1.6703488E7,167772.0,0.0,13.2,4.6,0.06666666666666667
1377634080,4,10399.998544,228.79996796800003,2.2,1.6703488E7,492131.2,0.0,14.266666666666667,4.6,0.06666666666666667
1377634380,4,10399.998544,220.1333025146667,2.1166666666666667,1.6703488E7,469761.6,0.0,17.2,4.466666666666667,0.0
1377634680,4,10399.998544,209.73330397066667,2.0166666666666666,1.6703488E7,268435.2,0.0,12.266666666666666,4.533333333333333,0.0
1377634980,4,10399.998544,213.199970152,2.05,1.6703488E7,223696.0,0.0,12.6,4.533333333333333,0.0
1377635280,4,10399.998544,207.99997088,2.0,1.6703488E7,89478.4,0.0,12.266666666666667,4.333333333333333,0.0
1377635580,4,10399.998544,213.199970152,2.05,1.6703488E7,156587.2,0.0,12.733333333333334,4.6,0.0
1377635880,4,10399.998544,211.4666370613333,2.033333333333333,1.6703488E7,234880.8,0.0,12.666666666666666,4.533333333333333,0.0
1377636180,4,10399.998544,213.199970152,2.05,1.6703488E7,190141.6,0.0,12.466666666666667,4.466666666666667,0.0
1377636480,4,10399.998544,207.99997088,2.0,1.6703488E7,257250.4,0.0,12.466666666666667,4.466666666666667,0.0
1377636780,4,10399.998544,214.93330324266663,2.0666666666666664,1.6703488E7,145402.4,0.0,12.533333333333333,4.6,0.0
1377637080,4,10399.998544,207.99997088,2.0,1.6703488E7,335544.0,0.0,12.8,4.533333333333333,0.0
1377637380,4,10399.998544,218.399969424,2.1,1.6703488E7,167772.0,0.0,13.600000000000001,4.533333333333333,0.06666666666666667
1377637680,4,10399.998544,232.26663414933333,2.2333333333333334,1.6703488E7,234880.8,0.0,13.933333333333334,4.6,0.0
1377637980,4,10399.998544,220.1333025146667,2.1166666666666667,1.6703488E7,369098.4,0.0,17.533333333333335,4.533333333333333,0.0
1377638280,4,10399.998544,209.73330397066667,2.0166666666666666,1.6703488E7,223696.0,0.0,12.2,4.466666666666667,0.0
1377638581,4,10399.998544,213.199970152,2.05,1.6703488E7,223696.0,0.0,12.666666666666666,4.466666666666667,0.0
1377638881,4,10399.998544,209.73330397066667,2.0166666666666666,1.6703488E7,212511.2,0.0,12.533333333333333,4.733333333333333,0.0
1377639181,4,10399.998544,213.199970152,2.05,1.6703488E7,201326.4,0.0,12.866666666666667,4.666666666666667,0.0
1377639481,4,10399.998544,211.4666370613333,2.033333333333333,1.6703488E7,268435.2,0.0,13.0,4.533333333333333,0.0
1377640081,4,10399.998544,211.4666370613333,2.033333333333333,1.6703488E7,190141.6,0.0,12.666666666666668,4.533333333333333,0.0
1377640381,4,10399.998544,213.199970152,2.05,1.6703488E7,167772.0,0.0,12.333333333333332,4.333333333333333,0.0
1377640681,4,10399.998544,207.99997088,2.0,1.6703488E7,201326.4,0.0,13.8,4.4,0.0
1377640981,4,10399.998544,218.399969424,2.1,1.6703488E7,268435.2,0.0,13.6,4.533333333333333,0.06666666666666667
1377641281,4,10399.998544,232.26663414933333,2.2333333333333334,1.6703488E7,223696.0,0.0,14.133333333333333,4.533333333333333,0.06666666666666667
1377641581,4,10399.998544,220.1333025146667,2.1166666666666667,1.6703488E7,268435.2,0.0,17.066666666666666,4.733333333333333,0.0
1377641881,4,10399.998544,211.4666370613333,2.033333333333333,1.6703488E7,246065.6,0.0,12.666666666666668,4.6,0.0
1377642181,4,10399.998544,213.199970152,2.05,1.6703488E7,234880.8,0.0,12.4,4.533333333333333,0.0
1377642481,4,10399.998544,207.99997088,2.0,1.6703488E7,78293.6,0.0,12.533333333333335,4.466666666666667,0.0
1377642781,4,10399.998544,214.93330324266663,2.0666666666666664,1.6703488E7,201326.4,0.0,13.0,4.466666666666667,0.0
1377643081,4,10399.998544,209.73330397066667,2.0166666666666666,1.6703488E7,436207.2,0.0,12.466666666666667,4.6,0.0
1377643381,4,10399.998544,289.46662614133334,2.783333333333333,1.6703488E7,268435.2,0.0,41.93333333333334,5.733333333333333,2.3333333333333335
1377643681,4,10399.998544,211.4666370613333,2.033333333333333,1.6703488E7,234880.8,0.0,13.466666666666667,4.6,0.0
1377643981,4,10399.998544,214.93330324266663,2.0666666666666664,1.6703488E7,167772.0,0.0,12.600000000000001,4.533333333333333,0.06666666666666667
1377644281,4,10399.998544,228.79996796800003,2.2,1.6703488E7,212511.2,0.0,12.8,4.466666666666667,0.06666666666666667
1377644581,4,10399.998544,218.399969424,2.1,1.6703488E7,268435.2,0.0,13.2,4.533333333333333,0.13333333333333333
1377644881,4,10399.998544,228.79996796800003,2.2,1.6703488E7,301989.6,0.0,13.866666666666667,4.533333333333333,0.06666666666666667
1377645181,4,10399.998544,218.399969424,2.1,1.6703488E7,201326.4,0.0,16.866666666666667,4.533333333333333,0.06666666666666667
1377645481,4,10399.998544,209.73330397066667,2.0166666666666666,1.6703488E7,123032.8,0.0,12.466666666666667,4.466666666666667,0.0
1377645781,4,10399.998544,211.4666370613333,2.033333333333333,1.6703488E7,145402.4,0.0,12.8,4.466666666666667,0.06666666666666667
1377646081,4,10399.998544,209.73330397066667,2.0166666666666666,1.6703488E7,167772.0,0.0,12.533333333333333,4.4,0.06666666666666667
1377646381,4,10399.998544,213.199970152,2.05,1.6703488E7,212511.2,0.0,12.666666666666668,4.6,0.0
1377646681,4,10399.998544,216.66663633333334,2.0833333333333335,1.6703488E7,212511.2,0.0,13.066666666666666,4.4,0.0
1377646981,4,10399.998544,214.93330324266663,2.0666666666666664,1.6703488E7,223696.0,0.0,12.933333333333334,4.6,0.0
1377647281,4,10399.998544,209.73330397066667,2.0166666666666666,1.6703488E7,167772.0,0.0,12.733333333333334,4.466666666666667,0.0
1377647581,4,10399.998544,211.4666370613333,2.033333333333333,1.6703488E7,268435.2,0.0,12.533333333333333,4.733333333333333,0.0
1377647881,4,10399.998544,211.4666370613333,2.033333333333333,1.6703488E7,246065.6,0.0,12.666666666666668,4.6,0.0
1377648181,4,10399.998544,218.399969424,2.1,1.6703488E7,111848.0,0.0,13.399999999999999,4.6,0.06666666666666667
1377648481,4,10399.998544,227.06663487733334,2.1833333333333336,1.6703488E7,212511.2,0.0,13.666666666666668,4.6,0.06666666666666667
1377648781,4,10399.998544,218.399969424,2.1,1.6703488E7,391468.0,0.0,17.266666666666666,4.466666666666667,0.0
1377649081,4,10399.998544,209.73330397066667,2.0166666666666666,1.6703488E7,190141.6,0.0,12.8,4.466666666666667,0.0
1377649381,4,10399.998544,211.4666370613333,2.033333333333333,1.6703488E7,234880.8,0.0,12.733333333333334,4.466666666666667,0.0
1377649681,4,10399.998544,209.73330397066667,2.0166666666666666,1.6703488E7,246065.6,0.0,12.8,4.466666666666667,0.0
1377649982,4,10399.998544,211.4666370613333,2.033333333333333,1.6703488E7,324359.2,0.0,12.6,4.533333333333333,0.0
1377650282,4,10399.998544,211.4666370613333,2.033333333333333,1.6703488E7,178956.8,0.0,13.133333333333333,4.466666666666667,0.0
1377650582,4,10399.998544,211.4666370613333,2.033333333333333,1.6703488E7,167772.0,0.0,12.8,4.533333333333333,0.0
1377650882,4,10399.998544,209.73330397066667,2.0166666666666666,1.6703488E7,167772.0,0.0,12.533333333333333,4.6,0.0
1377651182,4,10399.998544,211.4666370613333,2.033333333333333,1.6703488E7,268435.2,0.0,12.866666666666667,4.666666666666667,0.0
1377651482,4,10399.998544,209.73330397066667,2.0166666666666666,1.6703488E7,134217.6,0.0,12.4,4.533333333333333,0.0
1377651782,4,10399.998544,220.1333025146667,2.1166666666666667,1.6703488E7,201326.4,0.0,13.533333333333335,4.533333333333333,0.06666666666666667
1377652082,4,10399.998544,228.79996796800003,2.2,1.6703488E7,167772.0,0.0,14.866666666666667,4.666666666666667,0.13333333333333333
1377652382,4,10399.998544,213.199970152,2.05,1.6703488E7,335544.0,0.0,12.8,4.533333333333333,0.0
1377652682,4,10399.998544,209.73330397066667,2.0166666666666666,1.6703488E7,201326.4,0.0,12.666666666666666,4.4,0.0
1377652982,4,10399.998544,213.199970152,2.05,1.6703488E7,234880.8,0.0,12.6,4.533333333333333,0.0
1377653282,4,10399.998544,209.73330397066667,2.0166666666666666,1.6703488E7,178956.8,0.0,12.933333333333334,4.533333333333333,0.0
1377653582,4,10399.998544,211.4666370613333,2.033333333333333,1.6703488E7,268435.2,0.0,12.8,4.6,0.0
1377653882,4,10399.998544,213.199970152,2.05,1.6703488E7,391468.0,0.0,12.8,4.533333333333333,0.0
1377654182,4,10399.998544,211.4666370613333,2.033333333333333,1.6703488E7,190141.6,0.0,12.8,4.4,0.0
1377654482,4,10399.998544,209.73330397066667,2.0166666666666666,1.6703488E7,212511.2,0.0,12.4,4.533333333333333,0.0
1377654782,4,10399.998544,211.4666370613333,2.033333333333333,1.6703488E7,212511.2,0.0,12.666666666666666,4.466666666666667,0.0
1377655082,4,10399.998544,209.73330397066667,2.0166666666666666,1.6703488E7,257250.4,0.0,12.533333333333333,4.466666666666667,0.0
1377655382,4,10399.998544,383.0666130373333,3.683333333333333,1.6703488E7,234880.8,0.0,16.066666666666666,6.0,0.8666666666666667
1377655682,4,10399.998544,310.26662322933333,2.983333333333333,1.6703488E7,380283.2,0.0,78.86666666666667,8.133333333333333,191.4
1377655982,4,10399.998544,719.3332326266666,6.916666666666666,1.6703488E7,559240.0,0.0,118.93333333333334,9.266666666666667,40.6
1377656282,4,10399.998544,242.66663269333333,2.3333333333333335,1.6703488E7,425022.4,0.0,27.666666666666668,11.466666666666667,0.26666666666666666
1377656582,4,10399.998544,209.73330397066667,2.0166666666666666,1.6703488E7,167772.0,0.0,12.733333333333334,4.466666666666667,0.0
1377656882,4,10399.998544,211.4666370613333,2.033333333333333,1.6703488E7,257250.4,0.0,12.600000000000001,4.533333333333333,0.0
1377657182,4,10399.998544,209.73330397066667,2.0166666666666666,1.6703488E7,100663.2,0.0,12.600000000000001,4.8,0.0
1377657482,4,10399.998544,213.199970152,2.05,1.6703488E7,268435.2,0.0,13.0,4.666666666666667,0.06666666666666667
1377657782,4,10399.998544,209.73330397066667,2.0166666666666666,1.6703488E7,335544.0,0.0,12.666666666666666,4.533333333333333,0.06666666666666667
1377658082,4,10399.998544,213.199970152,2.05,1.6703488E7,190141.6,0.0,12.600000000000001,4.6,0.0
1377658382,4,10399.998544,209.73330397066667,2.0166666666666666,1.6703488E7,223696.0,0.0,12.8,4.466666666666667,0.06666666666666667
1377658682,4,10399.998544,211.4666370613333,2.033333333333333,1.6703488E7,279620.0,0.0,12.666666666666668,4.6,0.06666666666666667
1377658982,4,10399.998544,214.93330324266663,2.0666666666666664,1.6703488E7,234880.8,0.0,13.466666666666665,4.6,0.13333333333333333
1377659282,4,10399.998544,227.06663487733334,2.1833333333333336,1.6703488E7,290804.8,0.0,15.533333333333335,4.666666666666667,0.06666666666666667
1377659582,4,10399.998544,216.66663633333334,2.0833333333333335,1.6703488E7,525685.6,0.0,15.666666666666668,4.533333333333333,0.06666666666666667
1377659882,4,10399.998544,211.4666370613333,2.033333333333333,1.6703488E7,167772.0,0.0,12.733333333333334,4.466666666666667,0.06666666666666667
1377660182,4,10399.998544,211.4666370613333,2.033333333333333,1.6703488E7,301989.6,0.0,12.6,4.6,0.06666666666666667
1377660482,4,10399.998544,211.4666370613333,2.033333333333333,1.6703488E7,402652.8,0.0,12.666666666666668,4.466666666666667,0.06666666666666667
1377660782,4,10399.998544,209.73330397066667,2.0166666666666666,1.6703488E7,301989.6,0.0,13.0,4.533333333333333,0.0
1377661082,4,10399.998544,213.199970152,2.05,1.6703488E7,246065.6,0.0,12.733333333333334,4.466666666666667,0.06666666666666667
1377661382,4,10399.998544,209.73330397066667,2.0166666666666666,1.6703488E7,268435.2,0.0,12.866666666666667,4.533333333333333,0.06666666666666667
1377661682,4,10399.998544,213.199970152,2.05,1.6703488E7,167772.0,0.0,12.666666666666668,4.466666666666667,0.0
1377661982,4,10399.998544,211.4666370613333,2.033333333333333,1.6703488E7,201326.4,0.0,12.733333333333334,4.533333333333333,0.06666666666666667
1377662282,4,10399.998544,211.4666370613333,2.033333333333333,1.6703488E7,279620.0,0.0,12.866666666666667,4.666666666666667,0.0
1377662582,4,10399.998544,214.93330324266663,2.0666666666666664,1.6703488E7,145402.4,0.0,13.466666666666665,4.733333333333333,0.13333333333333333
1377662882,4,10399.998544,233.99996724000002,2.25,1.6703488E7,89478.4,0.0,14.666666666666668,4.6,0.06666666666666667
1377663182,4,10399.998544,218.399969424,2.1,1.6703488E7,301989.6,0.0,16.933333333333334,4.466666666666667,0.0
1377663482,4,10399.998544,211.4666370613333,2.033333333333333,1.6703488E7,279620.0,0.0,12.533333333333333,4.466666666666667,0.06666666666666667
1377663782,4,10399.998544,209.73330397066667,2.0166666666666666,1.6703488E7,346728.8,0.0,12.266666666666666,4.466666666666667,0.0
1377664082,4,10399.998544,211.4666370613333,2.033333333333333,1.6703488E7,201326.4,0.0,12.733333333333334,4.533333333333333,0.0
1377664683,4,10399.998544,213.199970152,2.05,1.6703488E7,469761.6,0.0,12.6,4.533333333333333,0.0
1377664983,4,10399.998544,209.73330397066667,2.0166666666666666,1.6703488E7,167772.0,0.0,12.666666666666666,4.666666666666667,0.0
1377665283,4,10399.998544,211.4666370613333,2.033333333333333,1.6703488E7,201326.4,0.0,12.533333333333335,4.533333333333333,0.0
1377665583,4,10399.998544,209.73330397066667,2.0166666666666666,1.6703488E7,167772.0,0.0,12.6,4.6,0.0
1377665883,4,10399.998544,211.4666370613333,2.033333333333333,1.6703488E7,212511.2,0.0,12.533333333333333,4.533333333333333,0.0
1377666183,4,10399.998544,218.399969424,2.1,1.6703488E7,201326.4,0.0,13.533333333333335,4.733333333333333,0.0
1377666483,4,10399.998544,228.79996796800003,2.2,1.6703488E7,335544.0,0.0,14.0,4.6,0.0
1377666783,4,10399.998544,216.66663633333334,2.0833333333333335,1.6703488E7,369098.4,0.0,17.4,4.466666666666667,0.0
1377667083,4,10399.998544,211.4666370613333,2.033333333333333,1.6703488E7,167772.0,0.0,12.466666666666667,4.466666666666667,0.0
1377667383,4,10399.998544,211.4666370613333,2.033333333333333,1.6703488E7,156587.2,0.0,12.8,4.533333333333333,0.0
1377667683,4,10399.998544,213.199970152,2.05,1.6703488E7,313174.4,0.0,12.466666666666667,4.533333333333333,0.0
1377667983,4,10399.998544,211.4666370613333,2.033333333333333,1.6703488E7,234880.8,0.0,12.866666666666667,4.466666666666667,0.0
1377668283,4,10399.998544,213.199970152,2.05,1.6703488E7,335544.0,0.0,13.066666666666666,4.466666666666667,0.0
1377668583,4,10399.998544,209.73330397066667,2.0166666666666666,1.6703488E7,335544.0,0.0,12.8,4.466666666666667,0.0
1377668883,4,10399.998544,214.93330324266663,2.0666666666666664,1.6703488E7,201326.4,0.0,12.600000000000001,4.4,0.0
1377669183,4,10399.998544,207.99997088,2.0,1.6703488E7,167772.0,0.0,12.666666666666668,4.533333333333333,0.0
1377669483,4,10399.998544,213.199970152,2.05,1.6703488E7,167772.0,0.0,12.666666666666668,4.466666666666667,0.06666666666666667
1377669783,4,10399.998544,213.199970152,2.05,1.6703488E7,55924.0,0.0,13.533333333333335,4.533333333333333,0.06666666666666667
1377670083,4,10399.998544,230.5333010586667,2.216666666666667,1.6703488E7,201326.4,0.0,14.533333333333333,4.6,0.06666666666666667
1377670383,4,10399.998544,218.399969424,2.1,1.6703488E7,313174.4,0.0,17.066666666666666,4.533333333333333,0.06666666666666667
1377670683,4,10399.998544,213.199970152,2.05,1.6703488E7,234880.8,0.0,12.866666666666667,4.533333333333333,0.0
1377670983,4,10399.998544,207.99997088,2.0,1.6703488E7,301989.6,0.0,12.8,4.466666666666667,0.0
1377671283,4,10399.998544,213.199970152,2.05,1.6703488E7,123032.8,0.0,12.466666666666667,4.4,0.0
1377671583,4,10399.998544,207.99997088,2.0,1.6703488E7,156587.2,0.0,12.600000000000001,4.533333333333333,0.0
1377671883,4,10399.998544,213.199970152,2.05,1.6703488E7,268435.2,0.0,13.133333333333333,4.6,0.06666666666666667
1377672183,4,10399.998544,209.73330397066667,2.0166666666666666,1.6703488E7,167772.0,0.0,12.600000000000001,4.533333333333333,0.0
1377672483,4,10399.998544,218.399969424,2.1,1.6703488E7,167772.0,0.0,12.6,4.466666666666667,0.0
1377672783,4,10399.998544,209.73330397066667,2.0166666666666666,1.6703488E7,178956.8,0.0,12.533333333333333,4.6,0.0
1377673083,4,10399.998544,213.199970152,2.05,1.6703488E7,190141.6,0.0,12.866666666666667,4.533333333333333,0.0
1377673383,4,10399.998544,214.93330324266663,2.0666666666666664,1.6703488E7,178956.8,0.0,13.266666666666666,4.6,0.06666666666666667
1377673683,4,10399.998544,233.99996724000002,2.25,1.6703488E7,357913.6,0.0,14.533333333333331,4.6,0.06666666666666667
1377673983,4,10399.998544,214.93330324266663,2.0666666666666664,1.6703488E7,391468.0,0.0,17.2,4.466666666666667,0.0
1377674283,4,10399.998544,214.93330324266663,2.0666666666666664,1.6703488E7,346728.8,0.0,12.666666666666668,4.466666666666667,0.0
1377674583,4,10399.998544,209.73330397066667,2.0166666666666666,1.6703488E7,279620.0,0.0,12.666666666666666,4.533333333333333,0.0
1377674883,4,10399.998544,213.199970152,2.05,1.6703488E7,346728.8,0.0,12.399999999999999,4.6,0.0
1377675183,4,10399.998544,209.73330397066667,2.0166666666666666,1.6703488E7,178956.8,0.0,12.533333333333333,4.533333333333333,0.0
1377675483,4,10399.998544,218.399969424,2.1,1.6703488E7,223696.0,0.0,12.6,4.533333333333333,0.0
1377675783,4,10399.998544,207.99997088,2.0,1.6703488E7,268435.2,0.0,12.733333333333334,4.466666666666667,0.0
1377676083,4,10399.998544,213.199970152,2.05,1.6703488E7,335544.0,0.0,12.8,4.4,0.0
1377676383,4,10399.998544,207.99997088,2.0,1.6703488E7,123032.8,0.0,12.4,4.466666666666667,0.0
1377676684,4,10399.998544,213.199970152,2.05,1.6703488E7,301989.6,0.0,12.8,4.466666666666667,0.0
1377676984,4,10399.998544,213.199970152,2.05,1.6703488E7,234880.8,0.0,13.266666666666666,4.533333333333333,0.13333333333333333
1377677284,4,10399.998544,235.73330033066665,2.2666666666666666,1.6703488E7,268435.2,0.0,14.466666666666665,4.6,0.0
1377677584,4,10399.998544,216.66663633333334,2.0833333333333335,1.6703488E7,380283.2,0.0,17.133333333333333,4.533333333333333,0.0
1377677884,4,10399.998544,213.199970152,2.05,1.6703488E7,145402.4,0.0,12.8,4.466666666666667,0.0
1377678184,4,10399.998544,209.73330397066667,2.0166666666666666,1.6703488E7,257250.4,0.0,12.666666666666668,4.466666666666667,0.0
1377678484,4,10399.998544,213.199970152,2.05,1.6703488E7,246065.6,0.0,12.6,4.533333333333333,0.0
1377678784,4,10399.998544,207.99997088,2.0,1.6703488E7,167772.0,0.0,12.866666666666667,4.533333333333333,0.0
1377679084,4,10399.998544,213.199970152,2.05,1.6703488E7,279620.0,0.0,12.6,4.6,0.0
1377679384,4,10399.998544,211.4666370613333,2.033333333333333,1.6703488E7,313174.4,0.0,12.666666666666668,4.6,0.0
1377679684,4,10399.998544,213.199970152,2.05,1.6703488E7,268435.2,0.0,12.666666666666668,4.533333333333333,0.0
1377679984,4,10399.998544,209.73330397066667,2.0166666666666666,1.6703488E7,369098.4,0.0,12.866666666666667,4.466666666666667,0.0
1377680284,4,10399.998544,214.93330324266663,2.0666666666666664,1.6703488E7,178956.8,0.0,12.266666666666666,4.4,0.0
1377680584,4,10399.998544,597.99991628,5.75,1.6703488E7,603979.2,0.0,16.866666666666667,93.66666666666667,14.866666666666667
1377680884,4,10399.998544,296.39995850400004,2.85,1.6703488E7,1386915.2,0.0,14.600000000000001,4.8,0.5333333333333333
1377681184,4,10399.998544,216.66663633333334,2.0833333333333335,1.6703488E7,413837.6,0.0,17.0,4.466666666666667,0.06666666666666667
1377681484,4,10399.998544,214.93330324266663,2.0666666666666664,1.6703488E7,357913.6,0.0,12.866666666666667,4.466666666666667,0.06666666666666667
1377681784,4,10399.998544,207.99997088,2.0,1.6703488E7,246065.6,0.0,12.533333333333333,4.466666666666667,0.06666666666666667
1377682084,4,10399.998544,213.199970152,2.05,1.6703488E7,257250.4,0.0,12.866666666666667,4.6,0.06666666666666667
1377682384,4,10399.998544,207.99997088,2.0,1.6703488E7,223696.0,0.0,12.399999999999999,4.466666666666667,0.06666666666666667
1377682684,4,10399.998544,223.599968696,2.15,1.6703488E7,324359.2,0.0,14.333333333333332,4.933333333333334,0.4
1377682984,4,10399.998544,207.99997088,2.0,1.6703488E7,246065.6,0.0,12.466666666666667,4.533333333333333,0.06666666666666667
1377683284,4,10399.998544,214.93330324266663,2.0666666666666664,1.6703488E7,447392.0,0.0,12.733333333333334,4.6,0.06666666666666667
1377683584,4,10399.998544,209.73330397066667,2.0166666666666666,1.6703488E7,357913.6,0.0,12.8,4.533333333333333,0.06666666666666667
1377683884,4,10399.998544,213.199970152,2.05,1.6703488E7,178956.8,0.0,12.666666666666668,4.533333333333333,0.06666666666666667
1377684184,4,10399.998544,214.93330324266663,2.0666666666666664,1.6703488E7,335544.0,0.0,13.466666666666665,4.533333333333333,0.13333333333333333
1377684484,4,10399.998544,233.99996724000002,2.25,1.6703488E7,324359.2,0.0,14.466666666666665,4.6,0.06666666666666667
1377684784,4,10399.998544,214.93330324266663,2.0666666666666664,1.6703488E7,268435.2,0.0,16.933333333333334,4.4,0.0
1377685084,4,10399.998544,213.199970152,2.05,1.6703488E7,447392.0,0.0,12.666666666666668,4.6,0.06666666666666667
1377685384,4,10399.998544,211.4666370613333,2.033333333333333,1.6703488E7,234880.8,0.0,12.533333333333335,4.6,0.06666666666666667
1377685684,4,10399.998544,213.199970152,2.05,1.6703488E7,402652.8,0.0,12.466666666666667,4.466666666666667,0.06666666666666667
1377685984,4,10399.998544,209.73330397066667,2.0166666666666666,1.6703488E7,413837.6,0.0,12.8,4.733333333333333,0.0
1377686284,4,10399.998544,214.93330324266663,2.0666666666666664,1.6703488E7,167772.0,0.0,12.933333333333334,4.666666666666667,0.0
1377686584,4,10399.998544,207.99997088,2.0,1.6703488E7,22369.6,0.0,12.666666666666668,4.533333333333333,0.0
1377686884,4,10399.998544,214.93330324266663,2.0666666666666664,1.6703488E7,123032.8,0.0,12.466666666666667,4.6,0.0
1377687184,4,10399.998544,214.93330324266663,2.0666666666666664,1.6703488E7,190141.6,0.0,12.733333333333334,4.6,0.0
1377687484,4,10399.998544,211.4666370613333,2.033333333333333,1.6703488E7,55924.0,0.0,12.8,4.533333333333333,0.0
1377687784,4,10399.998544,213.199970152,2.05,1.6703488E7,0.0,0.0,13.2,4.8,0.06666666666666667
1377688084,4,10399.998544,230.5333010586667,2.216666666666667,1.6703488E7,145402.4,0.0,14.133333333333333,4.666666666666667,0.0
1377688384,4,10399.998544,220.1333025146667,2.1166666666666667,1.6703488E7,436207.2,0.0,17.2,4.6,0.0
1377688684,4,10399.998544,214.93330324266663,2.0666666666666664,1.6703488E7,145402.4,0.0,13.0,4.533333333333333,0.0
1377688984,4,10399.998544,213.199970152,2.05,1.6703488E7,268435.2,0.0,13.0,4.666666666666667,0.0
1377689284,4,10399.998544,209.73330397066667,2.0166666666666666,1.6703488E7,234880.8,0.0,12.933333333333334,4.666666666666667,0.0
1377689584,4,10399.998544,214.93330324266663,2.0666666666666664,1.6703488E7,324359.2,0.0,13.466666666666667,4.733333333333333,0.0
1377689884,4,10399.998544,214.93330324266663,2.0666666666666664,1.6703488E7,301989.6,0.0,13.0,4.666666666666667,0.0
1377690184,4,10399.998544,214.93330324266663,2.0666666666666664,1.6703488E7,525685.6,0.0,13.0,4.6,0.06666666666666667
1377690484,4,10399.998544,207.99997088,2.0,1.6703488E7,246065.6,0.0,13.0,4.733333333333333,0.0
1377690784,4,10399.998544,214.93330324266663,2.0666666666666664,1.6703488E7,212511.2,0.0,13.333333333333334,4.6,0.0
1377691084,4,10399.998544,207.99997088,2.0,1.6703488E7,134217.6,0.0,12.8,4.6,0.06666666666666667
1377691384,4,10399.998544,220.1333025146667,2.1166666666666667,1.6703488E7,246065.6,0.0,13.933333333333334,4.8,0.06666666666666667
1377691684,4,10399.998544,228.79996796800003,2.2,1.6703488E7,301989.6,0.0,14.333333333333334,4.8,0.0
1377691984,4,10399.998544,221.86663560533333,2.1333333333333333,1.6703488E7,436207.2,0.0,17.53333333333333,4.733333333333333,0.0
1377692284,4,10399.998544,207.99997088,2.0,1.6703488E7,201326.4,0.0,13.133333333333333,4.666666666666667,0.0
1377692584,4,10399.998544,211.4666370613333,2.033333333333333,1.6703488E7,201326.4,0.0,12.733333333333334,4.533333333333333,0.0
1377692884,4,10399.998544,211.4666370613333,2.033333333333333,1.6703488E7,301989.6,0.0,12.933333333333334,4.6,0.06666666666666667
1377693184,4,10399.998544,214.93330324266663,2.0666666666666664,1.6703488E7,425022.4,0.0,13.0,4.666666666666667,0.0
1377693484,4,10399.998544,209.73330397066667,2.0166666666666666,1.6703488E7,257250.4,0.0,13.066666666666666,4.666666666666667,0.0
1377693784,4,10399.998544,214.93330324266663,2.0666666666666664,1.6703488E7,234880.8,0.0,13.2,4.6,0.0
1377694084,4,10399.998544,214.93330324266663,2.0666666666666664,1.6703488E7,369098.4,0.0,12.733333333333334,4.666666666666667,0.0
1377694384,4,10399.998544,232.26663414933333,2.2333333333333334,1.6703488E7,234880.8,0.0,12.933333333333334,4.6,0.0
1377694684,4,10399.998544,209.73330397066667,2.0166666666666666,1.6703488E7,100663.2,0.0,13.0,4.666666666666667,0.0
1377694984,4,10399.998544,232.26663414933333,2.2333333333333334,1.6703488E7,134217.6,0.0,18.666666666666668,4.866666666666666,0.26666666666666666
1377695284,4,10399.998544,239.199966512,2.3,1.6703488E7,134217.6,0.0,14.933333333333334,4.733333333333333,0.06666666666666667
1377695584,4,10399.998544,223.599968696,2.15,1.6703488E7,447392.0,0.0,17.46666666666667,4.8,0.0
1377695884,4,10399.998544,209.73330397066667,2.0166666666666666,1.6703488E7,369098.4,0.0,13.066666666666666,4.6,0.0
1377696184,4,10399.998544,233.99996724000002,2.25,1.6703488E7,67108.8,0.0,13.0,4.733333333333333,0.0
1377696484,4,10399.998544,207.99997088,2.0,1.6703488E7,201326.4,0.0,12.866666666666667,4.666666666666667,0.0
1377696785,4,10399.998544,213.199970152,2.05,1.6703488E7,346728.8,0.0,13.0,4.6,0.0
1377697085,4,10399.998544,209.73330397066667,2.0166666666666666,1.6703488E7,402652.8,0.0,12.533333333333333,4.733333333333333,0.0
1377697385,4,10399.998544,214.93330324266663,2.0666666666666664,1.6703488E7,201326.4,0.0,13.066666666666666,4.666666666666667,0.0
1377697685,4,10399.998544,207.99997088,2.0,1.6703488E7,257250.4,0.0,12.8,4.733333333333333,0.06666666666666667
1377697985,4,10399.998544,213.199970152,2.05,1.6703488E7,134217.6,0.0,13.0,4.6,0.06666666666666667
1377698285,4,10399.998544,211.4666370613333,2.033333333333333,1.6703488E7,335544.0,0.0,12.8,4.666666666666667,0.0
1377698585,4,10399.998544,218.399969424,2.1,1.6703488E7,290804.8,0.0,13.6,4.8,0.06666666666666667
1377698885,4,10399.998544,233.99996724000002,2.25,1.6703488E7,257250.4,0.0,14.533333333333333,4.733333333333333,0.13333333333333333
1377699185,4,10399.998544,220.1333025146667,2.1166666666666667,1.6703488E7,290804.8,0.0,17.333333333333332,4.6,0.06666666666666667
1377699485,4,10399.998544,209.73330397066667,2.0166666666666666,1.6703488E7,67108.8,0.0,13.0,4.533333333333333,0.06666666666666667
1377699785,4,10399.998544,214.93330324266663,2.0666666666666664,1.6703488E7,123032.8,0.0,13.133333333333333,4.533333333333333,0.06666666666666667
1377700085,4,10399.998544,207.99997088,2.0,1.6703488E7,246065.6,0.0,12.866666666666667,4.6,0.0
1377700385,4,10399.998544,213.199970152,2.05,1.6703488E7,145402.4,0.0,13.399999999999999,4.666666666666667,0.06666666666666667
1377700685,4,10399.998544,211.4666370613333,2.033333333333333,1.6703488E7,246065.6,0.0,12.733333333333334,4.733333333333333,0.06666666666666667
1377700985,4,10399.998544,213.199970152,2.05,1.6703488E7,167772.0,0.0,13.133333333333333,4.733333333333333,0.06666666666666667
1377701285,4,10399.998544,213.199970152,2.05,1.6703488E7,212511.2,0.0,12.866666666666667,4.666666666666667,0.0
1377701585,4,10399.998544,216.66663633333334,2.0833333333333335,1.6703488E7,492131.2,0.0,12.866666666666667,4.6,0.0
1377701885,4,10399.998544,209.73330397066667,2.0166666666666666,1.6703488E7,123032.8,0.0,13.0,4.6,0.0
1377702185,4,10399.998544,218.399969424,2.1,1.6703488E7,78293.6,0.0,13.333333333333332,4.8,0.06666666666666667
1377702485,4,10399.998544,232.26663414933333,2.2333333333333334,1.6703488E7,279620.0,0.0,14.466666666666667,4.733333333333333,0.13333333333333333
1377702785,4,10399.998544,221.86663560533333,2.1333333333333333,1.6703488E7,190141.6,0.0,17.4,4.533333333333333,0.06666666666666667
1377703085,4,10399.998544,207.99997088,2.0,1.6703488E7,246065.6,0.0,12.866666666666667,4.533333333333333,0.06666666666666667
1377703385,4,10399.998544,213.199970152,2.05,1.6703488E7,279620.0,0.0,12.866666666666667,4.666666666666667,0.0
1377703685,4,10399.998544,211.4666370613333,2.033333333333333,1.6703488E7,257250.4,0.0,12.8,4.8,0.0
1377703985,4,10399.998544,213.199970152,2.05,1.6703488E7,301989.6,0.0,13.266666666666666,4.733333333333333,0.0
1377704285,4,10399.998544,213.199970152,2.05,1.6703488E7,178956.8,0.0,13.066666666666666,4.6,0.06666666666666667
1377704585,4,10399.998544,214.93330324266663,2.0666666666666664,1.6703488E7,257250.4,0.0,13.2,4.666666666666667,0.06666666666666667
1377704885,4,10399.998544,207.99997088,2.0,1.6703488E7,346728.8,0.0,12.533333333333333,4.666666666666667,0.0
1377705185,4,10399.998544,213.199970152,2.05,1.6703488E7,324359.2,0.0,13.066666666666666,4.666666666666667,0.0
1377705485,4,10399.998544,209.73330397066667,2.0166666666666666,1.6703488E7,257250.4,0.0,13.066666666666666,4.8,0.0
1377705785,4,10399.998544,220.1333025146667,2.1166666666666667,1.6703488E7,279620.0,0.0,13.8,4.866666666666666,0.13333333333333333
1377706085,4,10399.998544,232.26663414933333,2.2333333333333334,1.6703488E7,301989.6,0.0,15.333333333333332,4.733333333333333,0.06666666666666667
1377706385,4,10399.998544,220.1333025146667,2.1166666666666667,1.6703488E7,257250.4,0.0,16.866666666666667,4.733333333333333,0.0
1377706685,4,10399.998544,209.73330397066667,2.0166666666666666,1.6703488E7,167772.0,0.0,13.2,4.8,0.0
1377706986,4,10399.998544,213.199970152,2.05,1.6703488E7,268435.2,0.0,13.266666666666666,4.733333333333333,0.0
1377707286,4,10399.998544,207.99997088,2.0,1.6703488E7,201326.4,0.0,13.0,4.733333333333333,0.0
1377707586,4,10399.998544,216.66663633333334,2.0833333333333335,1.6703488E7,156587.2,0.0,13.0,4.666666666666667,0.0
1377707886,4,10399.998544,216.66663633333334,2.0833333333333335,1.6703488E7,145402.4,0.0,13.066666666666666,4.666666666666667,0.0
1377708186,4,10399.998544,213.199970152,2.05,1.6703488E7,167772.0,0.0,13.2,4.666666666666667,0.0
1377708486,4,10399.998544,207.99997088,2.0,1.6703488E7,290804.8,0.0,12.866666666666667,4.533333333333333,0.0
1377708786,4,10399.998544,213.199970152,2.05,1.6703488E7,190141.6,0.0,12.733333333333334,4.466666666666667,0.0
1377709086,4,10399.998544,207.99997088,2.0,1.6703488E7,279620.0,0.0,13.0,4.733333333333333,0.0
1377709386,4,10399.998544,216.66663633333334,2.0833333333333335,1.6703488E7,167772.0,0.0,13.6,4.733333333333333,0.06666666666666667
1377709686,4,10399.998544,232.26663414933333,2.2333333333333334,1.6703488E7,290804.8,0.0,14.266666666666667,4.8,0.0
1377709986,4,10399.998544,220.1333025146667,2.1166666666666667,1.6703488E7,581609.6,0.0,17.4,4.733333333333333,0.0
1377710286,4,10399.998544,207.99997088,2.0,1.6703488E7,301989.6,0.0,12.666666666666668,4.666666666666667,0.0
1377710586,4,10399.998544,214.93330324266663,2.0666666666666664,1.6703488E7,548055.2,0.0,12.933333333333334,4.666666666666667,0.0
1377710886,4,10399.998544,207.99997088,2.0,1.6703488E7,167772.0,0.0,12.8,4.8,0.0
1377711186,4,10399.998544,214.93330324266663,2.0666666666666664,1.6703488E7,167772.0,0.0,13.533333333333333,4.8,0.0
1377711486,4,10399.998544,213.199970152,2.05,1.6703488E7,167772.0,0.0,13.0,4.6,0.0
1377711786,4,10399.998544,213.199970152,2.05,1.6703488E7,201326.4,0.0,13.0,4.866666666666666,0.0
1377712086,4,10399.998544,209.73330397066667,2.0166666666666666,1.6703488E7,167772.0,0.0,13.0,4.6,0.06666666666666667
1377712386,4,10399.998544,232.26663414933333,2.2333333333333334,1.6703488E7,234880.8,0.0,12.866666666666667,4.666666666666667,0.0
1377712686,4,10399.998544,209.73330397066667,2.0166666666666666,1.6703488E7,301989.6,0.0,13.0,4.733333333333333,0.0
1377712986,4,10399.998544,220.1333025146667,2.1166666666666667,1.6703488E7,223696.0,0.0,13.733333333333334,4.8,0.13333333333333333
1377713286,4,10399.998544,230.5333010586667,2.216666666666667,1.6703488E7,290804.8,0.0,14.466666666666667,4.733333333333333,0.0
1377713586,4,10399.998544,220.1333025146667,2.1166666666666667,1.6703488E7,402652.8,0.0,17.8,4.8,0.0
1377713886,4,10399.998544,207.99997088,2.0,1.6703488E7,212511.2,0.0,12.533333333333335,4.6,0.06666666666666667
1377714186,4,10399.998544,216.66663633333334,2.0833333333333335,1.6703488E7,201326.4,0.0,13.333333333333332,4.733333333333333,0.06666666666666667
1377714486,4,10399.998544,209.73330397066667,2.0166666666666666,1.6703488E7,212511.2,0.0,12.866666666666667,4.6,0.0
1377714786,4,10399.998544,213.199970152,2.05,1.6703488E7,167772.0,0.0,13.0,4.666666666666667,0.06666666666666667
1377715086,4,10399.998544,209.73330397066667,2.0166666666666666,1.6703488E7,268435.2,0.0,13.2,4.733333333333333,0.06666666666666667
1377715386,4,10399.998544,213.199970152,2.05,1.6703488E7,234880.8,0.0,13.133333333333333,4.733333333333333,0.0
1377715686,4,10399.998544,207.99997088,2.0,1.6703488E7,67108.8,0.0,13.133333333333333,4.733333333333333,0.06666666666666667
1377715987,4,10399.998544,213.199970152,2.05,1.6703488E7,268435.2,0.0,13.133333333333333,4.6,0.0
1377716287,4,10399.998544,207.99997088,2.0,1.6703488E7,246065.6,0.0,12.6,4.666666666666667,0.06666666666666667
1377716587,4,10399.998544,220.1333025146667,2.1166666666666667,1.6703488E7,380283.2,0.0,14.066666666666666,4.8,0.06666666666666667
1377716887,4,10399.998544,232.26663414933333,2.2333333333333334,1.6703488E7,436207.2,0.0,14.666666666666666,4.8,0.06666666666666667
1377717187,4,10399.998544,220.1333025146667,2.1166666666666667,1.6703488E7,402652.8,0.0,17.666666666666664,4.733333333333333,0.06666666666666667
1377717487,4,10399.998544,207.99997088,2.0,1.6703488E7,0.0,0.0,12.8,4.733333333333333,0.06666666666666667
1377717787,4,10399.998544,213.199970152,2.05,1.6703488E7,201326.4,0.0,13.2,4.6,0.06666666666666667
1377718087,4,10399.998544,207.99997088,2.0,1.6703488E7,33554.4,0.0,12.866666666666667,4.6,0.0
1377718387,4,10399.998544,213.199970152,2.05,1.6703488E7,111848.0,0.0,13.2,4.666666666666667,0.0
1377718687,4,10399.998544,211.4666370613333,2.033333333333333,1.6703488E7,234880.8,0.0,13.2,4.733333333333333,0.06666666666666667
1377718987,4,10399.998544,216.66663633333334,2.0833333333333335,1.6703488E7,167772.0,0.0,12.8,4.666666666666667,0.0
1377719286,4,10399.998544,213.199970152,2.05,1.6703488E7,167772.0,0.0,12.733333333333334,4.8,0.0
1377719586,4,10399.998544,214.93330324266663,2.0666666666666664,1.6703488E7,201326.4,0.0,13.0,4.666666666666667,0.06666666666666667
1377719886,4,10399.998544,207.99997088,2.0,1.6703488E7,223696.0,0.0,12.8,4.733333333333333,0.0
1377720186,4,10399.998544,218.399969424,2.1,1.6703488E7,167772.0,0.0,14.133333333333333,4.866666666666666,0.06666666666666667
1377720486,4,10399.998544,230.5333010586667,2.216666666666667,1.6703488E7,380283.2,0.0,14.066666666666666,4.8,0.0
1377720786,4,10399.998544,220.1333025146667,2.1166666666666667,1.6703488E7,492131.2,0.0,17.266666666666666,4.733333333333333,0.06666666666666667
1377721086,4,10399.998544,213.199970152,2.05,1.6703488E7,223696.0,0.0,13.0,4.8,0.06666666666666667
1377721386,4,10399.998544,211.4666370613333,2.033333333333333,1.6703488E7,156587.2,0.0,13.066666666666666,4.533333333333333,0.06666666666666667
1377721686,4,10399.998544,232.26663414933333,2.2333333333333334,1.6703488E7,212511.2,0.0,12.933333333333334,4.6,0.0
1377721986,4,10399.998544,207.99997088,2.0,1.6703488E7,246065.6,0.0,13.066666666666666,4.666666666666667,0.06666666666666667
1377722286,4,10399.998544,218.399969424,2.1,1.6703488E7,402652.8,0.0,13.399999999999999,4.666666666666667,0.0
1377722586,4,10399.998544,207.99997088,2.0,1.6703488E7,268435.2,0.0,13.066666666666666,4.666666666666667,0.06666666666666667
1377722886,4,10399.998544,214.93330324266663,2.0666666666666664,1.6703488E7,111848.0,0.0,13.0,4.666666666666667,0.06666666666666667
1377723186,4,10399.998544,207.99997088,2.0,1.6703488E7,301989.6,0.0,12.8,4.733333333333333,0.06666666666666667
1377723486,4,10399.998544,216.66663633333334,2.0833333333333335,1.6703488E7,190141.6,0.0,12.933333333333334,4.733333333333333,0.0
1377723787,4,10399.998544,213.199970152,2.05,1.6703488E7,190141.6,0.0,13.733333333333334,4.866666666666666,0.0
1377724087,4,10399.998544,235.73330033066665,2.2666666666666666,1.6703488E7,357913.6,0.0,14.266666666666667,4.866666666666666,0.0
1377724387,4,10399.998544,214.93330324266663,2.0666666666666664,1.6703488E7,492131.2,0.0,17.266666666666666,4.666666666666667,0.0
1377724687,4,10399.998544,214.93330324266663,2.0666666666666664,1.6703488E7,223696.0,0.0,12.933333333333334,4.666666666666667,0.0
1377724987,4,10399.998544,207.99997088,2.0,1.6703488E7,134217.6,0.0,12.933333333333334,4.6,0.0
1377725287,4,10399.998544,213.199970152,2.05,1.6703488E7,145402.4,0.0,12.733333333333334,4.666666666666667,0.0
1377725587,4,10399.998544,207.99997088,2.0,1.6703488E7,234880.8,0.0,13.133333333333333,4.733333333333333,0.0
1377725887,4,10399.998544,216.66663633333334,2.0833333333333335,1.6703488E7,246065.6,0.0,13.2,4.733333333333333,0.0
1377726187,4,10399.998544,211.4666370613333,2.033333333333333,1.6703488E7,201326.4,0.0,12.8,4.666666666666667,0.06666666666666667
1377726487,4,10399.998544,214.93330324266663,2.0666666666666664,1.6703488E7,335544.0,0.0,13.066666666666666,4.733333333333333,0.06666666666666667
1377726787,4,10399.998544,207.99997088,2.0,1.6703488E7,268435.2,0.0,13.133333333333333,4.733333333333333,0.0
1377727087,4,10399.998544,213.199970152,2.05,1.6703488E7,268435.2,0.0,13.666666666666668,4.733333333333333,0.0
1377727387,4,10399.998544,213.199970152,2.05,1.6703488E7,223696.0,0.0,13.733333333333334,4.8,0.13333333333333333
1377727687,4,10399.998544,237.4666334213333,2.283333333333333,1.6703488E7,346728.8,0.0,14.8,4.733333333333333,0.13333333333333333
1377727987,4,10399.998544,216.66663633333334,2.0833333333333335,1.6703488E7,324359.2,0.0,17.333333333333336,4.6,0.0
1377728287,4,10399.998544,214.93330324266663,2.0666666666666664,1.6703488E7,234880.8,0.0,13.066666666666666,4.8,0.06666666666666667
1377728587,4,10399.998544,213.199970152,2.05,1.6703488E7,178956.8,0.0,12.866666666666667,4.8,0.0
1377728887,4,10399.998544,213.199970152,2.05,1.6703488E7,123032.8,0.0,12.8,4.733333333333333,0.0
1377729187,4,10399.998544,211.4666370613333,2.033333333333333,1.6703488E7,89478.4,0.0,13.133333333333333,4.666666666666667,0.06666666666666667
1377729487,4,10399.998544,214.93330324266663,2.0666666666666664,1.6703488E7,268435.2,0.0,13.133333333333333,4.733333333333333,0.06666666666666667
1377729787,4,10399.998544,277.33329450666673,2.666666666666667,1.6703488E7,313174.4,0.0,36.86666666666667,6.0,2.2
1377730087,4,10399.998544,214.93330324266663,2.0666666666666664,1.6703488E7,536870.4,0.0,12.8,4.666666666666667,0.0
1377730387,4,10399.998544,211.4666370613333,2.033333333333333,1.6703488E7,268435.2,0.0,12.666666666666668,4.733333333333333,0.0
1377730687,4,10399.998544,213.199970152,2.05,1.6703488E7,145402.4,0.0,12.866666666666667,4.733333333333333,0.0
1377730987,4,10399.998544,216.66663633333334,2.0833333333333335,1.6703488E7,212511.2,0.0,13.733333333333334,4.8,0.06666666666666667
1377731288,4,10399.998544,237.4666334213333,2.283333333333333,1.6703488E7,436207.2,0.0,14.133333333333333,4.866666666666666,0.0
1377731588,4,10399.998544,218.399969424,2.1,1.6703488E7,246065.6,0.0,17.4,4.733333333333333,0.06666666666666667
1377731888,4,10399.998544,214.93330324266663,2.0666666666666664,1.6703488E7,257250.4,0.0,12.933333333333334,4.8,0.0
1377732188,4,10399.998544,207.99997088,2.0,1.6703488E7,190141.6,0.0,13.066666666666666,4.733333333333333,0.06666666666666667
1377732488,4,10399.998544,216.66663633333334,2.0833333333333335,1.6703488E7,223696.0,0.0,12.8,4.8,0.0
1377732788,4,10399.998544,209.73330397066667,2.0166666666666666,1.6703488E7,44739.2,0.0,12.733333333333334,4.733333333333333,0.0
1377733088,4,10399.998544,220.1333025146667,2.1166666666666667,1.6703488E7,178956.8,0.0,13.266666666666666,4.866666666666666,0.0
1377733388,4,10399.998544,213.199970152,2.05,1.6703488E7,190141.6,0.0,12.866666666666667,4.733333333333333,0.0
1377733688,4,10399.998544,213.199970152,2.05,1.6703488E7,134217.6,0.0,12.866666666666667,4.733333333333333,0.0
1377733988,4,10399.998544,207.99997088,2.0,1.6703488E7,167772.0,0.0,12.933333333333334,4.733333333333333,0.0
1377734288,4,10399.998544,213.199970152,2.05,1.6703488E7,223696.0,0.0,12.6,4.8,0.0
1377734588,4,10399.998544,213.199970152,2.05,1.6703488E7,212511.2,0.0,13.866666666666667,4.733333333333333,0.06666666666666667
1377734888,4,10399.998544,230.5333010586667,2.216666666666667,1.6703488E7,212511.2,0.0,14.333333333333334,4.8,0.0
1377735188,4,10399.998544,214.93330324266663,2.0666666666666664,1.6703488E7,492131.2,0.0,17.266666666666666,4.733333333333333,0.06666666666666667
1377735488,4,10399.998544,213.199970152,2.05,1.6703488E7,223696.0,0.0,13.0,4.8,0.06666666666666667
1377735788,4,10399.998544,207.99997088,2.0,1.6703488E7,44739.2,0.0,13.066666666666666,4.6,0.06666666666666667
1377736088,4,10399.998544,213.199970152,2.05,1.6703488E7,167772.0,0.0,13.0,4.666666666666667,0.0
1377736388,4,10399.998544,211.4666370613333,2.033333333333333,1.6703488E7,279620.0,0.0,13.066666666666666,4.666666666666667,0.0
1377736688,4,10399.998544,216.66663633333334,2.0833333333333335,1.6703488E7,268435.2,0.0,13.133333333333333,4.8,0.0
1377736988,4,10399.998544,207.99997088,2.0,1.6703488E7,212511.2,0.0,13.2,4.866666666666666,0.0
1377737288,4,10399.998544,213.199970152,2.05,1.6703488E7,201326.4,0.0,13.066666666666666,4.666666666666667,0.0
1377737588,4,10399.998544,209.73330397066667,2.0166666666666666,1.6703488E7,201326.4,0.0,12.866666666666667,4.733333333333333,0.06666666666666667
1377737888,4,10399.998544,213.199970152,2.05,1.6703488E7,369098.4,0.0,12.866666666666667,4.866666666666666,0.0
1377738188,4,10399.998544,214.93330324266663,2.0666666666666664,1.6703488E7,201326.4,0.0,14.0,4.8,0.06666666666666667
1377738489,4,10399.998544,235.73330033066665,2.2666666666666666,1.6703488E7,436207.2,0.0,14.666666666666668,4.733333333333333,0.06666666666666667
1377738789,4,10399.998544,216.66663633333334,2.0833333333333335,1.6703488E7,436207.2,0.0,17.8,4.666666666666667,0.0
1377739089,4,10399.998544,213.199970152,2.05,1.6703488E7,234880.8,0.0,12.866666666666667,4.666666666666667,0.0
1377739389,4,10399.998544,207.99997088,2.0,1.6703488E7,145402.4,0.0,13.066666666666666,4.733333333333333,0.0
1377739689,4,10399.998544,213.199970152,2.05,1.6703488E7,268435.2,0.0,12.866666666666667,4.666666666666667,0.06666666666666667
1377739989,4,10399.998544,207.99997088,2.0,1.6703488E7,67108.8,0.0,13.133333333333333,4.733333333333333,0.0
1377740289,4,10399.998544,237.4666334213333,2.283333333333333,1.6703488E7,100663.2,0.0,13.6,4.733333333333333,0.0
1377740589,4,10399.998544,211.4666370613333,2.033333333333333,1.6703488E7,290804.8,0.0,12.8,4.733333333333333,0.06666666666666667
1377740889,4,10399.998544,214.93330324266663,2.0666666666666664,1.6703488E7,335544.0,0.0,13.0,4.666666666666667,0.06666666666666667
1377741189,4,10399.998544,285.99995996,2.75,1.6703488E7,268435.2,0.0,60.8,7.4,148.46666666666667
1377741489,4,10399.998544,700.2665686293334,6.733333333333333,1.6703488E7,301989.6,0.0,119.86666666666666,10.4,93.0
1377741789,4,10399.998544,409.0666093973333,3.933333333333333,1.6703488E7,402652.8,0.0,17.53333333333333,6.266666666666667,0.8666666666666667
1377742089,4,10399.998544,232.26663414933333,2.2333333333333334,1.6703488E7,301989.6,0.0,14.666666666666666,4.733333333333333,0.0
1377742389,4,10399.998544,221.86663560533333,2.1333333333333333,1.6703488E7,469761.6,0.0,17.6,4.666666666666667,0.0
1377742689,4,10399.998544,213.199970152,2.05,1.6703488E7,268435.2,0.0,13.066666666666666,4.733333333333333,0.06666666666666667
1377742989,4,10399.998544,213.199970152,2.05,1.6703488E7,335544.0,0.0,13.0,4.666666666666667,0.0
1377743289,4,10399.998544,244.39996578400002,2.35,1.6703488E7,637533.6,0.0,27.133333333333333,11.6,0.26666666666666666
1377743589,4,10399.998544,207.99997088,2.0,1.6703488E7,301989.6,0.0,13.133333333333333,4.666666666666667,0.0
1377743889,4,10399.998544,220.1333025146667,2.1166666666666667,1.6703488E7,290804.8,0.0,13.133333333333333,4.733333333333333,0.0
1377744189,4,10399.998544,207.99997088,2.0,1.6703488E7,246065.6,0.0,12.933333333333334,4.666666666666667,0.0
1377744489,4,10399.998544,214.93330324266663,2.0666666666666664,1.6703488E7,167772.0,0.0,12.866666666666667,4.733333333333333,0.0
1377744789,4,10399.998544,207.99997088,2.0,1.6703488E7,167772.0,0.0,13.133333333333333,4.6,0.0
1377745089,4,10399.998544,216.66663633333334,2.0833333333333335,1.6703488E7,279620.0,0.0,12.866666666666667,4.666666666666667,0.0
1377745389,4,10399.998544,213.199970152,2.05,1.6703488E7,167772.0,0.0,13.933333333333334,4.8,0.06666666666666667
1377745689,4,10399.998544,230.5333010586667,2.216666666666667,1.6703488E7,223696.0,0.0,14.333333333333334,4.8,0.0
1377745989,4,10399.998544,216.66663633333334,2.0833333333333335,1.6703488E7,380283.2,0.0,17.53333333333333,4.733333333333333,0.0
1377746289,4,10399.998544,213.199970152,2.05,1.6703488E7,201326.4,0.0,13.0,4.666666666666667,0.0
1377746589,4,10399.998544,211.4666370613333,2.033333333333333,1.6703488E7,190141.6,0.0,12.933333333333334,4.666666666666667,0.0
1377746889,4,10399.998544,213.199970152,2.05,1.6703488E7,257250.4,0.0,13.2,4.666666666666667,0.0
1377747189,4,10399.998544,207.99997088,2.0,1.6703488E7,190141.6,0.0,13.066666666666666,4.6,0.0
1377747489,4,10399.998544,220.1333025146667,2.1166666666666667,1.6703488E7,111848.0,0.0,13.066666666666666,4.733333333333333,0.0
1377747789,4,10399.998544,211.4666370613333,2.033333333333333,1.6703488E7,167772.0,0.0,13.133333333333333,4.8,0.0
1377748089,4,10399.998544,214.93330324266663,2.0666666666666664,1.6703488E7,100663.2,0.0,12.866666666666667,4.8,0.0
1377748389,4,10399.998544,207.99997088,2.0,1.6703488E7,223696.0,0.0,13.133333333333333,4.533333333333333,0.0
1377748690,4,10399.998544,213.199970152,2.05,1.6703488E7,201326.4,0.0,12.533333333333333,4.733333333333333,0.0
1377748990,4,10399.998544,213.199970152,2.05,1.6703488E7,324359.2,0.0,13.733333333333334,4.666666666666667,0.06666666666666667
1377749290,4,10399.998544,232.26663414933333,2.2333333333333334,1.6703488E7,313174.4,0.0,14.666666666666666,4.866666666666666,0.06666666666666667
1377749590,4,10399.998544,214.93330324266663,2.0666666666666664,1.6703488E7,357913.6,0.0,17.666666666666668,4.733333333333333,0.06666666666666667
1377749890,4,10399.998544,213.199970152,2.05,1.6703488E7,33554.4,0.0,12.8,4.6,0.0
1377750190,4,10399.998544,209.73330397066667,2.0166666666666666,1.6703488E7,100663.2,0.0,12.666666666666666,4.666666666666667,0.0
1377750490,4,10399.998544,213.199970152,2.05,1.6703488E7,313174.4,0.0,12.866666666666667,4.666666666666667,0.0
1377750790,4,10399.998544,207.99997088,2.0,1.6703488E7,290804.8,0.0,13.266666666666666,4.733333333333333,0.0
1377751090,4,10399.998544,220.1333025146667,2.1166666666666667,1.6703488E7,369098.4,0.0,13.0,4.6,0.0
1377751390,4,10399.998544,209.73330397066667,2.0166666666666666,1.6703488E7,413837.6,0.0,13.2,4.666666666666667,0.0
1377751690,4,10399.998544,213.199970152,2.05,1.6703488E7,402652.8,0.0,12.666666666666668,4.8,0.0
1377751990,4,10399.998544,209.73330397066667,2.0166666666666666,1.6703488E7,346728.8,0.0,13.133333333333333,4.733333333333333,0.06666666666666667
1377752289,4,10399.998544,213.199970152,2.05,1.6703488E7,167772.0,0.0,13.066666666666666,4.733333333333333,0.0
1377752589,4,10399.998544,216.66663633333334,2.0833333333333335,1.6703488E7,268435.2,0.0,13.666666666666666,4.666666666666667,0.06666666666666667
1377752889,4,10399.998544,230.5333010586667,2.216666666666667,1.6703488E7,246065.6,0.0,14.266666666666666,4.8,0.13333333333333333
1377753189,4,10399.998544,216.66663633333334,2.0833333333333335,1.6703488E7,246065.6,0.0,17.2,4.666666666666667,0.06666666666666667
1377753489,4,10399.998544,213.199970152,2.05,1.6703488E7,111848.0,0.0,12.6,4.733333333333333,0.06666666666666667
1377753789,4,10399.998544,209.73330397066667,2.0166666666666666,1.6703488E7,201326.4,0.0,12.733333333333334,4.666666666666667,0.0
1377754089,4,10399.998544,213.199970152,2.05,1.6703488E7,156587.2,0.0,12.600000000000001,4.8,0.0
1377754389,4,10399.998544,223.599968696,2.15,1.6703488E7,145402.4,0.0,12.8,4.666666666666667,0.0
1377754689,4,10399.998544,220.1333025146667,2.1166666666666667,1.6703488E7,301989.6,0.0,13.133333333333333,4.666666666666667,0.0
1377754989,4,10399.998544,211.4666370613333,2.033333333333333,1.6703488E7,190141.6,0.0,12.8,4.733333333333333,0.0
1377755289,4,10399.998544,214.93330324266663,2.0666666666666664,1.6703488E7,257250.4,0.0,12.666666666666666,4.6,0.0
1377755589,4,10399.998544,207.99997088,2.0,1.6703488E7,111848.0,0.0,12.8,4.533333333333333,0.0
1377755890,4,10399.998544,213.199970152,2.05,1.6703488E7,167772.0,0.0,12.933333333333334,4.533333333333333,0.0
1377756190,4,10399.998544,214.93330324266663,2.0666666666666664,1.6703488E7,346728.8,0.0,13.933333333333334,4.733333333333333,0.06666666666666667
1377756490,4,10399.998544,233.99996724000002,2.25,1.6703488E7,290804.8,0.0,13.8,4.666666666666667,0.0
1377756790,4,10399.998544,214.93330324266663,2.0666666666666664,1.6703488E7,458576.8,0.0,17.533333333333335,4.666666666666667,0.0
1377757090,4,10399.998544,213.199970152,2.05,1.6703488E7,167772.0,0.0,12.8,4.8,0.0
1377757390,4,10399.998544,207.99997088,2.0,1.6703488E7,201326.4,0.0,13.066666666666666,4.733333333333333,0.0
1377757690,4,10399.998544,214.93330324266663,2.0666666666666664,1.6703488E7,190141.6,0.0,12.733333333333334,4.733333333333333,0.0
1377757990,4,10399.998544,209.73330397066667,2.0166666666666666,1.6703488E7,223696.0,0.0,13.266666666666666,4.666666666666667,0.0
1377758290,4,10399.998544,213.199970152,2.05,1.6703488E7,369098.4,0.0,13.533333333333331,4.733333333333333,0.0
1377758590,4,10399.998544,207.99997088,2.0,1.6703488E7,324359.2,0.0,12.8,4.733333333333333,0.0
1377758890,4,10399.998544,216.66663633333334,2.0833333333333335,1.6703488E7,156587.2,0.0,13.0,4.733333333333333,0.0
1377759190,4,10399.998544,207.99997088,2.0,1.6703488E7,44739.2,0.0,12.933333333333334,4.733333333333333,0.0
1377759490,4,10399.998544,214.93330324266663,2.0666666666666664,1.6703488E7,279620.0,0.0,12.733333333333334,4.6,0.0
1377759790,4,10399.998544,214.93330324266663,2.0666666666666664,1.6703488E7,380283.2,0.0,14.133333333333333,4.733333333333333,0.0
1377760090,4,10399.998544,232.26663414933333,2.2333333333333334,1.6703488E7,89478.4,0.0,14.533333333333333,4.733333333333333,0.06666666666666667
1377760390,4,10399.998544,216.66663633333334,2.0833333333333335,1.6703488E7,234880.8,0.0,17.333333333333332,4.666666666666667,0.0
1377760690,4,10399.998544,213.199970152,2.05,1.6703488E7,212511.2,0.0,12.866666666666667,4.733333333333333,0.0
1377760990,4,10399.998544,207.99997088,2.0,1.6703488E7,100663.2,0.0,12.933333333333334,4.733333333333333,0.06666666666666667
1377761290,4,10399.998544,214.93330324266663,2.0666666666666664,1.6703488E7,357913.6,0.0,13.2,4.666666666666667,0.06666666666666667
1377761590,4,10399.998544,209.73330397066667,2.0166666666666666,1.6703488E7,301989.6,0.0,12.933333333333334,4.666666666666667,0.0
1377761890,4,10399.998544,220.1333025146667,2.1166666666666667,1.6703488E7,357913.6,0.0,13.2,4.733333333333333,0.06666666666666667
1377762190,4,10399.998544,207.99997088,2.0,1.6703488E7,301989.6,0.0,13.333333333333332,4.666666666666667,0.06666666666666667
1377762490,4,10399.998544,213.199970152,2.05,1.6703488E7,268435.2,0.0,12.666666666666668,4.666666666666667,0.0
1377762790,4,10399.998544,207.99997088,2.0,1.6703488E7,100663.2,0.0,13.066666666666666,4.666666666666667,0.0
1377763090,4,10399.998544,214.93330324266663,2.0666666666666664,1.6703488E7,301989.6,0.0,12.733333333333334,4.866666666666666,0.0
1377763390,4,10399.998544,213.199970152,2.05,1.6703488E7,301989.6,0.0,14.066666666666666,4.733333333333333,0.06666666666666667
1377763690,4,10399.998544,235.73330033066665,2.2666666666666666,1.6703488E7,246065.6,0.0,14.333333333333332,4.866666666666666,0.06666666666666667
1377763990,4,10399.998544,216.66663633333334,2.0833333333333335,1.6703488E7,436207.2,0.0,17.133333333333333,4.733333333333333,0.06666666666666667
1377764290,4,10399.998544,213.199970152,2.05,1.6703488E7,212511.2,0.0,13.133333333333333,4.733333333333333,0.0
1377764590,4,10399.998544,207.99997088,2.0,1.6703488E7,67108.8,0.0,12.533333333333333,4.533333333333333,0.0
1377764890,4,10399.998544,213.199970152,2.05,1.6703488E7,234880.8,0.0,12.933333333333334,4.6,0.06666666666666667
1377765191,4,10399.998544,214.93330324266663,2.0666666666666664,1.6703488E7,290804.8,0.0,13.266666666666666,4.666666666666667,0.0
1377765491,4,10399.998544,216.66663633333334,2.0833333333333335,1.6703488E7,357913.6,0.0,12.733333333333334,4.733333333333333,0.0
1377765791,4,10399.998544,214.93330324266663,2.0666666666666664,1.6703488E7,357913.6,0.0,13.533333333333333,4.733333333333333,0.0
1377766091,4,10399.998544,209.73330397066667,2.0166666666666666,1.6703488E7,301989.6,0.0,12.8,4.666666666666667,0.0
1377766391,4,10399.998544,216.66663633333334,2.0833333333333335,1.6703488E7,89478.4,0.0,13.133333333333333,4.733333333333333,0.06666666666666667
1377766691,4,10399.998544,216.66663633333334,2.0833333333333335,1.6703488E7,346728.8,0.0,13.266666666666666,4.8,0.0
1377766991,4,10399.998544,218.399969424,2.1,1.6703488E7,301989.6,0.0,14.133333333333333,4.866666666666666,0.06666666666666667
1377767291,4,10399.998544,233.99996724000002,2.25,1.6703488E7,380283.2,0.0,14.333333333333334,4.866666666666666,0.0
1377767591,4,10399.998544,220.1333025146667,2.1166666666666667,1.6703488E7,335544.0,0.0,17.666666666666664,4.733333333333333,0.06666666666666667
1377767891,4,10399.998544,213.199970152,2.05,1.6703488E7,123032.8,0.0,12.8,4.866666666666666,0.06666666666666667
1377768191,4,10399.998544,221.86663560533333,2.1333333333333333,1.6703488E7,201326.4,0.0,12.133333333333333,4.4,0.0
1377768491,4,10399.998544,207.99997088,2.0,1.6703488E7,178956.8,0.0,12.533333333333333,4.6,0.0
1377768791,4,10399.998544,213.199970152,2.05,1.6703488E7,190141.6,0.0,12.333333333333332,4.666666666666667,0.0
1377769091,4,10399.998544,207.99997088,2.0,1.6703488E7,402652.8,0.0,12.2,4.6,0.0
1377769391,4,10399.998544,213.199970152,2.05,1.6703488E7,301989.6,0.0,12.866666666666667,4.666666666666667,0.0
1377769691,4,10399.998544,741.8665628053334,7.133333333333334,1.6703488E7,1498763.2,0.0,16.2,100.46666666666667,95.66666666666667
1377769991,4,10399.998544,213.199970152,2.05,1.6703488E7,581609.6,0.0,12.2,4.6,0.0
1377770291,4,10399.998544,207.99997088,2.0,1.6703488E7,201326.4,0.0,12.399999999999999,4.666666666666667,0.0
1377770591,4,10399.998544,216.66663633333334,2.0833333333333335,1.6703488E7,268435.2,0.0,12.933333333333334,4.866666666666666,0.06666666666666667
1377770891,4,10399.998544,220.1333025146667,2.1166666666666667,1.6703488E7,234880.8,0.0,14.333333333333332,4.533333333333333,0.06666666666666667
1377771191,4,10399.998544,218.399969424,2.1,1.6703488E7,223696.0,0.0,16.733333333333334,4.533333333333333,0.0
1377771491,4,10399.998544,218.399969424,2.1,1.6703488E7,145402.4,0.0,14.0,4.8,0.3333333333333333
1377771791,4,10399.998544,213.199970152,2.05,1.6703488E7,201326.4,0.0,12.266666666666666,4.6,0.0
1377772091,4,10399.998544,207.99997088,2.0,1.6703488E7,268435.2,0.0,12.133333333333333,4.6,0.0
1377772391,4,10399.998544,213.199970152,2.05,1.6703488E7,234880.8,0.0,12.266666666666666,4.533333333333333,0.0
1377772691,4,10399.998544,207.99997088,2.0,1.6703488E7,100663.2,0.0,12.333333333333332,4.466666666666667,0.0
1377772991,4,10399.998544,213.199970152,2.05,1.6703488E7,145402.4,0.0,12.266666666666666,4.4,0.0
1377773291,4,10399.998544,207.99997088,2.0,1.6703488E7,134217.6,0.0,12.333333333333334,4.533333333333333,0.0
1377773591,4,10399.998544,213.199970152,2.05,1.6703488E7,123032.8,0.0,11.733333333333334,4.6,0.0
1377773891,4,10399.998544,207.99997088,2.0,1.6703488E7,167772.0,0.0,12.2,4.6,0.0
1377774191,4,10399.998544,218.399969424,2.1,1.6703488E7,301989.6,0.0,13.133333333333333,4.666666666666667,0.06666666666666667
1377774491,4,10399.998544,228.79996796800003,2.2,1.6703488E7,246065.6,0.0,13.733333333333334,4.733333333333333,0.0
1377774791,4,10399.998544,218.399969424,2.1,1.6703488E7,402652.8,0.0,17.066666666666666,4.533333333333333,0.0
1377775091,4,10399.998544,213.199970152,2.05,1.6703488E7,178956.8,0.0,12.4,4.533333333333333,0.0
1377775391,4,10399.998544,213.199970152,2.05,1.6703488E7,212511.2,0.0,12.8,4.6,0.0
1377775691,4,10399.998544,230.5333010586667,2.216666666666667,1.6703488E7,201326.4,0.0,12.266666666666666,4.666666666666667,0.0
1377775991,4,10399.998544,213.199970152,2.05,1.6703488E7,167772.0,0.0,13.0,4.8,0.0
1377776291,4,10399.998544,211.4666370613333,2.033333333333333,1.6703488E7,257250.4,0.0,13.2,4.733333333333333,0.0
1377776591,4,10399.998544,213.199970152,2.05,1.6703488E7,190141.6,0.0,12.4,4.6,0.0
1377776892,4,10399.998544,211.4666370613333,2.033333333333333,1.6703488E7,190141.6,0.0,12.600000000000001,4.733333333333333,0.0
1377777192,4,10399.998544,213.199970152,2.05,1.6703488E7,167772.0,0.0,12.533333333333333,4.6,0.0
1377777492,4,10399.998544,213.199970152,2.05,1.6703488E7,123032.8,0.0,12.533333333333335,4.6,0.0
1377777792,4,10399.998544,214.93330324266663,2.0666666666666664,1.6703488E7,346728.8,0.0,13.533333333333333,4.666666666666667,0.06666666666666667
1377778092,4,10399.998544,232.26663414933333,2.2333333333333334,1.6703488E7,268435.2,0.0,13.866666666666667,4.6,0.0
1377778392,4,10399.998544,220.1333025146667,2.1166666666666667,1.6703488E7,357913.6,0.0,17.266666666666666,4.6,0.0
1377778692,4,10399.998544,216.66663633333334,2.0833333333333335,1.6703488E7,167772.0,0.0,12.933333333333334,5.6,0.6
1377778992,4,10399.998544,1707.3330943066667,16.416666666666668,1.6703488E7,1487578.4,0.0,23.200000000000003,166.66666666666666,263.06666666666666
1377779292,4,10399.998544,2027.9997160799999,19.5,1.6703488E7,1632980.8,0.0,23.200000000000003,86.13333333333334,112.2
1377779592,4,10399.998544,1372.799807808,13.2,1.6703488E7,1476393.6,0.0,20.333333333333336,48.4,54.93333333333333
1377779892,4,10399.998544,213.199970152,2.05,1.6703488E7,1163219.2,0.0,13.0,4.733333333333333,0.0
1377780192,4,10399.998544,213.199970152,2.05,1.6703488E7,346728.8,0.0,12.466666666666667,4.533333333333333,0.0
1377780492,4,10399.998544,213.199970152,2.05,1.6703488E7,246065.6,0.0,12.6,4.533333333333333,0.0
1377780792,4,10399.998544,213.199970152,2.05,1.6703488E7,123032.8,0.0,12.666666666666668,4.6,0.0
1377781092,4,10399.998544,213.199970152,2.05,1.6703488E7,190141.6,0.0,12.4,4.6,0.0
1377781392,4,10399.998544,216.66663633333334,2.0833333333333335,1.6703488E7,212511.2,0.0,14.733333333333334,4.933333333333334,0.4666666666666667
1377781692,4,10399.998544,615.3332471866667,5.916666666666666,1.6703488E7,1834307.2,0.0,18.333333333333336,96.2,14.666666666666666
1377781992,4,10399.998544,220.1333025146667,2.1166666666666667,1.6703488E7,682272.8,0.0,17.2,4.733333333333333,0.0
1377782292,4,10399.998544,228.79996796800003,2.2,1.6703488E7,223696.0,0.0,12.666666666666666,4.533333333333333,0.0
1377782592,4,10399.998544,213.199970152,2.05,1.6703488E7,234880.8,0.0,12.466666666666667,4.666666666666667,0.0
1377782892,4,10399.998544,213.199970152,2.05,1.6703488E7,156587.2,0.0,12.933333333333334,4.6,0.0
1377783192,4,10399.998544,213.199970152,2.05,1.6703488E7,67108.8,0.0,12.533333333333333,4.666666666666667,0.0
1377783492,4,10399.998544,223.599968696,2.15,1.6703488E7,525685.6,0.0,14.2,5.133333333333334,0.3333333333333333
1377783792,4,10399.998544,213.199970152,2.05,1.6703488E7,268435.2,0.0,12.600000000000001,4.6,0.0
1377784092,4,10399.998544,213.199970152,2.05,1.6703488E7,201326.4,0.0,12.399999999999999,4.533333333333333,0.0
1377784392,4,10399.998544,213.199970152,2.05,1.6703488E7,123032.8,0.0,13.133333333333333,4.6,0.0
1377784692,4,10399.998544,213.199970152,2.05,1.6703488E7,335544.0,0.0,12.2,4.6,0.0
1377784992,4,10399.998544,232.26663414933333,2.2333333333333334,1.6703488E7,357913.6,0.0,18.53333333333333,4.8,0.26666666666666666
1377785292,4,10399.998544,230.5333010586667,2.216666666666667,1.6703488E7,380283.2,0.0,13.8,4.666666666666667,0.0
1377785591,4,10399.998544,220.1333025146667,2.1166666666666667,1.6703488E7,301989.6,0.0,17.133333333333333,4.666666666666667,0.0
1377785891,4,10399.998544,213.199970152,2.05,1.6703488E7,134217.6,0.0,12.733333333333334,4.6,0.0
1377786192,4,10399.998544,213.199970152,2.05,1.6703488E7,134217.6,0.0,12.466666666666667,4.533333333333333,0.0
1377786492,4,10399.998544,213.199970152,2.05,1.6703488E7,167772.0,0.0,12.533333333333335,4.666666666666667,0.0
1377786792,4,10399.998544,213.199970152,2.05,1.6703488E7,246065.6,0.0,12.733333333333334,4.666666666666667,0.0
1377787092,4,10399.998544,213.199970152,2.05,1.6703488E7,301989.6,0.0,12.666666666666668,4.666666666666667,0.0
1377787392,4,10399.998544,207.99997088,2.0,1.6703488E7,268435.2,0.0,12.6,4.533333333333333,0.0
1377787692,4,10399.998544,213.199970152,2.05,1.6703488E7,436207.2,0.0,12.466666666666667,4.6,0.0
1377787992,4,10399.998544,213.199970152,2.05,1.6703488E7,201326.4,0.0,12.2,4.533333333333333,0.0
1377788292,4,10399.998544,213.199970152,2.05,1.6703488E7,134217.6,0.0,12.866666666666667,4.666666666666667,0.0
1377788592,4,10399.998544,218.399969424,2.1,1.6703488E7,234880.8,0.0,13.666666666666666,4.6,0.06666666666666667
1377788892,4,10399.998544,230.5333010586667,2.216666666666667,1.6703488E7,436207.2,0.0,14.2,4.6,0.0
1377789192,4,10399.998544,220.1333025146667,2.1166666666666667,1.6703488E7,234880.8,0.0,17.066666666666666,4.666666666666667,0.0
1377789492,4,10399.998544,213.199970152,2.05,1.6703488E7,279620.0,0.0,12.533333333333333,4.733333333333333,0.0
1377789792,4,10399.998544,213.199970152,2.05,1.6703488E7,301989.6,0.0,12.600000000000001,4.666666666666667,0.0
1377790092,4,10399.998544,220.1333025146667,2.1166666666666667,1.6703488E7,178956.8,0.0,12.866666666666667,4.733333333333333,0.0
1377790392,4,10399.998544,216.66663633333334,2.0833333333333335,1.6703488E7,301989.6,0.0,12.733333333333334,4.666666666666667,0.0
1377790692,4,10399.998544,213.199970152,2.05,1.6703488E7,201326.4,0.0,13.066666666666666,4.6,0.0
1377790992,4,10399.998544,213.199970152,2.05,1.6703488E7,134217.6,0.0,12.8,4.8,0.06666666666666667
1377791292,4,10399.998544,213.199970152,2.05,1.6703488E7,178956.8,0.0,13.133333333333333,4.733333333333333,0.0
1377791592,4,10399.998544,213.199970152,2.05,1.6703488E7,156587.2,0.0,12.733333333333334,4.666666666666667,0.06666666666666667
1377791892,4,10399.998544,213.199970152,2.05,1.6703488E7,100663.2,0.0,12.866666666666667,4.8,0.0
1377792192,4,10399.998544,216.66663633333334,2.0833333333333335,1.6703488E7,89478.4,0.0,13.266666666666666,4.733333333333333,0.06666666666666667
1377792492,4,10399.998544,233.99996724000002,2.25,1.6703488E7,246065.6,0.0,14.333333333333332,4.733333333333333,0.0
1377792792,4,10399.998544,213.199970152,2.05,1.6703488E7,369098.4,0.0,12.733333333333334,4.666666666666667,0.0
1377793092,4,10399.998544,211.4666370613333,2.033333333333333,1.6703488E7,156587.2,0.0,12.333333333333332,4.666666666666667,0.0
1377793392,4,10399.998544,209.73330397066667,2.0166666666666666,1.6703488E7,44739.2,0.0,12.666666666666668,4.6,0.0
1377793692,4,10399.998544,213.199970152,2.05,1.6703488E7,156587.2,0.0,12.733333333333334,4.733333333333333,0.0
1377793992,4,10399.998544,211.4666370613333,2.033333333333333,1.6703488E7,111848.0,0.0,12.533333333333333,4.6,0.0
1377794292,4,10399.998544,213.199970152,2.05,1.6703488E7,156587.2,0.0,13.466666666666667,4.533333333333333,0.0
1377794592,4,10399.998544,213.199970152,2.05,1.6703488E7,257250.4,0.0,12.533333333333333,4.666666666666667,0.0
1377794892,4,10399.998544,211.4666370613333,2.033333333333333,1.6703488E7,145402.4,0.0,12.666666666666668,4.6,0.0
1377795192,4,10399.998544,213.199970152,2.05,1.6703488E7,212511.2,0.0,12.466666666666667,4.6,0.0
1377795492,4,10399.998544,213.199970152,2.05,1.6703488E7,123032.8,0.0,12.8,4.6,0.0
1377795793,4,10399.998544,218.399969424,2.1,1.6703488E7,111848.0,0.0,13.6,4.533333333333333,0.06666666666666667
1377796093,4,10399.998544,228.79996796800003,2.2,1.6703488E7,167772.0,0.0,13.933333333333334,4.666666666666667,0.0
1377796393,4,10399.998544,216.66663633333334,2.0833333333333335,1.6703488E7,201326.4,0.0,17.133333333333333,4.666666666666667,0.0
1377796693,4,10399.998544,213.199970152,2.05,1.6703488E7,201326.4,0.0,12.6,4.733333333333333,0.0
1377796993,4,10399.998544,211.4666370613333,2.033333333333333,1.6703488E7,89478.4,0.0,12.8,4.533333333333333,0.0
1377797293,4,10399.998544,213.199970152,2.05,1.6703488E7,324359.2,0.0,12.466666666666667,4.666666666666667,0.0
1377797593,4,10399.998544,213.199970152,2.05,1.6703488E7,313174.4,0.0,13.0,4.6,0.0
1377797893,4,10399.998544,214.93330324266663,2.0666666666666664,1.6703488E7,212511.2,0.0,13.0,4.533333333333333,0.0
1377798193,4,10399.998544,213.199970152,2.05,1.6703488E7,111848.0,0.0,12.4,4.666666666666667,0.0
1377798493,4,10399.998544,211.4666370613333,2.033333333333333,1.6703488E7,413837.6,0.0,12.733333333333334,4.666666666666667,0.0
1377798793,4,10399.998544,211.4666370613333,2.033333333333333,1.6703488E7,246065.6,0.0,12.666666666666668,4.733333333333333,0.0
1377799093,4,10399.998544,209.73330397066667,2.0166666666666666,1.6703488E7,156587.2,0.0,12.533333333333335,4.666666666666667,0.0
1377799393,4,10399.998544,218.399969424,2.1,1.6703488E7,167772.0,0.0,13.533333333333333,4.866666666666666,0.06666666666666667
1377799693,4,10399.998544,232.26663414933333,2.2333333333333334,1.6703488E7,167772.0,0.0,13.666666666666666,4.866666666666666,0.0
1377799993,4,10399.998544,220.1333025146667,2.1166666666666667,1.6703488E7,335544.0,0.0,17.2,4.8,0.0
1377800293,4,10399.998544,213.199970152,2.05,1.6703488E7,246065.6,0.0,12.533333333333333,4.733333333333333,0.0
1377800593,4,10399.998544,211.4666370613333,2.033333333333333,1.6703488E7,89478.4,0.0,12.466666666666667,4.8,0.0
1377800893,4,10399.998544,213.199970152,2.05,1.6703488E7,223696.0,0.0,12.266666666666666,4.733333333333333,0.0
1377801193,4,10399.998544,213.199970152,2.05,1.6703488E7,234880.8,0.0,13.266666666666666,4.666666666666667,0.0
1377801493,4,10399.998544,211.4666370613333,2.033333333333333,1.6703488E7,369098.4,0.0,13.0,4.733333333333333,0.0
1377801793,4,10399.998544,207.99997088,2.0,1.6703488E7,33554.4,0.0,12.933333333333334,4.6,0.0
1377802093,4,10399.998544,213.199970152,2.05,1.6703488E7,100663.2,0.0,12.866666666666667,4.533333333333333,0.0
1377802393,4,10399.998544,211.4666370613333,2.033333333333333,1.6703488E7,178956.8,0.0,12.600000000000001,4.466666666666667,0.0
1377802693,4,10399.998544,213.199970152,2.05,1.6703488E7,156587.2,0.0,12.4,4.6,0.0
1377802993,4,10399.998544,216.66663633333334,2.0833333333333335,1.6703488E7,290804.8,0.0,13.6,4.666666666666667,0.06666666666666667
1377803293,4,10399.998544,230.5333010586667,2.216666666666667,1.6703488E7,324359.2,0.0,14.4,4.6,0.06666666666666667
1377803593,4,10399.998544,220.1333025146667,2.1166666666666667,1.6703488E7,480946.4,0.0,17.133333333333333,4.666666666666667,0.0
1377803893,4,10399.998544,213.199970152,2.05,1.6703488E7,324359.2,0.0,12.533333333333333,4.6,0.0
1377804194,4,10399.998544,213.199970152,2.05,1.6703488E7,123032.8,0.0,12.4,4.666666666666667,0.0
1377804494,4,10399.998544,211.4666370613333,2.033333333333333,1.6703488E7,44739.2,0.0,12.8,4.6,0.0
1377804794,4,10399.998544,209.73330397066667,2.0166666666666666,1.6703488E7,167772.0,0.0,12.133333333333333,4.666666666666667,0.0
1377805094,4,10399.998544,213.199970152,2.05,1.6703488E7,190141.6,0.0,12.733333333333334,4.666666666666667,0.0
1377805394,4,10399.998544,213.199970152,2.05,1.6703488E7,268435.2,0.0,12.8,4.666666666666667,0.0
1377805694,4,10399.998544,213.199970152,2.05,1.6703488E7,201326.4,0.0,12.466666666666667,4.6,0.0
1377805994,4,10399.998544,213.199970152,2.05,1.6703488E7,313174.4,0.0,12.733333333333334,4.6,0.0
1377806294,4,10399.998544,213.199970152,2.05,1.6703488E7,145402.4,0.0,12.4,4.6,0.0
1377806594,4,10399.998544,216.66663633333334,2.0833333333333335,1.6703488E7,167772.0,0.0,13.533333333333333,4.666666666666667,0.06666666666666667
1377806894,4,10399.998544,230.5333010586667,2.216666666666667,1.6703488E7,167772.0,0.0,13.666666666666668,4.666666666666667,0.0
1377807194,4,10399.998544,220.1333025146667,2.1166666666666667,1.6703488E7,223696.0,0.0,17.133333333333333,4.6,0.0
1377807494,4,10399.998544,209.73330397066667,2.0166666666666666,1.6703488E7,234880.8,0.0,12.533333333333333,4.6,0.0
1377807794,4,10399.998544,207.99997088,2.0,1.6703488E7,290804.8,0.0,12.399999999999999,4.6,0.0
1377808094,4,10399.998544,213.199970152,2.05,1.6703488E7,134217.6,0.0,12.466666666666667,4.6,0.0
1377808394,4,10399.998544,213.199970152,2.05,1.6703488E7,134217.6,0.0,13.266666666666666,4.733333333333333,0.0
1377808694,4,10399.998544,213.199970152,2.05,1.6703488E7,234880.8,0.0,12.600000000000001,4.666666666666667,0.0
1377808994,4,10399.998544,213.199970152,2.05,1.6703488E7,178956.8,0.0,12.733333333333334,4.6,0.0
1377809294,4,10399.998544,213.199970152,2.05,1.6703488E7,212511.2,0.0,12.333333333333334,4.666666666666667,0.0
1377809594,4,10399.998544,213.199970152,2.05,1.6703488E7,145402.4,0.0,12.666666666666666,4.666666666666667,0.0
1377809894,4,10399.998544,213.199970152,2.05,1.6703488E7,44739.2,0.0,12.466666666666667,4.666666666666667,0.0
1377810194,4,10399.998544,216.66663633333334,2.0833333333333335,1.6703488E7,234880.8,0.0,13.4,4.866666666666666,0.06666666666666667
1377810494,4,10399.998544,228.79996796800003,2.2,1.6703488E7,279620.0,0.0,14.0,4.733333333333333,0.0
1377810794,4,10399.998544,218.399969424,2.1,1.6703488E7,480946.4,0.0,17.0,4.6,0.0
1377811094,4,10399.998544,211.4666370613333,2.033333333333333,1.6703488E7,469761.6,0.0,12.6,4.8,0.0
1377811394,4,10399.998544,211.4666370613333,2.033333333333333,1.6703488E7,335544.0,0.0,12.8,4.666666666666667,0.0
1377811694,4,10399.998544,213.199970152,2.05,1.6703488E7,301989.6,0.0,12.733333333333334,4.466666666666667,0.0
1377811994,4,10399.998544,213.199970152,2.05,1.6703488E7,178956.8,0.0,12.8,4.6,0.0
1377812294,4,10399.998544,213.199970152,2.05,1.6703488E7,234880.8,0.0,13.0,4.6,0.0
1377812594,4,10399.998544,213.199970152,2.05,1.6703488E7,268435.2,0.0,12.600000000000001,4.6,0.0
1377812894,4,10399.998544,213.199970152,2.05,1.6703488E7,100663.2,0.0,12.666666666666668,4.666666666666667,0.0
1377813194,4,10399.998544,211.4666370613333,2.033333333333333,1.6703488E7,167772.0,0.0,12.666666666666668,4.6,0.0
1377813494,4,10399.998544,209.73330397066667,2.0166666666666666,1.6703488E7,167772.0,0.0,13.733333333333334,4.6,0.0
1377813794,4,10399.998544,218.399969424,2.1,1.6703488E7,234880.8,0.0,13.333333333333332,4.733333333333333,0.06666666666666667
1377814094,4,10399.998544,225.33330178666662,2.1666666666666665,1.6703488E7,346728.8,0.0,14.733333333333334,4.6,0.06666666666666667
1377814395,4,10399.998544,218.399969424,2.1,1.6703488E7,536870.4,0.0,12.600000000000001,4.6,0.0
1377814695,4,10399.998544,213.199970152,2.05,1.6703488E7,246065.6,0.0,12.733333333333334,4.533333333333333,0.0
1377814995,4,10399.998544,213.199970152,2.05,1.6703488E7,212511.2,0.0,12.600000000000001,4.533333333333333,0.0
1377815295,4,10399.998544,213.199970152,2.05,1.6703488E7,190141.6,0.0,12.666666666666668,4.666666666666667,0.0
1377815595,4,10399.998544,213.199970152,2.05,1.6703488E7,178956.8,0.0,12.8,4.466666666666667,0.0
1377815895,4,10399.998544,213.199970152,2.05,1.6703488E7,279620.0,0.0,12.866666666666667,4.6,0.0
1377816195,4,10399.998544,242.66663269333333,2.3333333333333335,1.6703488E7,145402.4,0.0,39.46666666666667,5.666666666666667,1.6
1377816495,4,10399.998544,213.199970152,2.05,1.6703488E7,234880.8,0.0,12.733333333333334,4.733333333333333,0.0
1377816795,4,10399.998544,211.4666370613333,2.033333333333333,1.6703488E7,246065.6,0.0,12.600000000000001,4.533333333333333,0.0
1377817095,4,10399.998544,213.199970152,2.05,1.6703488E7,212511.2,0.0,12.466666666666667,4.666666666666667,0.0
1377817395,4,10399.998544,216.66663633333334,2.0833333333333335,1.6703488E7,246065.6,0.0,13.466666666666665,4.666666666666667,0.06666666666666667
1377817694,4,10399.998544,235.73330033066665,2.2666666666666666,1.6703488E7,201326.4,0.0,18.266666666666666,4.733333333333333,0.0
1377817994,4,10399.998544,213.199970152,2.05,1.6703488E7,503316.0,0.0,12.8,4.733333333333333,0.0
1377818294,4,10399.998544,213.199970152,2.05,1.6703488E7,134217.6,0.0,12.533333333333335,4.733333333333333,0.0
1377818594,4,10399.998544,213.199970152,2.05,1.6703488E7,44739.2,0.0,12.533333333333333,4.6,0.0
1377818894,4,10399.998544,213.199970152,2.05,1.6703488E7,0.0,0.0,12.4,4.666666666666667,0.0
1377819194,4,10399.998544,213.199970152,2.05,1.6703488E7,0.0,0.0,12.933333333333334,4.6,0.0
1377819494,4,10399.998544,211.4666370613333,2.033333333333333,1.6703488E7,167772.0,0.0,12.8,4.666666666666667,0.0
1377819794,4,10399.998544,211.4666370613333,2.033333333333333,1.6703488E7,234880.8,0.0,12.6,4.6,0.0
1377820094,4,10399.998544,209.73330397066667,2.0166666666666666,1.6703488E7,234880.8,0.0,12.399999999999999,4.533333333333333,0.0
1377820394,4,10399.998544,213.199970152,2.05,1.6703488E7,134217.6,0.0,12.533333333333333,4.533333333333333,0.0
1377820694,4,10399.998544,230.5333010586667,2.216666666666667,1.6703488E7,201326.4,0.0,12.666666666666668,4.533333333333333,0.0
1377820994,4,10399.998544,218.399969424,2.1,1.6703488E7,257250.4,0.0,13.533333333333333,4.666666666666667,0.06666666666666667
1377821294,4,10399.998544,233.99996724000002,2.25,1.6703488E7,167772.0,0.0,18.133333333333333,4.8,0.0
1377821594,4,10399.998544,213.199970152,2.05,1.6703488E7,234880.8,0.0,12.733333333333334,4.666666666666667,0.0
1377821894,4,10399.998544,209.73330397066667,2.0166666666666666,1.6703488E7,234880.8,0.0,12.6,4.6,0.0
1377822194,4,10399.998544,213.199970152,2.05,1.6703488E7,178956.8,0.0,12.733333333333334,4.533333333333333,0.0
1377822494,4,10399.998544,213.199970152,2.05,1.6703488E7,123032.8,0.0,12.466666666666667,4.6,0.0
1377822794,4,10399.998544,213.199970152,2.05,1.6703488E7,234880.8,0.0,12.6,4.533333333333333,0.0
1377823094,4,10399.998544,209.73330397066667,2.0166666666666666,1.6703488E7,167772.0,0.0,12.733333333333334,4.533333333333333,0.06666666666666667
1377823394,4,10399.998544,211.4666370613333,2.033333333333333,1.6703488E7,223696.0,0.0,12.8,4.666666666666667,0.0
1377823694,4,10399.998544,211.4666370613333,2.033333333333333,1.6703488E7,223696.0,0.0,12.866666666666667,4.533333333333333,0.0
1377823994,4,10399.998544,213.199970152,2.05,1.6703488E7,279620.0,0.0,12.733333333333334,4.6,0.0
1377824294,4,10399.998544,213.199970152,2.05,1.6703488E7,156587.2,0.0,12.266666666666666,4.6,0.0
1377824595,4,10399.998544,214.93330324266663,2.0666666666666664,1.6703488E7,78293.6,0.0,13.866666666666667,4.733333333333333,0.06666666666666667
1377824895,4,10399.998544,244.39996578400002,2.35,1.6703488E7,279620.0,0.0,78.13333333333333,19.666666666666668,0.3333333333333333
1377825195,4,10399.998544,221.86663560533333,2.1333333333333333,1.6703488E7,335544.0,0.0,17.266666666666666,4.6,0.0
1377825495,4,10399.998544,213.199970152,2.05,1.6703488E7,134217.6,0.0,12.533333333333333,4.733333333333333,0.0
1377825795,4,10399.998544,213.199970152,2.05,1.6703488E7,201326.4,0.0,12.399999999999999,4.666666666666667,0.0
1377826095,4,10399.998544,207.99997088,2.0,1.6703488E7,290804.8,0.0,12.533333333333333,4.666666666666667,0.0
1377826395,4,10399.998544,211.4666370613333,2.033333333333333,1.6703488E7,257250.4,0.0,12.866666666666667,4.533333333333333,0.0
1377826695,4,10399.998544,213.199970152,2.05,1.6703488E7,178956.8,0.0,12.266666666666666,4.733333333333333,0.0
1377826995,4,10399.998544,213.199970152,2.05,1.6703488E7,201326.4,0.0,12.466666666666667,4.733333333333333,0.0
1377827295,4,10399.998544,213.199970152,2.05,1.6703488E7,22369.6,0.0,12.4,4.733333333333333,0.0
1377827595,4,10399.998544,213.199970152,2.05,1.6703488E7,33554.4,0.0,12.666666666666668,4.6,0.0
1377827895,4,10399.998544,213.199970152,2.05,1.6703488E7,0.0,0.0,12.399999999999999,4.6,0.0
1377828195,4,10399.998544,383.0666130373333,3.683333333333333,1.6703488E7,44739.2,0.0,15.8,6.266666666666667,0.8
1377828495,4,10399.998544,227.06663487733334,2.1833333333333336,1.6703488E7,324359.2,0.0,15.0,4.6,0.0
1377828795,4,10399.998544,209.73330397066667,2.0166666666666666,1.6703488E7,335544.0,0.0,12.399999999999999,4.666666666666667,0.0
1377829095,4,10399.998544,209.73330397066667,2.0166666666666666,1.6703488E7,324359.2,0.0,12.466666666666667,4.666666666666667,0.0
1377829395,4,10399.998544,213.199970152,2.05,1.6703488E7,357913.6,0.0,12.6,4.666666666666667,0.0
1377829695,4,10399.998544,279.0666275973333,2.683333333333333,1.6703488E7,357913.6,0.0,54.6,12.866666666666667,53.266666666666666
1377829995,4,10399.998544,369.199948312,3.55,1.6703488E7,436207.2,0.0,95.19999999999999,9.733333333333333,223.53333333333333
1377830295,4,10399.998544,630.9332450026667,6.066666666666666,1.6703488E7,357913.6,0.0,77.80000000000001,7.066666666666666,6.2
1377830595,4,10399.998544,211.4666370613333,2.033333333333333,1.6703488E7,313174.4,0.0,12.933333333333334,4.8,0.0
1377830895,4,10399.998544,213.199970152,2.05,1.6703488E7,100663.2,0.0,12.666666666666668,4.666666666666667,0.0
1377831195,4,10399.998544,213.199970152,2.05,1.6703488E7,156587.2,0.0,12.866666666666667,4.733333333333333,0.0
1377831495,4,10399.998544,213.199970152,2.05,1.6703488E7,156587.2,0.0,12.4,4.6,0.0
1377831795,4,10399.998544,213.199970152,2.05,1.6703488E7,290804.8,0.0,13.533333333333333,4.666666666666667,0.06666666666666667
1377832095,4,10399.998544,228.79996796800003,2.2,1.6703488E7,201326.4,0.0,13.8,4.8,0.0
1377832395,4,10399.998544,213.199970152,2.05,1.6703488E7,212511.2,0.0,12.866666666666667,4.733333333333333,0.0
1377832695,4,10399.998544,213.199970152,2.05,1.6703488E7,234880.8,0.0,12.466666666666667,4.466666666666667,0.0
1377832995,4,10399.998544,213.199970152,2.05,1.6703488E7,167772.0,0.0,12.733333333333334,4.6,0.0
1377833295,4,10399.998544,213.199970152,2.05,1.6703488E7,167772.0,0.0,12.466666666666667,4.533333333333333,0.0
1377833595,4,10399.998544,213.199970152,2.05,1.6703488E7,167772.0,0.0,12.466666666666667,4.733333333333333,0.0
1377833895,4,10399.998544,213.199970152,2.05,1.6703488E7,313174.4,0.0,12.866666666666667,4.8,0.0
1377834195,4,10399.998544,213.199970152,2.05,1.6703488E7,480946.4,0.0,12.666666666666666,4.666666666666667,0.0
1377834495,4,10399.998544,213.199970152,2.05,1.6703488E7,134217.6,0.0,12.866666666666667,4.666666666666667,0.0
1377834795,4,10399.998544,209.73330397066667,2.0166666666666666,1.6703488E7,134217.6,0.0,12.733333333333334,4.6,0.0
1377835095,4,10399.998544,211.4666370613333,2.033333333333333,1.6703488E7,33554.4,0.0,12.666666666666668,4.666666666666667,0.0
1377835395,4,10399.998544,218.399969424,2.1,1.6703488E7,89478.4,0.0,13.866666666666667,4.733333333333333,0.13333333333333333
1377835695,4,10399.998544,237.4666334213333,2.283333333333333,1.6703488E7,279620.0,0.0,18.133333333333333,4.666666666666667,0.0
1377835996,4,10399.998544,213.199970152,2.05,1.6703488E7,503316.0,0.0,12.733333333333334,4.666666666666667,0.0
1377836296,4,10399.998544,213.199970152,2.05,1.6703488E7,346728.8,0.0,12.466666666666667,4.6,0.0
1377836596,4,10399.998544,213.199970152,2.05,1.6703488E7,167772.0,0.0,12.8,4.666666666666667,0.0
1377836896,4,10399.998544,213.199970152,2.05,1.6703488E7,301989.6,0.0,12.8,4.6,0.0
1377837196,4,10399.998544,213.199970152,2.05,1.6703488E7,301989.6,0.0,12.666666666666666,4.6,0.0
1377837496,4,10399.998544,213.199970152,2.05,1.6703488E7,257250.4,0.0,12.600000000000001,4.6,0.0
1377837796,4,10399.998544,207.99997088,2.0,1.6703488E7,301989.6,0.0,12.600000000000001,4.666666666666667,0.0
1377838096,4,10399.998544,213.199970152,2.05,1.6703488E7,391468.0,0.0,12.666666666666668,4.733333333333333,0.0
1377838396,4,10399.998544,213.199970152,2.05,1.6703488E7,134217.6,0.0,12.6,4.6,0.0
1377838696,4,10399.998544,213.199970152,2.05,1.6703488E7,156587.2,0.0,12.733333333333334,4.666666666666667,0.0
1377838996,4,10399.998544,216.66663633333334,2.0833333333333335,1.6703488E7,167772.0,0.0,13.666666666666666,4.666666666666667,0.06666666666666667
1377839296,4,10399.998544,237.4666334213333,2.283333333333333,1.6703488E7,324359.2,0.0,18.333333333333332,4.866666666666666,0.0
1377839596,4,10399.998544,213.199970152,2.05,1.6703488E7,369098.4,0.0,12.8,4.733333333333333,0.0
1377839896,4,10399.998544,213.199970152,2.05,1.6703488E7,257250.4,0.0,12.666666666666668,4.8,0.0
1377840196,4,10399.998544,213.199970152,2.05,1.6703488E7,369098.4,0.0,12.6,4.6,0.0
1377840496,4,10399.998544,211.4666370613333,2.033333333333333,1.6703488E7,100663.2,0.0,12.4,4.6,0.0
1377840796,4,10399.998544,209.73330397066667,2.0166666666666666,1.6703488E7,100663.2,0.0,12.666666666666668,4.533333333333333,0.0
1377841096,4,10399.998544,211.4666370613333,2.033333333333333,1.6703488E7,257250.4,0.0,12.866666666666667,4.533333333333333,0.0
1377841396,4,10399.998544,213.199970152,2.05,1.6703488E7,301989.6,0.0,12.6,4.666666666666667,0.0
1377841696,4,10399.998544,213.199970152,2.05,1.6703488E7,201326.4,0.0,12.933333333333334,4.666666666666667,0.0
1377841996,4,10399.998544,211.4666370613333,2.033333333333333,1.6703488E7,178956.8,0.0,12.533333333333335,4.6,0.0
1377842296,4,10399.998544,213.199970152,2.05,1.6703488E7,201326.4,0.0,12.4,4.533333333333333,0.0
1377842596,4,10399.998544,213.199970152,2.05,1.6703488E7,134217.6,0.0,14.0,4.6,0.06666666666666667
1377842896,4,10399.998544,235.73330033066665,2.2666666666666666,1.6703488E7,123032.8,0.0,18.133333333333333,4.666666666666667,0.0
1377843196,4,10399.998544,213.199970152,2.05,1.6703488E7,167772.0,0.0,12.8,4.6,0.0
1377843496,4,10399.998544,211.4666370613333,2.033333333333333,1.6703488E7,67108.8,0.0,12.399999999999999,4.6,0.0
1377843796,4,10399.998544,211.4666370613333,2.033333333333333,1.6703488E7,167772.0,0.0,13.066666666666666,4.6,0.0
1377844096,4,10399.998544,209.73330397066667,2.0166666666666666,1.6703488E7,167772.0,0.0,12.333333333333334,4.666666666666667,0.0
1377844396,4,10399.998544,213.199970152,2.05,1.6703488E7,201326.4,0.0,12.933333333333334,4.666666666666667,0.0
1377844696,4,10399.998544,213.199970152,2.05,1.6703488E7,346728.8,0.0,12.933333333333334,4.6,0.0
1377844997,4,10399.998544,213.199970152,2.05,1.6703488E7,290804.8,0.0,12.466666666666667,4.6,0.0
1377845297,4,10399.998544,213.199970152,2.05,1.6703488E7,279620.0,0.0,12.733333333333334,4.6,0.0
1377845597,4,10399.998544,213.199970152,2.05,1.6703488E7,268435.2,0.0,12.733333333333334,4.666666666666667,0.0
1377845897,4,10399.998544,213.199970152,2.05,1.6703488E7,425022.4,0.0,12.266666666666666,4.6,0.0
1377846197,4,10399.998544,216.66663633333334,2.0833333333333335,1.6703488E7,301989.6,0.0,13.666666666666668,4.666666666666667,0.06666666666666667
1377846497,4,10399.998544,235.73330033066665,2.2666666666666666,1.6703488E7,313174.4,0.0,18.46666666666667,4.866666666666666,0.06666666666666667
1377846797,4,10399.998544,209.73330397066667,2.0166666666666666,1.6703488E7,380283.2,0.0,12.866666666666667,4.6,0.0
1377847097,4,10399.998544,213.199970152,2.05,1.6703488E7,167772.0,0.0,12.333333333333334,4.466666666666667,0.0
1377847397,4,10399.998544,213.199970152,2.05,1.6703488E7,346728.8,0.0,12.666666666666668,4.6,0.0
1377847697,4,10399.998544,213.199970152,2.05,1.6703488E7,178956.8,0.0,12.666666666666666,4.666666666666667,0.0
1377847997,4,10399.998544,213.199970152,2.05,1.6703488E7,167772.0,0.0,12.466666666666667,4.6,0.0
1377848297,4,10399.998544,213.199970152,2.05,1.6703488E7,402652.8,0.0,13.066666666666666,4.6,0.0
1377848597,4,10399.998544,213.199970152,2.05,1.6703488E7,223696.0,0.0,12.266666666666666,4.6,0.0
1377848897,4,10399.998544,209.73330397066667,2.0166666666666666,1.6703488E7,67108.8,0.0,12.666666666666666,4.533333333333333,0.0
1377849197,4,10399.998544,209.73330397066667,2.0166666666666666,1.6703488E7,67108.8,0.0,12.6,4.666666666666667,0.0
1377849497,4,10399.998544,211.4666370613333,2.033333333333333,1.6703488E7,234880.8,0.0,12.466666666666667,4.6,0.0
1377849797,4,10399.998544,216.66663633333334,2.0833333333333335,1.6703488E7,246065.6,0.0,13.866666666666667,4.666666666666667,0.06666666666666667
1377850097,4,10399.998544,237.4666334213333,2.283333333333333,1.6703488E7,246065.6,0.0,17.733333333333334,4.666666666666667,0.0
1377850397,4,10399.998544,213.199970152,2.05,1.6703488E7,190141.6,0.0,12.733333333333334,4.6,0.0
1377850696,4,10399.998544,211.4666370613333,2.033333333333333,1.6703488E7,100663.2,0.0,12.266666666666666,4.533333333333333,0.0
1377850996,4,10399.998544,213.199970152,2.05,1.6703488E7,134217.6,0.0,12.733333333333334,4.6,0.0
1377851296,4,10399.998544,213.199970152,2.05,1.6703488E7,223696.0,0.0,12.4,4.733333333333333,0.0
1377851596,4,10399.998544,211.4666370613333,2.033333333333333,1.6703488E7,234880.8,0.0,12.933333333333334,4.666666666666667,0.0
1377851896,4,10399.998544,209.73330397066667,2.0166666666666666,1.6703488E7,190141.6,0.0,12.866666666666667,4.733333333333333,0.0
1377852196,4,10399.998544,230.5333010586667,2.216666666666667,1.6703488E7,134217.6,0.0,12.533333333333333,4.533333333333333,0.0
1377852496,4,10399.998544,213.199970152,2.05,1.6703488E7,111848.0,0.0,12.8,4.666666666666667,0.0
1377852796,4,10399.998544,213.199970152,2.05,1.6703488E7,324359.2,0.0,12.466666666666667,4.533333333333333,0.0
1377853096,4,10399.998544,213.199970152,2.05,1.6703488E7,201326.4,0.0,12.866666666666667,4.6,0.0
1377853396,4,10399.998544,218.399969424,2.1,1.6703488E7,234880.8,0.0,13.733333333333334,4.8,0.06666666666666667
1377853696,4,10399.998544,235.73330033066665,2.2666666666666666,1.6703488E7,503316.0,0.0,18.333333333333336,4.6,0.0
1377853996,4,10399.998544,213.199970152,2.05,1.6703488E7,89478.4,0.0,13.0,4.6,0.0
1377854297,4,10399.998544,213.199970152,2.05,1.6703488E7,167772.0,0.0,12.466666666666667,4.666666666666667,0.0
1377854597,4,10399.998544,213.199970152,2.05,1.6703488E7,257250.4,0.0,13.133333333333333,4.6,0.0
1377854897,4,10399.998544,213.199970152,2.05,1.6703488E7,178956.8,0.0,12.533333333333333,4.666666666666667,0.0
1377855197,4,10399.998544,213.199970152,2.05,1.6703488E7,111848.0,0.0,13.0,4.6,0.0
1377855497,4,10399.998544,213.199970152,2.05,1.6703488E7,190141.6,0.0,12.733333333333334,4.666666666666667,0.0
1377855797,4,10399.998544,211.4666370613333,2.033333333333333,1.6703488E7,268435.2,0.0,12.733333333333334,4.6,0.0
1377856097,4,10399.998544,209.73330397066667,2.0166666666666666,1.6703488E7,167772.0,0.0,12.6,4.533333333333333,0.0
1377856397,4,10399.998544,211.4666370613333,2.033333333333333,1.6703488E7,111848.0,0.0,12.533333333333333,4.666666666666667,0.0
1377856697,4,10399.998544,213.199970152,2.05,1.6703488E7,234880.8,0.0,12.733333333333334,4.666666666666667,0.0
1377856997,4,10399.998544,221.86663560533333,2.1333333333333333,1.6703488E7,167772.0,0.0,13.666666666666668,4.666666666666667,0.06666666666666667
1377857297,4,10399.998544,239.199966512,2.3,1.6703488E7,190141.6,0.0,18.866666666666667,4.666666666666667,0.06666666666666667
1377857597,4,10399.998544,213.199970152,2.05,1.6703488E7,279620.0,0.0,13.066666666666666,4.666666666666667,0.0
1377857897,4,10399.998544,213.199970152,2.05,1.6703488E7,346728.8,0.0,12.266666666666667,4.6,0.0
1377858197,4,10399.998544,213.199970152,2.05,1.6703488E7,380283.2,0.0,12.866666666666667,4.666666666666667,0.0
1377858497,4,10399.998544,213.199970152,2.05,1.6703488E7,156587.2,0.0,12.666666666666668,4.666666666666667,0.0
1377858797,4,10399.998544,213.199970152,2.05,1.6703488E7,89478.4,0.0,13.266666666666666,4.666666666666667,0.0
1377859097,4,10399.998544,213.199970152,2.05,1.6703488E7,89478.4,0.0,12.933333333333334,4.733333333333333,0.0
1377859397,4,10399.998544,209.73330397066667,2.0166666666666666,1.6703488E7,134217.6,0.0,12.8,4.733333333333333,0.0
1377859697,4,10399.998544,211.4666370613333,2.033333333333333,1.6703488E7,0.0,0.0,12.533333333333333,4.6,0.0
1377859997,4,10399.998544,213.199970152,2.05,1.6703488E7,178956.8,0.0,13.0,4.666666666666667,0.0
1377860297,4,10399.998544,213.199970152,2.05,1.6703488E7,301989.6,0.0,12.466666666666667,4.533333333333333,0.0
1377860597,4,10399.998544,218.399969424,2.1,1.6703488E7,324359.2,0.0,13.8,4.666666666666667,0.06666666666666667
1377860897,4,10399.998544,237.4666334213333,2.283333333333333,1.6703488E7,145402.4,0.0,18.4,4.666666666666667,0.0
1377861197,4,10399.998544,213.199970152,2.05,1.6703488E7,335544.0,0.0,12.466666666666667,4.6,0.0
1377861497,4,10399.998544,213.199970152,2.05,1.6703488E7,234880.8,0.0,12.666666666666666,4.6,0.0
1377861797,4,10399.998544,213.199970152,2.05,1.6703488E7,123032.8,0.0,12.0,4.533333333333333,0.0
1377862097,4,10399.998544,211.4666370613333,2.033333333333333,1.6703488E7,89478.4,0.0,12.666666666666668,4.6,0.0
1377862397,4,10399.998544,209.73330397066667,2.0166666666666666,1.6703488E7,234880.8,0.0,12.733333333333334,4.666666666666667,0.0
1377862698,4,10399.998544,213.199970152,2.05,1.6703488E7,100663.2,0.0,12.4,4.6,0.0
1377862998,4,10399.998544,213.199970152,2.05,1.6703488E7,111848.0,0.0,12.4,4.6,0.0
1377863298,4,10399.998544,213.199970152,2.05,1.6703488E7,190141.6,0.0,12.266666666666666,4.466666666666667,0.0
1377863598,4,10399.998544,213.199970152,2.05,1.6703488E7,201326.4,0.0,12.4,4.533333333333333,0.0
1377863898,4,10399.998544,211.4666370613333,2.033333333333333,1.6703488E7,234880.8,0.0,12.333333333333334,4.533333333333333,0.0
1377864198,4,10399.998544,213.199970152,2.05,1.6703488E7,111848.0,0.0,13.666666666666668,4.533333333333333,0.06666666666666667
1377864498,4,10399.998544,237.4666334213333,2.283333333333333,1.6703488E7,156587.2,0.0,18.2,4.6,0.0
1377864798,4,10399.998544,213.199970152,2.05,1.6703488E7,145402.4,0.0,12.533333333333333,4.6,0.0
1377865098,4,10399.998544,211.4666370613333,2.033333333333333,1.6703488E7,290804.8,0.0,12.4,4.533333333333333,0.0
1377865398,4,10399.998544,209.73330397066667,2.0166666666666666,1.6703488E7,234880.8,0.0,12.466666666666667,4.6,0.0
1377865698,4,10399.998544,213.199970152,2.05,1.6703488E7,156587.2,0.0,12.266666666666666,4.6,0.0
1377865998,4,10399.998544,213.199970152,2.05,1.6703488E7,190141.6,0.0,12.933333333333334,4.6,0.0
1377866298,4,10399.998544,213.199970152,2.05,1.6703488E7,234880.8,0.0,12.533333333333333,4.466666666666667,0.0
1377866598,4,10399.998544,211.4666370613333,2.033333333333333,1.6703488E7,167772.0,0.0,12.533333333333333,4.666666666666667,0.0
1377866898,4,10399.998544,213.199970152,2.05,1.6703488E7,134217.6,0.0,12.533333333333333,4.666666666666667,0.0
1377867198,4,10399.998544,213.199970152,2.05,1.6703488E7,167772.0,0.0,12.466666666666667,4.6,0.0
1377867498,4,10399.998544,213.199970152,2.05,1.6703488E7,290804.8,0.0,12.2,4.666666666666667,0.0
1377867798,4,10399.998544,216.66663633333334,2.0833333333333335,1.6703488E7,335544.0,0.0,13.466666666666667,4.866666666666666,0.06666666666666667
1377868098,4,10399.998544,232.26663414933333,2.2333333333333334,1.6703488E7,301989.6,0.0,18.733333333333334,4.666666666666667,0.06666666666666667
1377868398,4,10399.998544,213.199970152,2.05,1.6703488E7,335544.0,0.0,12.533333333333333,4.6,0.0
1377868698,4,10399.998544,213.199970152,2.05,1.6703488E7,67108.8,0.0,12.2,4.533333333333333,0.0
1377868998,4,10399.998544,213.199970152,2.05,1.6703488E7,67108.8,0.0,12.533333333333333,4.533333333333333,0.0
1377869298,4,10399.998544,213.199970152,2.05,1.6703488E7,268435.2,0.0,12.333333333333334,4.533333333333333,0.0
1377869598,4,10399.998544,213.199970152,2.05,1.6703488E7,67108.8,0.0,12.8,4.6,0.0
1377869898,4,10399.998544,213.199970152,2.05,1.6703488E7,100663.2,0.0,12.6,4.533333333333333,0.0
1377870198,4,10399.998544,214.93330324266663,2.0666666666666664,1.6703488E7,134217.6,0.0,12.466666666666667,4.6,0.0
1377870498,4,10399.998544,228.79996796800003,2.2,1.6703488E7,178956.8,0.0,12.666666666666668,4.533333333333333,0.0
1377870798,4,10399.998544,228.79996796800003,2.2,1.6703488E7,201326.4,0.0,12.733333333333334,4.6,0.0
1377871098,4,10399.998544,211.4666370613333,2.033333333333333,1.6703488E7,134217.6,0.0,11.933333333333334,4.6,0.0
1377871398,4,10399.998544,216.66663633333334,2.0833333333333335,1.6703488E7,167772.0,0.0,13.6,4.6,0.06666666666666667
1377871698,4,10399.998544,239.199966512,2.3,1.6703488E7,167772.0,0.0,18.133333333333333,4.6,0.0
1377871998,4,10399.998544,213.199970152,2.05,1.6703488E7,234880.8,0.0,12.466666666666667,4.533333333333333,0.0
1377872299,4,10399.998544,213.199970152,2.05,1.6703488E7,234880.8,0.0,12.533333333333335,4.533333333333333,0.0
1377872599,4,10399.998544,213.199970152,2.05,1.6703488E7,201326.4,0.0,12.533333333333333,4.6,0.0
1377872899,4,10399.998544,213.199970152,2.05,1.6703488E7,44739.2,0.0,12.866666666666667,4.666666666666667,0.0
1377873199,4,10399.998544,230.5333010586667,2.216666666666667,1.6703488E7,167772.0,0.0,13.133333333333333,4.666666666666667,0.0
1377873499,4,10399.998544,209.73330397066667,2.0166666666666666,1.6703488E7,357913.6,0.0,12.6,4.533333333333333,0.0
1377873799,4,10399.998544,209.73330397066667,2.0166666666666666,1.6703488E7,89478.4,0.0,12.533333333333333,4.6,0.0
1377874099,4,10399.998544,213.199970152,2.05,1.6703488E7,134217.6,0.0,12.666666666666666,4.533333333333333,0.0
1377874399,4,10399.998544,213.199970152,2.05,1.6703488E7,391468.0,0.0,12.333333333333332,4.533333333333333,0.0
1377874699,4,10399.998544,213.199970152,2.05,1.6703488E7,167772.0,0.0,12.4,4.6,0.0
1377874999,4,10399.998544,233.99996724000002,2.25,1.6703488E7,246065.6,0.0,18.4,4.666666666666667,0.26666666666666666
1377875299,4,10399.998544,232.26663414933333,2.2333333333333334,1.6703488E7,301989.6,0.0,18.333333333333336,4.666666666666667,0.0
1377875599,4,10399.998544,213.199970152,2.05,1.6703488E7,346728.8,0.0,12.533333333333335,4.6,0.0
1377875899,4,10399.998544,213.199970152,2.05,1.6703488E7,268435.2,0.0,12.533333333333333,4.533333333333333,0.0
1377876199,4,10399.998544,211.4666370613333,2.033333333333333,1.6703488E7,212511.2,0.0,12.466666666666667,4.533333333333333,0.0
1377876499,4,10399.998544,209.73330397066667,2.0166666666666666,1.6703488E7,201326.4,0.0,12.266666666666666,4.533333333333333,0.0
1377876799,4,10399.998544,213.199970152,2.05,1.6703488E7,44739.2,0.0,13.266666666666666,4.466666666666667,0.0
1377877099,4,10399.998544,213.199970152,2.05,1.6703488E7,111848.0,0.0,12.266666666666666,4.6,0.0
1377877399,4,10399.998544,213.199970152,2.05,1.6703488E7,234880.8,0.0,12.733333333333334,4.533333333333333,0.0
1377877699,4,10399.998544,213.199970152,2.05,1.6703488E7,279620.0,0.0,12.533333333333335,4.466666666666667,0.0
1377877999,4,10399.998544,211.4666370613333,2.033333333333333,1.6703488E7,201326.4,0.0,12.6,4.6,0.0
1377878299,4,10399.998544,211.4666370613333,2.033333333333333,1.6703488E7,201326.4,0.0,12.733333333333334,4.466666666666667,0.0
1377878599,4,10399.998544,218.399969424,2.1,1.6703488E7,167772.0,0.0,12.933333333333334,4.733333333333333,0.06666666666666667
1377878899,4,10399.998544,230.5333010586667,2.216666666666667,1.6703488E7,178956.8,0.0,19.066666666666666,4.666666666666667,0.0
1377879199,4,10399.998544,209.73330397066667,2.0166666666666666,1.6703488E7,425022.4,0.0,12.4,4.666666666666667,0.0
1377879499,4,10399.998544,211.4666370613333,2.033333333333333,1.6703488E7,123032.8,0.0,12.266666666666666,4.6,0.0
1377879799,4,10399.998544,213.199970152,2.05,1.6703488E7,201326.4,0.0,12.666666666666666,4.466666666666667,0.0
1377880100,4,10399.998544,211.4666370613333,2.033333333333333,1.6703488E7,100663.2,0.0,12.066666666666666,4.466666666666667,0.0
1377880400,4,10399.998544,213.199970152,2.05,1.6703488E7,123032.8,0.0,13.133333333333333,4.6,0.0
1377880700,4,10399.998544,213.199970152,2.05,1.6703488E7,190141.6,0.0,12.4,4.6,0.0
1377881000,4,10399.998544,211.4666370613333,2.033333333333333,1.6703488E7,156587.2,0.0,12.733333333333334,4.4,0.0
1377881300,4,10399.998544,213.199970152,2.05,1.6703488E7,268435.2,0.0,12.466666666666667,4.6,0.0
1377881600,4,10399.998544,209.73330397066667,2.0166666666666666,1.6703488E7,145402.4,0.0,12.6,4.666666666666667,0.0
1377881900,4,10399.998544,209.73330397066667,2.0166666666666666,1.6703488E7,246065.6,0.0,12.466666666666667,4.6,0.0
1377882200,4,10399.998544,218.399969424,2.1,1.6703488E7,145402.4,0.0,13.733333333333334,4.666666666666667,0.06666666666666667
1377882500,4,10399.998544,235.73330033066665,2.2666666666666666,1.6703488E7,335544.0,0.0,18.0,4.666666666666667,0.0
1377882800,4,10399.998544,213.199970152,2.05,1.6703488E7,346728.8,0.0,12.933333333333334,4.533333333333333,0.0
1377883100,4,10399.998544,213.199970152,2.05,1.6703488E7,257250.4,0.0,12.600000000000001,4.6,0.0
1377883399,4,10399.998544,213.199970152,2.05,1.6703488E7,212511.2,0.0,12.600000000000001,4.6,0.0
1377883699,4,10399.998544,213.199970152,2.05,1.6703488E7,223696.0,0.0,12.466666666666667,4.466666666666667,0.0
1377883999,4,10399.998544,213.199970152,2.05,1.6703488E7,123032.8,0.0,12.733333333333334,4.666666666666667,0.0
1377884299,4,10399.998544,213.199970152,2.05,1.6703488E7,78293.6,0.0,12.8,4.533333333333333,0.0
1377884599,4,10399.998544,211.4666370613333,2.033333333333333,1.6703488E7,123032.8,0.0,12.600000000000001,4.6,0.0
1377884899,4,10399.998544,209.73330397066667,2.0166666666666666,1.6703488E7,436207.2,0.0,12.466666666666667,4.666666666666667,0.0
1377885199,4,10399.998544,213.199970152,2.05,1.6703488E7,234880.8,0.0,12.466666666666667,4.6,0.0
1377885499,4,10399.998544,213.199970152,2.05,1.6703488E7,335544.0,0.0,12.6,4.733333333333333,0.0
1377885799,4,10399.998544,216.66663633333334,2.0833333333333335,1.6703488E7,257250.4,0.0,13.466666666666667,4.733333333333333,0.06666666666666667
1377886099,4,10399.998544,232.26663414933333,2.2333333333333334,1.6703488E7,190141.6,0.0,18.0,4.533333333333333,0.0
1377886400,4,10399.998544,213.199970152,2.05,1.6703488E7,279620.0,0.0,12.733333333333334,4.533333333333333,0.0
1377886700,4,10399.998544,216.66663633333334,2.0833333333333335,1.6703488E7,178956.8,0.0,12.133333333333333,4.466666666666667,0.0
1377887000,4,10399.998544,213.199970152,2.05,1.6703488E7,167772.0,0.0,13.066666666666666,4.6,0.0
1377887300,4,10399.998544,211.4666370613333,2.033333333333333,1.6703488E7,167772.0,0.0,12.266666666666666,4.533333333333333,0.0
1377887600,4,10399.998544,209.73330397066667,2.0166666666666666,1.6703488E7,167772.0,0.0,13.2,4.733333333333333,0.0
1377887900,4,10399.998544,211.4666370613333,2.033333333333333,1.6703488E7,234880.8,0.0,12.399999999999999,4.533333333333333,0.0
1377888200,4,10399.998544,213.199970152,2.05,1.6703488E7,100663.2,0.0,12.533333333333335,4.6,0.0
1377888500,4,10399.998544,213.199970152,2.05,1.6703488E7,324359.2,0.0,12.533333333333333,4.533333333333333,0.0
1377888800,4,10399.998544,213.199970152,2.05,1.6703488E7,167772.0,0.0,12.466666666666667,4.6,0.0
1377889100,4,10399.998544,213.199970152,2.05,1.6703488E7,301989.6,0.0,12.666666666666668,4.466666666666667,0.0
1377889400,4,10399.998544,213.199970152,2.05,1.6703488E7,301989.6,0.0,13.533333333333333,4.533333333333333,0.06666666666666667
1377889700,4,10399.998544,235.73330033066665,2.2666666666666666,1.6703488E7,201326.4,0.0,19.0,4.733333333333333,0.0
1377890000,4,10399.998544,213.199970152,2.05,1.6703488E7,369098.4,0.0,12.6,4.533333333333333,0.0
1377890300,4,10399.998544,209.73330397066667,2.0166666666666666,1.6703488E7,301989.6,0.0,12.466666666666667,4.533333333333333,0.0
1377890600,4,10399.998544,211.4666370613333,2.033333333333333,1.6703488E7,201326.4,0.0,12.6,4.466666666666667,0.0
1377890900,4,10399.998544,213.199970152,2.05,1.6703488E7,0.0,0.0,12.333333333333334,4.666666666666667,0.0
1377891200,4,10399.998544,213.199970152,2.05,1.6703488E7,33554.4,0.0,12.733333333333334,4.466666666666667,0.0
1377891500,4,10399.998544,213.199970152,2.05,1.6703488E7,145402.4,0.0,12.733333333333334,4.6,0.0
1377891800,4,10399.998544,213.199970152,2.05,1.6703488E7,145402.4,0.0,12.666666666666668,4.533333333333333,0.0
1377892100,4,10399.998544,213.199970152,2.05,1.6703488E7,290804.8,0.0,12.533333333333333,4.6,0.0
1377892400,4,10399.998544,213.199970152,2.05,1.6703488E7,301989.6,0.0,12.466666666666667,4.533333333333333,0.0
1377892700,4,10399.998544,213.199970152,2.05,1.6703488E7,167772.0,0.0,12.466666666666667,4.6,0.0
1377893000,4,10399.998544,218.399969424,2.1,1.6703488E7,33554.4,0.0,13.533333333333333,4.6,0.0
1377893300,4,10399.998544,230.5333010586667,2.216666666666667,1.6703488E7,134217.6,0.0,18.200000000000003,4.6,0.0
1377893600,4,10399.998544,213.199970152,2.05,1.6703488E7,167772.0,0.0,12.600000000000001,4.533333333333333,0.0
1377893900,4,10399.998544,213.199970152,2.05,1.6703488E7,0.0,0.0,12.533333333333333,4.6,0.06666666666666667
1377894200,4,10399.998544,213.199970152,2.05,1.6703488E7,178956.8,0.0,12.466666666666667,4.533333333333333,0.0
1377894500,4,10399.998544,213.199970152,2.05,1.6703488E7,167772.0,0.0,12.2,4.533333333333333,0.0
1377894800,4,10399.998544,213.199970152,2.05,1.6703488E7,201326.4,0.0,13.066666666666666,4.6,0.0
1377895100,4,10399.998544,213.199970152,2.05,1.6703488E7,134217.6,0.0,12.533333333333333,4.6,0.0
1377895400,4,10399.998544,211.4666370613333,2.033333333333333,1.6703488E7,111848.0,0.0,12.4,4.666666666666667,0.0
1377895700,4,10399.998544,213.199970152,2.05,1.6703488E7,301989.6,0.0,12.266666666666666,4.666666666666667,0.0
1377896000,4,10399.998544,209.73330397066667,2.0166666666666666,1.6703488E7,223696.0,0.0,12.666666666666668,4.8,0.0
1377896300,4,10399.998544,209.73330397066667,2.0166666666666666,1.6703488E7,268435.2,0.0,12.333333333333332,4.6,0.0
1377896600,4,10399.998544,216.66663633333334,2.0833333333333335,1.6703488E7,246065.6,0.0,13.666666666666668,4.733333333333333,0.06666666666666667
1377896901,4,10399.998544,239.199966512,2.3,1.6703488E7,346728.8,0.0,18.333333333333332,4.6,0.0
1377897201,4,10399.998544,213.199970152,2.05,1.6703488E7,335544.0,0.0,12.333333333333332,4.733333333333333,0.0
1377897501,4,10399.998544,213.199970152,2.05,1.6703488E7,234880.8,0.0,12.533333333333333,4.6,0.0
1377897801,4,10399.998544,213.199970152,2.05,1.6703488E7,234880.8,0.0,12.8,4.733333333333333,0.0
1377898101,4,10399.998544,213.199970152,2.05,1.6703488E7,190141.6,0.0,12.2,4.6,0.06666666666666667
1377898401,4,10399.998544,213.199970152,2.05,1.6703488E7,234880.8,0.0,12.6,4.6,0.0
1377898701,4,10399.998544,211.4666370613333,2.033333333333333,1.6703488E7,167772.0,0.0,12.733333333333334,4.6,0.0
1377899001,4,10399.998544,209.73330397066667,2.0166666666666666,1.6703488E7,201326.4,0.0,12.4,4.533333333333333,0.0
1377899301,4,10399.998544,213.199970152,2.05,1.6703488E7,279620.0,0.0,12.6,4.6,0.0
1377899601,4,10399.998544,213.199970152,2.05,1.6703488E7,246065.6,0.0,13.6,4.666666666666667,0.0
1377899901,4,10399.998544,211.4666370613333,2.033333333333333,1.6703488E7,55924.0,0.0,12.4,4.666666666666667,0.0
1377900201,4,10399.998544,216.66663633333334,2.0833333333333335,1.6703488E7,167772.0,0.0,13.8,4.6,0.0
1377900501,4,10399.998544,239.199966512,2.3,1.6703488E7,301989.6,0.0,18.333333333333332,4.733333333333333,0.06666666666666667
1377900801,4,10399.998544,213.199970152,2.05,1.6703488E7,380283.2,0.0,12.6,4.666666666666667,0.0
1377901101,4,10399.998544,218.399969424,2.1,1.6703488E7,178956.8,0.0,11.933333333333334,4.6,0.0
1377901401,4,10399.998544,225.33330178666662,2.1666666666666665,1.6703488E7,111848.0,0.0,12.666666666666668,4.6,0.0
1377901701,4,10399.998544,209.73330397066667,2.0166666666666666,1.6703488E7,167772.0,0.0,12.333333333333332,4.6,0.0
1377902001,4,10399.998544,211.4666370613333,2.033333333333333,1.6703488E7,167772.0,0.0,12.866666666666667,4.533333333333333,0.0
1377902301,4,10399.998544,211.4666370613333,2.033333333333333,1.6703488E7,201326.4,0.0,13.0,4.533333333333333,0.0
1377902601,4,10399.998544,282.5332937786667,2.716666666666667,1.6703488E7,525685.6,0.0,40.2,6.0,2.3333333333333335
1377902901,4,10399.998544,213.199970152,2.05,1.6703488E7,402652.8,0.0,13.733333333333334,4.533333333333333,0.0
1377903201,4,10399.998544,213.199970152,2.05,1.6703488E7,100663.2,0.0,12.133333333333333,4.666666666666667,0.0
1377903502,4,10399.998544,213.199970152,2.05,1.6703488E7,89478.4,0.0,12.600000000000001,4.533333333333333,0.06666666666666667
1377903802,4,10399.998544,214.93330324266663,2.0666666666666664,1.6703488E7,134217.6,0.0,13.4,4.666666666666667,0.0
1377904102,4,10399.998544,237.4666334213333,2.283333333333333,1.6703488E7,246065.6,0.0,17.933333333333334,4.666666666666667,0.0
1377904402,4,10399.998544,211.4666370613333,2.033333333333333,1.6703488E7,335544.0,0.0,12.666666666666668,4.533333333333333,0.0
1377904702,4,10399.998544,209.73330397066667,2.0166666666666666,1.6703488E7,201326.4,0.0,12.066666666666666,4.6,0.0
1377905002,4,10399.998544,213.199970152,2.05,1.6703488E7,324359.2,0.0,12.866666666666667,4.6,0.0
1377905302,4,10399.998544,213.199970152,2.05,1.6703488E7,234880.8,0.0,12.399999999999999,4.6,0.06666666666666667
1377905602,4,10399.998544,213.199970152,2.05,1.6703488E7,167772.0,0.0,12.866666666666667,4.666666666666667,0.0
1377905902,4,10399.998544,213.199970152,2.05,1.6703488E7,134217.6,0.0,12.533333333333333,4.666666666666667,0.0
1377906202,4,10399.998544,213.199970152,2.05,1.6703488E7,301989.6,0.0,12.266666666666666,4.666666666666667,0.0
1377906502,4,10399.998544,213.199970152,2.05,1.6703488E7,268435.2,0.0,12.333333333333334,4.666666666666667,0.0
1377906802,4,10399.998544,213.199970152,2.05,1.6703488E7,201326.4,0.0,12.533333333333333,4.6,0.0
1377907102,4,10399.998544,213.199970152,2.05,1.6703488E7,145402.4,0.0,12.533333333333333,4.6,0.0
1377907402,4,10399.998544,218.399969424,2.1,1.6703488E7,178956.8,0.0,13.399999999999999,4.666666666666667,0.06666666666666667
1377907702,4,10399.998544,232.26663414933333,2.2333333333333334,1.6703488E7,290804.8,0.0,18.53333333333333,4.6,0.0
1377908002,4,10399.998544,209.73330397066667,2.0166666666666666,1.6703488E7,380283.2,0.0,12.533333333333333,4.466666666666667,0.0
1377908302,4,10399.998544,213.199970152,2.05,1.6703488E7,425022.4,0.0,12.533333333333333,4.533333333333333,0.0
1377908602,4,10399.998544,211.4666370613333,2.033333333333333,1.6703488E7,357913.6,0.0,12.4,4.6,0.0
1377908902,4,10399.998544,213.199970152,2.05,1.6703488E7,190141.6,0.0,12.333333333333332,4.533333333333333,0.0
1377909202,4,10399.998544,213.199970152,2.05,1.6703488E7,156587.2,0.0,13.0,4.466666666666667,0.06666666666666667
1377909502,4,10399.998544,213.199970152,2.05,1.6703488E7,167772.0,0.0,12.533333333333333,4.6,0.0
1377909802,4,10399.998544,213.199970152,2.05,1.6703488E7,123032.8,0.0,12.4,4.466666666666667,0.0
1377910102,4,10399.998544,213.199970152,2.05,1.6703488E7,156587.2,0.0,12.266666666666666,4.466666666666667,0.0
1377910402,4,10399.998544,211.4666370613333,2.033333333333333,1.6703488E7,111848.0,0.0,12.8,4.533333333333333,0.0
1377910702,4,10399.998544,209.73330397066667,2.0166666666666666,1.6703488E7,257250.4,0.0,12.666666666666666,4.533333333333333,0.0
1377911002,4,10399.998544,218.399969424,2.1,1.6703488E7,145402.4,0.0,13.333333333333332,4.733333333333333,0.06666666666666667
1377911302,4,10399.998544,239.199966512,2.3,1.6703488E7,111848.0,0.0,18.666666666666664,4.733333333333333,0.06666666666666667
1377911602,4,10399.998544,213.199970152,2.05,1.6703488E7,257250.4,0.0,12.666666666666668,4.666666666666667,0.0
1377911902,4,10399.998544,213.199970152,2.05,1.6703488E7,111848.0,0.0,12.466666666666667,4.6,0.0
1377912202,4,10399.998544,213.199970152,2.05,1.6703488E7,257250.4,0.0,12.933333333333334,4.6,0.0
1377912502,4,10399.998544,213.199970152,2.05,1.6703488E7,145402.4,0.0,12.466666666666667,4.533333333333333,0.0
1377912802,4,10399.998544,211.4666370613333,2.033333333333333,1.6703488E7,145402.4,0.0,12.533333333333333,4.6,0.06666666666666667
1377913102,4,10399.998544,265.199962872,2.55,1.6703488E7,335544.0,0.0,46.2,6.333333333333333,80.06666666666666
1377913402,4,10399.998544,507.8665955653333,4.883333333333333,1.6703488E7,413837.6,0.0,117.19999999999999,10.666666666666666,173.8
1377913702,4,10399.998544,436.799938848,4.2,1.6703488E7,525685.6,0.0,36.93333333333333,5.533333333333333,2.4
1377914003,4,10399.998544,211.4666370613333,2.033333333333333,1.6703488E7,167772.0,0.0,12.533333333333335,4.6,0.0
1377914303,4,10399.998544,213.199970152,2.05,1.6703488E7,246065.6,0.0,12.2,4.533333333333333,0.0
1377914603,4,10399.998544,384.799946128,3.7,1.6703488E7,268435.2,0.0,16.0,6.133333333333334,0.8
1377914903,4,10399.998544,266.9332959626667,2.566666666666667,1.6703488E7,223696.0,0.0,28.333333333333336,11.533333333333333,0.2
1377915203,4,10399.998544,213.199970152,2.05,1.6703488E7,704642.4,0.0,12.733333333333334,4.6,0.0
1377915503,4,10399.998544,214.93330324266663,2.0666666666666664,1.6703488E7,201326.4,0.0,12.333333333333332,4.6,0.06666666666666667
1377915803,4,10399.998544,213.199970152,2.05,1.6703488E7,167772.0,0.0,12.600000000000001,4.6,0.0
1377916102,4,10399.998544,213.199970152,2.05,1.6703488E7,201326.4,0.0,12.733333333333334,4.533333333333333,0.06666666666666667
1377916402,4,10399.998544,209.73330397066667,2.0166666666666666,1.6703488E7,246065.6,0.0,13.066666666666666,4.6,0.0
1377916702,4,10399.998544,225.33330178666662,2.1666666666666665,1.6703488E7,335544.0,0.0,12.533333333333333,4.533333333333333,0.0
1377917002,4,10399.998544,221.86663560533333,2.1333333333333333,1.6703488E7,167772.0,0.0,12.666666666666668,4.6,0.0
1377917302,4,10399.998544,213.199970152,2.05,1.6703488E7,447392.0,0.0,12.333333333333332,4.666666666666667,0.0
1377917602,4,10399.998544,213.199970152,2.05,1.6703488E7,279620.0,0.0,12.466666666666667,4.666666666666667,0.0
1377917902,4,10399.998544,230.5333010586667,2.216666666666667,1.6703488E7,234880.8,0.0,12.466666666666667,4.666666666666667,0.0
1377918202,4,10399.998544,214.93330324266663,2.0666666666666664,1.6703488E7,234880.8,0.0,13.266666666666666,4.8,0.06666666666666667
1377918502,4,10399.998544,233.99996724000002,2.25,1.6703488E7,234880.8,0.0,18.0,4.666666666666667,0.0
1377918802,4,10399.998544,209.73330397066667,2.0166666666666666,1.6703488E7,503316.0,0.0,13.0,4.533333333333333,0.0
1377919102,4,10399.998544,211.4666370613333,2.033333333333333,1.6703488E7,33554.4,0.0,12.266666666666666,4.533333333333333,0.0
1377919402,4,10399.998544,213.199970152,2.05,1.6703488E7,156587.2,0.0,12.399999999999999,4.6,0.0
1377919702,4,10399.998544,213.199970152,2.05,1.6703488E7,234880.8,0.0,12.533333333333335,4.533333333333333,0.0
1377920002,4,10399.998544,214.93330324266663,2.0666666666666664,1.6703488E7,223696.0,0.0,12.866666666666667,4.6,0.0
1377920302,4,10399.998544,213.199970152,2.05,1.6703488E7,134217.6,0.0,12.933333333333334,4.733333333333333,0.0
1377920602,4,10399.998544,211.4666370613333,2.033333333333333,1.6703488E7,167772.0,0.0,12.333333333333332,4.533333333333333,0.0
1377920903,4,10399.998544,213.199970152,2.05,1.6703488E7,89478.4,0.0,12.533333333333333,4.6,0.0
1377921203,4,10399.998544,211.4666370613333,2.033333333333333,1.6703488E7,156587.2,0.0,12.600000000000001,4.6,0.0
1377921503,4,10399.998544,209.73330397066667,2.0166666666666666,1.6703488E7,156587.2,0.0,12.533333333333335,4.6,0.0
1377921803,4,10399.998544,214.93330324266663,2.0666666666666664,1.6703488E7,391468.0,0.0,13.6,4.8,0.06666666666666667
1377922103,4,10399.998544,256.5332974186667,2.466666666666667,1.6703488E7,369098.4,0.0,18.666666666666664,4.733333333333333,0.0
1377922403,4,10399.998544,213.199970152,2.05,1.6703488E7,738196.8,0.0,12.533333333333333,4.6,0.0
1377922703,4,10399.998544,213.199970152,2.05,1.6703488E7,246065.6,0.0,12.466666666666667,4.6,0.0
1377923003,4,10399.998544,213.199970152,2.05,1.6703488E7,190141.6,0.0,12.533333333333333,4.533333333333333,0.0
1377923303,4,10399.998544,213.199970152,2.05,1.6703488E7,111848.0,0.0,12.533333333333335,4.466666666666667,0.0
1377923603,4,10399.998544,213.199970152,2.05,1.6703488E7,67108.8,0.0,12.733333333333334,4.6,0.0
1377923903,4,10399.998544,213.199970152,2.05,1.6703488E7,313174.4,0.0,12.4,4.6,0.0
1377924203,4,10399.998544,209.73330397066667,2.0166666666666666,1.6703488E7,190141.6,0.0,12.533333333333333,4.533333333333333,0.0
1377924503,4,10399.998544,209.73330397066667,2.0166666666666666,1.6703488E7,212511.2,0.0,12.466666666666667,4.533333333333333,0.0
1377924803,4,10399.998544,213.199970152,2.05,1.6703488E7,0.0,0.0,12.2,4.6,0.0
1377925103,4,10399.998544,213.199970152,2.05,1.6703488E7,223696.0,0.0,12.533333333333333,4.466666666666667,0.0
1377925403,4,10399.998544,218.399969424,2.1,1.6703488E7,279620.0,0.0,13.333333333333334,4.666666666666667,0.06666666666666667
1377925703,4,10399.998544,228.79996796800003,2.2,1.6703488E7,313174.4,0.0,18.133333333333333,4.733333333333333,0.0
1377926003,4,10399.998544,218.399969424,2.1,1.6703488E7,301989.6,0.0,12.733333333333334,4.666666666666667,0.0
1377926303,4,10399.998544,213.199970152,2.05,1.6703488E7,167772.0,0.0,12.466666666666667,4.533333333333333,0.0
1377926603,4,10399.998544,209.73330397066667,2.0166666666666666,1.6703488E7,279620.0,0.0,12.666666666666668,4.6,0.0
1377926903,4,10399.998544,209.73330397066667,2.0166666666666666,1.6703488E7,111848.0,0.0,12.466666666666667,4.6,0.0
1377927203,4,10399.998544,209.73330397066667,2.0166666666666666,1.6703488E7,134217.6,0.0,13.133333333333333,4.666666666666667,0.0
1377927503,4,10399.998544,213.199970152,2.05,1.6703488E7,335544.0,0.0,12.533333333333335,4.6,0.0
1377927803,4,10399.998544,213.199970152,2.05,1.6703488E7,111848.0,0.0,12.6,4.6,0.0
1377928103,4,10399.998544,213.199970152,2.05,1.6703488E7,156587.2,0.0,12.533333333333335,4.6,0.0
1377928403,4,10399.998544,213.199970152,2.05,1.6703488E7,223696.0,0.0,12.600000000000001,4.666666666666667,0.0
1377928703,4,10399.998544,213.199970152,2.05,1.6703488E7,100663.2,0.0,12.4,4.533333333333333,0.0
1377929003,4,10399.998544,214.93330324266663,2.0666666666666664,1.6703488E7,167772.0,0.0,13.533333333333331,4.733333333333333,0.06666666666666667
1377929303,4,10399.998544,233.99996724000002,2.25,1.6703488E7,257250.4,0.0,18.200000000000003,4.533333333333333,0.0
1377929604,4,10399.998544,211.4666370613333,2.033333333333333,1.6703488E7,268435.2,0.0,12.533333333333333,4.533333333333333,0.0
1377929904,4,10399.998544,209.73330397066667,2.0166666666666666,1.6703488E7,156587.2,0.0,12.6,4.533333333333333,0.0
1377930204,4,10399.998544,213.199970152,2.05,1.6703488E7,279620.0,0.0,12.733333333333334,4.666666666666667,0.0
1377930504,4,10399.998544,213.199970152,2.05,1.6703488E7,234880.8,0.0,12.466666666666667,4.6,0.0
1377930804,4,10399.998544,211.4666370613333,2.033333333333333,1.6703488E7,268435.2,0.0,13.133333333333333,4.533333333333333,0.0
1377931104,4,10399.998544,213.199970152,2.05,1.6703488E7,190141.6,0.0,12.4,4.666666666666667,0.0
1377931404,4,10399.998544,213.199970152,2.05,1.6703488E7,145402.4,0.0,12.666666666666666,4.666666666666667,0.0
1377931704,4,10399.998544,213.199970152,2.05,1.6703488E7,123032.8,0.0,12.4,4.6,0.0
1377932004,4,10399.998544,213.199970152,2.05,1.6703488E7,100663.2,0.0,12.466666666666667,4.6,0.0
1377932304,4,10399.998544,213.199970152,2.05,1.6703488E7,223696.0,0.0,12.600000000000001,4.6,0.0
1377932604,4,10399.998544,218.399969424,2.1,1.6703488E7,246065.6,0.0,13.733333333333334,4.666666666666667,0.06666666666666667
1377932904,4,10399.998544,235.73330033066665,2.2666666666666666,1.6703488E7,346728.8,0.0,18.733333333333334,4.666666666666667,0.0
1377933204,4,10399.998544,209.73330397066667,2.0166666666666666,1.6703488E7,548055.2,0.0,12.466666666666667,4.6,0.0
1377933504,4,10399.998544,213.199970152,2.05,1.6703488E7,167772.0,0.0,12.666666666666668,4.6,0.0
1377933804,4,10399.998544,213.199970152,2.05,1.6703488E7,201326.4,0.0,12.533333333333333,4.466666666666667,0.0
1377934104,4,10399.998544,213.199970152,2.05,1.6703488E7,201326.4,0.0,12.733333333333334,4.466666666666667,0.0
1377934404,4,10399.998544,213.199970152,2.05,1.6703488E7,357913.6,0.0,12.533333333333333,4.466666666666667,0.0
1377934704,4,10399.998544,213.199970152,2.05,1.6703488E7,369098.4,0.0,12.333333333333334,4.466666666666667,0.0
1377935004,4,10399.998544,213.199970152,2.05,1.6703488E7,156587.2,0.0,12.666666666666668,4.6,0.0
1377935304,4,10399.998544,213.199970152,2.05,1.6703488E7,167772.0,0.0,12.466666666666667,4.466666666666667,0.0
1377935604,4,10399.998544,209.73330397066667,2.0166666666666666,1.6703488E7,246065.6,0.0,12.6,4.533333333333333,0.0
1377935904,4,10399.998544,211.4666370613333,2.033333333333333,1.6703488E7,190141.6,0.0,12.733333333333334,4.533333333333333,0.0
1377936204,4,10399.998544,218.399969424,2.1,1.6703488E7,167772.0,0.0,13.2,4.733333333333333,0.06666666666666667
1377936504,4,10399.998544,233.99996724000002,2.25,1.6703488E7,290804.8,0.0,18.266666666666666,4.733333333333333,0.0
1377936804,4,10399.998544,213.199970152,2.05,1.6703488E7,447392.0,0.0,12.666666666666668,4.533333333333333,0.0
1377937104,4,10399.998544,213.199970152,2.05,1.6703488E7,123032.8,0.0,12.333333333333332,4.533333333333333,0.0
1377937404,4,10399.998544,213.199970152,2.05,1.6703488E7,111848.0,0.0,12.600000000000001,4.4,0.0
1377937704,4,10399.998544,213.199970152,2.05,1.6703488E7,67108.8,0.0,12.266666666666666,4.466666666666667,0.0
1377938004,4,10399.998544,211.4666370613333,2.033333333333333,1.6703488E7,212511.2,0.0,12.866666666666667,4.533333333333333,0.0
1377938304,4,10399.998544,209.73330397066667,2.0166666666666666,1.6703488E7,22369.6,0.0,12.8,4.6,0.0
1377938604,4,10399.998544,211.4666370613333,2.033333333333333,1.6703488E7,33554.4,0.0,12.866666666666667,4.4,0.0
1377938905,4,10399.998544,213.199970152,2.05,1.6703488E7,301989.6,0.0,12.666666666666668,4.466666666666667,0.0
1377939205,4,10399.998544,213.199970152,2.05,1.6703488E7,201326.4,0.0,12.399999999999999,4.466666666666667,0.0
1377939505,4,10399.998544,213.199970152,2.05,1.6703488E7,223696.0,0.0,12.733333333333334,4.533333333333333,0.0
1377939805,4,10399.998544,213.199970152,2.05,1.6703488E7,100663.2,0.0,13.4,4.733333333333333,0.0
1377940105,4,10399.998544,235.73330033066665,2.2666666666666666,1.6703488E7,167772.0,0.0,18.266666666666666,4.6,0.0
1377940405,4,10399.998544,213.199970152,2.05,1.6703488E7,201326.4,0.0,12.600000000000001,4.6,0.0
1377940705,4,10399.998544,209.73330397066667,2.0166666666666666,1.6703488E7,167772.0,0.0,12.533333333333333,4.666666666666667,0.0
1377941005,4,10399.998544,209.73330397066667,2.0166666666666666,1.6703488E7,134217.6,0.0,12.533333333333335,4.733333333333333,0.0
1377941305,4,10399.998544,211.4666370613333,2.033333333333333,1.6703488E7,67108.8,0.0,12.466666666666667,4.733333333333333,0.0
1377941605,4,10399.998544,213.199970152,2.05,1.6703488E7,100663.2,0.0,13.0,4.666666666666667,0.0
1377941905,4,10399.998544,211.4666370613333,2.033333333333333,1.6703488E7,67108.8,0.0,12.733333333333334,4.666666666666667,0.0
1377942205,4,10399.998544,213.199970152,2.05,1.6703488E7,167772.0,0.0,12.666666666666668,4.666666666666667,0.0
1377942505,4,10399.998544,213.199970152,2.05,1.6703488E7,67108.8,0.0,12.466666666666667,4.8,0.0
1377942805,4,10399.998544,213.199970152,2.05,1.6703488E7,201326.4,0.0,12.733333333333334,4.6,0.0
1377943105,4,10399.998544,213.199970152,2.05,1.6703488E7,156587.2,0.0,12.533333333333333,4.666666666666667,0.0
1377943405,4,10399.998544,218.399969424,2.1,1.6703488E7,167772.0,0.0,13.666666666666666,4.733333333333333,0.06666666666666667
1377943705,4,10399.998544,235.73330033066665,2.2666666666666666,1.6703488E7,190141.6,0.0,18.733333333333334,4.733333333333333,0.06666666666666667
1377944005,4,10399.998544,211.4666370613333,2.033333333333333,1.6703488E7,313174.4,0.0,12.600000000000001,4.533333333333333,0.0
1377944305,4,10399.998544,211.4666370613333,2.033333333333333,1.6703488E7,167772.0,0.0,12.533333333333333,4.666666666666667,0.0
1377944605,4,10399.998544,213.199970152,2.05,1.6703488E7,67108.8,0.0,12.399999999999999,4.6,0.0
1377944905,4,10399.998544,213.199970152,2.05,1.6703488E7,279620.0,0.0,12.6,4.533333333333333,0.0
1377945205,4,10399.998544,214.93330324266663,2.0666666666666664,1.6703488E7,246065.6,0.0,12.666666666666668,4.533333333333333,0.0
1377945505,4,10399.998544,213.199970152,2.05,1.6703488E7,134217.6,0.0,12.8,4.6,0.0
1377945805,4,10399.998544,213.199970152,2.05,1.6703488E7,145402.4,0.0,12.666666666666668,4.533333333333333,0.0
1377946105,4,10399.998544,213.199970152,2.05,1.6703488E7,134217.6,0.0,12.533333333333333,4.6,0.0
1377946405,4,10399.998544,213.199970152,2.05,1.6703488E7,111848.0,0.0,12.733333333333334,4.533333333333333,0.0
1377946706,4,10399.998544,209.73330397066667,2.0166666666666666,1.6703488E7,134217.6,0.0,12.066666666666666,4.6,0.0
1377947006,4,10399.998544,214.93330324266663,2.0666666666666664,1.6703488E7,33554.4,0.0,13.6,4.6,0.06666666666666667
1377947306,4,10399.998544,227.06663487733334,2.1833333333333336,1.6703488E7,145402.4,0.0,17.46666666666667,4.6,0.0
1377947606,4,10399.998544,216.66663633333334,2.0833333333333335,1.6703488E7,369098.4,0.0,13.466666666666665,4.466666666666667,0.0
1377947906,4,10399.998544,213.199970152,2.05,1.6703488E7,190141.6,0.0,12.8,4.533333333333333,0.0
1377948206,4,10399.998544,213.199970152,2.05,1.6703488E7,167772.0,0.0,12.266666666666666,4.533333333333333,0.0
1377948506,4,10399.998544,213.199970152,2.05,1.6703488E7,234880.8,0.0,12.6,4.6,0.0
1377948805,4,10399.998544,213.199970152,2.05,1.6703488E7,145402.4,0.0,13.133333333333333,4.533333333333333,0.0
1377949105,4,10399.998544,213.199970152,2.05,1.6703488E7,22369.6,0.0,12.533333333333333,4.533333333333333,0.0
1377949405,4,10399.998544,213.199970152,2.05,1.6703488E7,111848.0,0.0,12.866666666666667,4.6,0.0
1377949705,4,10399.998544,209.73330397066667,2.0166666666666666,1.6703488E7,100663.2,0.0,12.466666666666667,4.666666666666667,0.0
1377950005,4,10399.998544,211.4666370613333,2.033333333333333,1.6703488E7,167772.0,0.0,12.4,4.533333333333333,0.0
1377950305,4,10399.998544,213.199970152,2.05,1.6703488E7,123032.8,0.0,12.8,4.533333333333333,0.0
1377950605,4,10399.998544,218.399969424,2.1,1.6703488E7,156587.2,0.0,13.533333333333333,4.733333333333333,0.0
1377950905,4,10399.998544,237.4666334213333,2.283333333333333,1.6703488E7,167772.0,0.0,18.266666666666666,4.6,0.0
1377951205,4,10399.998544,213.199970152,2.05,1.6703488E7,246065.6,0.0,12.466666666666667,4.6,0.0
1377951505,4,10399.998544,213.199970152,2.05,1.6703488E7,156587.2,0.0,12.4,4.733333333333333,0.0
1377951805,4,10399.998544,213.199970152,2.05,1.6703488E7,67108.8,0.0,12.533333333333333,4.666666666666667,0.0
1377952105,4,10399.998544,209.73330397066667,2.0166666666666666,1.6703488E7,257250.4,0.0,12.266666666666666,4.666666666666667,0.0
1377952405,4,10399.998544,211.4666370613333,2.033333333333333,1.6703488E7,22369.6,0.0,12.933333333333334,4.533333333333333,0.0
1377952705,4,10399.998544,213.199970152,2.05,1.6703488E7,212511.2,0.0,12.333333333333332,4.733333333333333,0.0
1377953005,4,10399.998544,220.1333025146667,2.1166666666666667,1.6703488E7,246065.6,0.0,12.733333333333334,4.6,0.0
1377953306,4,10399.998544,221.86663560533333,2.1333333333333333,1.6703488E7,111848.0,0.0,12.666666666666668,4.666666666666667,0.0
1377953606,4,10399.998544,213.199970152,2.05,1.6703488E7,212511.2,0.0,12.333333333333332,4.733333333333333,0.0
1377953906,4,10399.998544,213.199970152,2.05,1.6703488E7,246065.6,0.0,12.666666666666668,4.6,0.0
1377954206,4,10399.998544,216.66663633333334,2.0833333333333335,1.6703488E7,167772.0,0.0,13.533333333333333,4.6,0.06666666666666667
1377954506,4,10399.998544,240.93329960266664,2.3166666666666664,1.6703488E7,33554.4,0.0,18.866666666666667,4.666666666666667,0.06666666666666667
1377954806,4,10399.998544,213.199970152,2.05,1.6703488E7,223696.0,0.0,12.466666666666667,4.6,0.0
1377955106,4,10399.998544,209.73330397066667,2.0166666666666666,1.6703488E7,156587.2,0.0,12.266666666666666,4.466666666666667,0.0
1377955406,4,10399.998544,211.4666370613333,2.033333333333333,1.6703488E7,100663.2,0.0,12.533333333333333,4.466666666666667,0.0
1377955706,4,10399.998544,213.199970152,2.05,1.6703488E7,313174.4,0.0,12.466666666666667,4.466666666666667,0.06666666666666667
1377956006,4,10399.998544,213.199970152,2.05,1.6703488E7,190141.6,0.0,13.0,4.533333333333333,0.0
1377956306,4,10399.998544,211.4666370613333,2.033333333333333,1.6703488E7,167772.0,0.0,12.866666666666667,4.6,0.06666666666666667
1377956606,4,10399.998544,213.199970152,2.05,1.6703488E7,55924.0,0.0,12.733333333333334,4.6,0.06666666666666667
1377956906,4,10399.998544,213.199970152,2.05,1.6703488E7,44739.2,0.0,12.4,4.666666666666667,0.0
1377957206,4,10399.998544,213.199970152,2.05,1.6703488E7,55924.0,0.0,12.533333333333335,4.733333333333333,0.06666666666666667
1377957506,4,10399.998544,213.199970152,2.05,1.6703488E7,0.0,0.0,12.733333333333334,4.6,0.0
1377957806,4,10399.998544,211.4666370613333,2.033333333333333,1.6703488E7,33554.4,0.0,13.266666666666666,4.8,0.13333333333333333
1377958106,4,10399.998544,235.73330033066665,2.2666666666666666,1.6703488E7,100663.2,0.0,18.066666666666666,4.733333333333333,0.06666666666666667
1377958406,4,10399.998544,213.199970152,2.05,1.6703488E7,313174.4,0.0,12.466666666666667,4.533333333333333,0.06666666666666667
1377958706,4,10399.998544,213.199970152,2.05,1.6703488E7,178956.8,0.0,12.533333333333333,4.666666666666667,0.0
1377959006,4,10399.998544,213.199970152,2.05,1.6703488E7,234880.8,0.0,12.600000000000001,4.6,0.0
1377959306,4,10399.998544,213.199970152,2.05,1.6703488E7,212511.2,0.0,12.266666666666666,4.466666666666667,0.06666666666666667
1377959606,4,10399.998544,213.199970152,2.05,1.6703488E7,111848.0,0.0,13.066666666666666,4.533333333333333,0.0
1377959906,4,10399.998544,213.199970152,2.05,1.6703488E7,67108.8,0.0,12.666666666666666,4.6,0.0
1377960206,4,10399.998544,213.199970152,2.05,1.6703488E7,100663.2,0.0,12.666666666666668,4.533333333333333,0.06666666666666667
1377960506,4,10399.998544,213.199970152,2.05,1.6703488E7,257250.4,0.0,12.8,4.533333333333333,0.0
1377960806,4,10399.998544,209.73330397066667,2.0166666666666666,1.6703488E7,257250.4,0.0,12.4,4.6,0.0
1377961106,4,10399.998544,211.4666370613333,2.033333333333333,1.6703488E7,123032.8,0.0,12.533333333333333,4.6,0.06666666666666667
1377961406,4,10399.998544,218.399969424,2.1,1.6703488E7,55924.0,0.0,13.666666666666668,4.666666666666667,0.06666666666666667
1377961706,4,10399.998544,233.99996724000002,2.25,1.6703488E7,324359.2,0.0,18.333333333333332,4.733333333333333,0.06666666666666667
1377962006,4,10399.998544,213.199970152,2.05,1.6703488E7,425022.4,0.0,12.666666666666668,4.6,0.0
1377962307,4,10399.998544,213.199970152,2.05,1.6703488E7,335544.0,0.0,12.399999999999999,4.733333333333333,0.0
1377962607,4,10399.998544,213.199970152,2.05,1.6703488E7,156587.2,0.0,12.6,4.533333333333333,0.06666666666666667
1377962907,4,10399.998544,213.199970152,2.05,1.6703488E7,234880.8,0.0,12.666666666666668,4.6,0.0
1377963207,4,10399.998544,209.73330397066667,2.0166666666666666,1.6703488E7,346728.8,0.0,13.0,4.733333333333333,0.0
1377963507,4,10399.998544,211.4666370613333,2.033333333333333,1.6703488E7,33554.4,0.0,12.666666666666666,4.6,0.06666666666666667
1377963807,4,10399.998544,213.199970152,2.05,1.6703488E7,145402.4,0.0,12.4,4.6,0.0
1377964107,4,10399.998544,213.199970152,2.05,1.6703488E7,212511.2,0.0,12.4,4.6,0.06666666666666667
1377964407,4,10399.998544,213.199970152,2.05,1.6703488E7,190141.6,0.0,12.6,4.6,0.0
1377964707,4,10399.998544,213.199970152,2.05,1.6703488E7,100663.2,0.0,12.333333333333332,4.533333333333333,0.06666666666666667
1377965007,4,10399.998544,233.99996724000002,2.25,1.6703488E7,111848.0,0.0,18.466666666666665,4.666666666666667,0.3333333333333333
1377965307,4,10399.998544,239.199966512,2.3,1.6703488E7,246065.6,0.0,18.266666666666666,4.6,0.0
1377965607,4,10399.998544,211.4666370613333,2.033333333333333,1.6703488E7,536870.4,0.0,12.533333333333333,4.466666666666667,0.0
1377965907,4,10399.998544,209.73330397066667,2.0166666666666666,1.6703488E7,234880.8,0.0,12.266666666666666,4.666666666666667,0.0
1377966207,4,10399.998544,213.199970152,2.05,1.6703488E7,167772.0,0.0,12.6,4.533333333333333,0.06666666666666667
1377966507,4,10399.998544,213.199970152,2.05,1.6703488E7,33554.4,0.0,12.666666666666668,4.6,0.0
1377966807,4,10399.998544,213.199970152,2.05,1.6703488E7,0.0,0.0,12.533333333333333,4.666666666666667,0.0
1377967107,4,10399.998544,214.93330324266663,2.0666666666666664,1.6703488E7,178956.8,0.0,12.733333333333334,4.666666666666667,0.06666666666666667
1377967407,4,10399.998544,213.199970152,2.05,1.6703488E7,167772.0,0.0,12.8,4.6,0.0
1377967707,4,10399.998544,213.199970152,2.05,1.6703488E7,134217.6,0.0,12.666666666666668,4.533333333333333,0.0
1377968007,4,10399.998544,213.199970152,2.05,1.6703488E7,246065.6,0.0,12.533333333333335,4.6,0.0
1377968307,4,10399.998544,207.99997088,2.0,1.6703488E7,234880.8,0.0,12.266666666666666,4.6,0.0
1377968607,4,10399.998544,209.73330397066667,2.0166666666666666,1.6703488E7,167772.0,0.0,13.666666666666668,4.666666666666667,0.13333333333333333
1377968907,4,10399.998544,233.99996724000002,2.25,1.6703488E7,212511.2,0.0,18.4,4.6,0.0
1377969207,4,10399.998544,216.66663633333334,2.0833333333333335,1.6703488E7,190141.6,0.0,12.8,4.533333333333333,0.0
1377969507,4,10399.998544,213.199970152,2.05,1.6703488E7,178956.8,0.0,12.399999999999999,4.6,0.0
1377969807,4,10399.998544,211.4666370613333,2.033333333333333,1.6703488E7,156587.2,0.0,12.333333333333332,4.533333333333333,0.0
1377970107,4,10399.998544,213.199970152,2.05,1.6703488E7,167772.0,0.0,12.466666666666667,4.6,0.0
1377970407,4,10399.998544,213.199970152,2.05,1.6703488E7,0.0,0.0,12.733333333333334,4.533333333333333,0.0
1377970707,4,10399.998544,213.199970152,2.05,1.6703488E7,123032.8,0.0,12.533333333333333,4.733333333333333,0.0
1377971007,4,10399.998544,213.199970152,2.05,1.6703488E7,212511.2,0.0,12.6,4.666666666666667,0.0
1377971307,4,10399.998544,207.99997088,2.0,1.6703488E7,257250.4,0.0,12.0,4.666666666666667,0.0
1377971607,4,10399.998544,211.4666370613333,2.033333333333333,1.6703488E7,313174.4,0.0,12.6,4.6,0.0
1377971907,4,10399.998544,213.199970152,2.05,1.6703488E7,335544.0,0.0,12.2,4.533333333333333,0.0
1377972207,4,10399.998544,216.66663633333334,2.0833333333333335,1.6703488E7,234880.8,0.0,13.733333333333334,4.666666666666667,0.0
1377972507,4,10399.998544,237.4666334213333,2.283333333333333,1.6703488E7,268435.2,0.0,18.0,4.733333333333333,0.0
1377972807,4,10399.998544,230.5333010586667,2.216666666666667,1.6703488E7,469761.6,0.0,12.533333333333333,4.533333333333333,0.0
1377973107,4,10399.998544,220.1333025146667,2.1166666666666667,1.6703488E7,257250.4,0.0,12.4,4.6,0.06666666666666667
1377973407,4,10399.998544,213.199970152,2.05,1.6703488E7,212511.2,0.0,12.399999999999999,4.533333333333333,0.0
1377973707,4,10399.998544,227.06663487733334,2.1833333333333336,1.6703488E7,178956.8,0.0,12.666666666666668,4.6,0.0
1377974008,4,10399.998544,211.4666370613333,2.033333333333333,1.6703488E7,301989.6,0.0,12.666666666666668,4.533333333333333,0.0
1377974308,4,10399.998544,213.199970152,2.05,1.6703488E7,201326.4,0.0,13.066666666666666,4.666666666666667,0.0
1377974608,4,10399.998544,213.199970152,2.05,1.6703488E7,178956.8,0.0,12.399999999999999,4.6,0.0
1377974908,4,10399.998544,213.199970152,2.05,1.6703488E7,111848.0,0.0,12.4,4.6,0.0
1377975208,4,10399.998544,213.199970152,2.05,1.6703488E7,111848.0,0.0,12.666666666666666,4.533333333333333,0.0
1377975508,4,10399.998544,213.199970152,2.05,1.6703488E7,167772.0,0.0,12.4,4.533333333333333,0.0
1377975808,4,10399.998544,216.66663633333334,2.0833333333333335,1.6703488E7,167772.0,0.0,13.666666666666668,4.533333333333333,0.06666666666666667
1377976108,4,10399.998544,223.599968696,2.15,1.6703488E7,246065.6,0.0,18.333333333333336,4.6,0.0
1377976408,4,10399.998544,214.93330324266663,2.0666666666666664,1.6703488E7,592794.4,0.0,13.133333333333333,4.466666666666667,0.0
1377976708,4,10399.998544,213.199970152,2.05,1.6703488E7,167772.0,0.0,12.600000000000001,4.466666666666667,0.0
1377977008,4,10399.998544,213.199970152,2.05,1.6703488E7,257250.4,0.0,12.533333333333335,4.466666666666667,0.0
1377977308,4,10399.998544,213.199970152,2.05,1.6703488E7,190141.6,0.0,12.533333333333333,4.533333333333333,0.0
1377977608,4,10399.998544,213.199970152,2.05,1.6703488E7,167772.0,0.0,12.133333333333333,4.4,0.0
1377977908,4,10399.998544,213.199970152,2.05,1.6703488E7,178956.8,0.0,12.733333333333334,4.466666666666667,0.0
1377978208,4,10399.998544,213.199970152,2.05,1.6703488E7,167772.0,0.0,12.399999999999999,4.533333333333333,0.0
1377978508,4,10399.998544,209.73330397066667,2.0166666666666666,1.6703488E7,11184.8,0.0,12.066666666666666,4.6,0.0
1377978808,4,10399.998544,209.73330397066667,2.0166666666666666,1.6703488E7,22369.6,0.0,12.4,4.533333333333333,0.0
1377979108,4,10399.998544,213.199970152,2.05,1.6703488E7,234880.8,0.0,12.4,4.533333333333333,0.0
1377979408,4,10399.998544,213.199970152,2.05,1.6703488E7,55924.0,0.0,13.533333333333335,4.466666666666667,0.06666666666666667
1377979708,4,10399.998544,239.199966512,2.3,1.6703488E7,156587.2,0.0,17.866666666666667,4.6,0.0
1377980008,4,10399.998544,213.199970152,2.05,1.6703488E7,391468.0,0.0,12.8,4.466666666666667,0.0
1377980308,4,10399.998544,213.199970152,2.05,1.6703488E7,223696.0,0.0,12.0,4.6,0.0
1377980608,4,10399.998544,213.199970152,2.05,1.6703488E7,178956.8,0.0,12.666666666666666,4.466666666666667,0.0
1377980908,4,10399.998544,213.199970152,2.05,1.6703488E7,167772.0,0.0,12.266666666666667,4.466666666666667,0.0
1377981208,4,10399.998544,228.79996796800003,2.2,1.6703488E7,212511.2,0.0,12.8,4.533333333333333,0.0
1377981508,4,10399.998544,209.73330397066667,2.0166666666666666,1.6703488E7,369098.4,0.0,12.666666666666668,4.6,0.0
1377981808,4,10399.998544,213.199970152,2.05,1.6703488E7,100663.2,0.0,12.399999999999999,4.6,0.0
1377982108,4,10399.998544,213.199970152,2.05,1.6703488E7,246065.6,0.0,12.866666666666667,4.533333333333333,0.0
1377982408,4,10399.998544,213.199970152,2.05,1.6703488E7,134217.6,0.0,12.333333333333332,4.533333333333333,0.0
1377982708,4,10399.998544,213.199970152,2.05,1.6703488E7,134217.6,0.0,12.399999999999999,4.533333333333333,0.0
1377983008,4,10399.998544,216.66663633333334,2.0833333333333335,1.6703488E7,234880.8,0.0,13.666666666666668,4.666666666666667,0.06666666666666667
1377983308,4,10399.998544,242.66663269333333,2.3333333333333335,1.6703488E7,413837.6,0.0,77.06666666666666,19.6,0.26666666666666666
1377983608,4,10399.998544,211.4666370613333,2.033333333333333,1.6703488E7,369098.4,0.0,12.666666666666668,4.6,0.0
1377983908,4,10399.998544,209.73330397066667,2.0166666666666666,1.6703488E7,44739.2,0.0,12.333333333333332,4.533333333333333,0.0
1377984208,4,10399.998544,209.73330397066667,2.0166666666666666,1.6703488E7,190141.6,0.0,12.733333333333334,4.533333333333333,0.0
1377984508,4,10399.998544,211.4666370613333,2.033333333333333,1.6703488E7,279620.0,0.0,12.333333333333332,4.466666666666667,0.0
1377984808,4,10399.998544,213.199970152,2.05,1.6703488E7,134217.6,0.0,12.733333333333334,4.533333333333333,0.0
1377985108,4,10399.998544,213.199970152,2.05,1.6703488E7,167772.0,0.0,12.4,4.466666666666667,0.0
1377985408,4,10399.998544,211.4666370613333,2.033333333333333,1.6703488E7,167772.0,0.0,12.533333333333333,4.533333333333333,0.0
1377985708,4,10399.998544,213.199970152,2.05,1.6703488E7,111848.0,0.0,12.066666666666666,4.533333333333333,0.0
1377986008,4,10399.998544,213.199970152,2.05,1.6703488E7,89478.4,0.0,13.600000000000001,4.533333333333333,0.0
1377986308,4,10399.998544,213.199970152,2.05,1.6703488E7,212511.2,0.0,12.4,4.6,0.06666666666666667
1377986608,4,10399.998544,220.1333025146667,2.1166666666666667,1.6703488E7,111848.0,0.0,13.4,4.8,0.06666666666666667
1377986908,4,10399.998544,237.4666334213333,2.283333333333333,1.6703488E7,313174.4,0.0,18.866666666666667,4.733333333333333,0.0
1377987208,4,10399.998544,211.4666370613333,2.033333333333333,1.6703488E7,380283.2,0.0,12.2,4.4,0.0
1377987508,4,10399.998544,209.73330397066667,2.0166666666666666,1.6703488E7,223696.0,0.0,12.600000000000001,4.6,0.0
1377987808,4,10399.998544,213.199970152,2.05,1.6703488E7,145402.4,0.0,12.266666666666666,4.6,0.0
1377988108,4,10399.998544,213.199970152,2.05,1.6703488E7,223696.0,0.0,12.6,4.533333333333333,0.0
1377988408,4,10399.998544,213.199970152,2.05,1.6703488E7,268435.2,0.0,13.333333333333332,4.6,0.0
1377988708,4,10399.998544,213.199970152,2.05,1.6703488E7,145402.4,0.0,12.466666666666667,4.6,0.0
1377989008,4,10399.998544,289.46662614133334,2.783333333333333,1.6703488E7,458576.8,0.0,41.53333333333334,6.133333333333334,2.6666666666666665
1377989309,4,10399.998544,209.73330397066667,2.0166666666666666,1.6703488E7,335544.0,0.0,13.466666666666667,4.666666666666667,0.0
1377989609,4,10399.998544,213.199970152,2.05,1.6703488E7,402652.8,0.0,12.666666666666668,4.533333333333333,0.0
1377989909,4,10399.998544,211.4666370613333,2.033333333333333,1.6703488E7,290804.8,0.0,12.466666666666667,4.466666666666667,0.0
1377990209,4,10399.998544,209.73330397066667,2.0166666666666666,1.6703488E7,234880.8,0.0,13.666666666666666,4.533333333333333,0.06666666666666667
1377990509,4,10399.998544,239.199966512,2.3,1.6703488E7,201326.4,0.0,18.200000000000003,4.6,0.0
1377990809,4,10399.998544,213.199970152,2.05,1.6703488E7,436207.2,0.0,12.733333333333334,4.533333333333333,0.0
1377991109,4,10399.998544,213.199970152,2.05,1.6703488E7,167772.0,0.0,12.600000000000001,4.6,0.0
1377991409,4,10399.998544,213.199970152,2.05,1.6703488E7,167772.0,0.0,12.733333333333334,4.466666666666667,0.0
1377991709,4,10399.998544,213.199970152,2.05,1.6703488E7,268435.2,0.0,12.399999999999999,4.533333333333333,0.0
1377992009,4,10399.998544,213.199970152,2.05,1.6703488E7,33554.4,0.0,13.0,4.6,0.0
1377992309,4,10399.998544,211.4666370613333,2.033333333333333,1.6703488E7,100663.2,0.0,12.8,4.466666666666667,0.0
1377992609,4,10399.998544,211.4666370613333,2.033333333333333,1.6703488E7,167772.0,0.0,12.600000000000001,4.466666666666667,0.0
1377992909,4,10399.998544,213.199970152,2.05,1.6703488E7,67108.8,0.0,12.466666666666667,4.466666666666667,0.06666666666666667
1377993209,4,10399.998544,213.199970152,2.05,1.6703488E7,111848.0,0.0,12.466666666666667,4.533333333333333,0.0
1377993509,4,10399.998544,213.199970152,2.05,1.6703488E7,167772.0,0.0,12.533333333333333,4.6,0.0
1377993809,4,10399.998544,216.66663633333334,2.0833333333333335,1.6703488E7,268435.2,0.0,13.533333333333333,4.666666666666667,0.06666666666666667
1377994109,4,10399.998544,233.99996724000002,2.25,1.6703488E7,268435.2,0.0,18.46666666666667,4.6,0.0
1377994409,4,10399.998544,213.199970152,2.05,1.6703488E7,402652.8,0.0,12.600000000000001,4.533333333333333,0.0
1377994709,4,10399.998544,213.199970152,2.05,1.6703488E7,67108.8,0.0,12.399999999999999,4.6,0.0
1377995009,4,10399.998544,213.199970152,2.05,1.6703488E7,167772.0,0.0,12.666666666666666,4.666666666666667,0.0
1377995309,4,10399.998544,209.73330397066667,2.0166666666666666,1.6703488E7,246065.6,0.0,12.133333333333333,4.533333333333333,0.0
1377995609,4,10399.998544,211.4666370613333,2.033333333333333,1.6703488E7,167772.0,0.0,13.133333333333333,4.6,0.0
1377995909,4,10399.998544,213.199970152,2.05,1.6703488E7,167772.0,0.0,12.466666666666667,4.666666666666667,0.0
1377996209,4,10399.998544,211.4666370613333,2.033333333333333,1.6703488E7,201326.4,0.0,12.6,4.533333333333333,0.0
1377996509,4,10399.998544,213.199970152,2.05,1.6703488E7,100663.2,0.0,12.333333333333332,4.6,0.0
1377996809,4,10399.998544,213.199970152,2.05,1.6703488E7,167772.0,0.0,12.4,4.6,0.0
1377997109,4,10399.998544,213.199970152,2.05,1.6703488E7,167772.0,0.0,12.600000000000001,4.666666666666667,0.06666666666666667
1377997409,4,10399.998544,216.66663633333334,2.0833333333333335,1.6703488E7,201326.4,0.0,14.200000000000001,4.733333333333333,0.06666666666666667
1377997709,4,10399.998544,235.73330033066665,2.2666666666666666,1.6703488E7,212511.2,0.0,18.866666666666667,4.733333333333333,0.06666666666666667
1377998009,4,10399.998544,213.199970152,2.05,1.6703488E7,257250.4,0.0,12.533333333333335,4.666666666666667,0.0
1377998310,4,10399.998544,207.99997088,2.0,1.6703488E7,78293.6,0.0,12.533333333333333,4.666666666666667,0.0
1377998610,4,10399.998544,213.199970152,2.05,1.6703488E7,190141.6,0.0,12.6,4.666666666666667,0.0
1377998910,4,10399.998544,213.199970152,2.05,1.6703488E7,212511.2,0.0,12.333333333333332,4.666666666666667,0.0
1377999210,4,10399.998544,213.199970152,2.05,1.6703488E7,156587.2,0.0,13.266666666666666,4.666666666666667,0.0
1377999510,4,10399.998544,232.26663414933333,2.2333333333333334,1.6703488E7,167772.0,0.0,24.53333333333333,4.866666666666666,0.6666666666666666
1377999810,4,10399.998544,213.199970152,2.05,1.6703488E7,156587.2,0.0,12.533333333333333,4.6,0.0
1378000110,4,10399.998544,213.199970152,2.05,1.6703488E7,257250.4,0.0,12.4,4.533333333333333,0.0
1378000410,4,10399.998544,213.199970152,2.05,1.6703488E7,44739.2,0.0,12.466666666666667,4.466666666666667,0.0
1378000710,4,10399.998544,213.199970152,2.05,1.6703488E7,167772.0,0.0,12.733333333333334,4.6,0.0
1378001010,4,10399.998544,391.7332784906667,3.766666666666667,1.6703488E7,257250.4,0.0,15.733333333333334,6.2,0.8
1378001310,4,10399.998544,270.399962144,2.6,1.6703488E7,335544.0,0.0,33.6,11.6,12.6
1378001610,4,10399.998544,209.73330397066667,2.0166666666666666,1.6703488E7,223696.0,0.0,12.333333333333332,4.466666666666667,0.0
1378001910,4,10399.998544,213.199970152,2.05,1.6703488E7,55924.0,0.0,12.6,4.666666666666667,0.0
1378002210,4,10399.998544,554.6665890133335,5.333333333333334,1.6703488E7,111848.0,0.0,20.266666666666666,4.466666666666667,0.0
1378002510,4,10399.998544,213.199970152,2.05,1.6703488E7,257250.4,0.0,12.333333333333334,4.533333333333333,0.0
1378002810,4,10399.998544,211.4666370613333,2.033333333333333,1.6703488E7,201326.4,0.0,13.133333333333333,4.533333333333333,0.0
1378003110,4,10399.998544,213.199970152,2.05,1.6703488E7,167772.0,0.0,12.466666666666667,4.666666666666667,0.0
1378003410,4,10399.998544,218.399969424,2.1,1.6703488E7,167772.0,2.3333333333333335,74.13333333333333,69.93333333333334,1.8
1378003710,4,10399.998544,410.799942488,3.95,1.6703488E7,727012.0,0.0,493.3333333333333,52.2,9.2
1378004010,4,10399.998544,211.4666370613333,2.033333333333333,1.6703488E7,279620.0,0.0,13.8,4.466666666666667,0.0
1378004310,4,10399.998544,209.73330397066667,2.0166666666666666,1.6703488E7,178956.8,0.0,12.466666666666667,4.6,0.0
1378004610,4,10399.998544,218.399969424,2.1,1.6703488E7,212511.2,0.0,13.466666666666667,4.733333333333333,0.06666666666666667
1378004910,4,10399.998544,237.4666334213333,2.283333333333333,1.6703488E7,357913.6,0.0,18.333333333333336,4.733333333333333,0.0
1378005210,4,10399.998544,213.199970152,2.05,1.6703488E7,458576.8,0.0,12.4,4.666666666666667,0.0
1378005510,4,10399.998544,213.199970152,2.05,1.6703488E7,246065.6,0.0,12.466666666666667,4.666666666666667,0.0
1378005810,4,10399.998544,213.199970152,2.05,1.6703488E7,223696.0,0.0,12.733333333333334,4.6,0.0
1378006110,4,10399.998544,213.199970152,2.05,1.6703488E7,89478.4,0.0,12.466666666666667,4.666666666666667,0.0
1378006410,4,10399.998544,213.199970152,2.05,1.6703488E7,212511.2,0.0,12.6,4.6,0.0
1378006711,4,10399.998544,213.199970152,2.05,1.6703488E7,335544.0,0.0,12.466666666666667,4.6,0.0
1378007011,4,10399.998544,213.199970152,2.05,1.6703488E7,190141.6,0.0,12.733333333333334,4.6,0.0
1378007311,4,10399.998544,207.99997088,2.0,1.6703488E7,134217.6,0.0,12.666666666666668,4.533333333333333,0.0
1378007611,4,10399.998544,213.199970152,2.05,1.6703488E7,201326.4,0.0,12.866666666666667,4.6,0.0
1378007911,4,10399.998544,213.199970152,2.05,1.6703488E7,201326.4,0.0,12.666666666666668,4.666666666666667,0.0
1378008211,4,10399.998544,218.399969424,2.1,1.6703488E7,201326.4,0.0,13.466666666666667,4.6,0.0
1378008511,4,10399.998544,232.26663414933333,2.2333333333333334,1.6703488E7,190141.6,0.0,18.0,4.8,0.06666666666666667
1378008811,4,10399.998544,214.93330324266663,2.0666666666666664,1.6703488E7,425022.4,0.0,13.399999999999999,4.6,0.0
1378009111,4,10399.998544,213.199970152,2.05,1.6703488E7,279620.0,0.0,12.533333333333333,4.533333333333333,0.0
1378009411,4,10399.998544,213.199970152,2.05,1.6703488E7,178956.8,0.0,12.333333333333334,4.533333333333333,0.0
1378009711,4,10399.998544,213.199970152,2.05,1.6703488E7,33554.4,0.0,12.333333333333334,4.666666666666667,0.0
1378010011,4,10399.998544,211.4666370613333,2.033333333333333,1.6703488E7,212511.2,0.0,13.2,4.6,0.0
1378010311,4,10399.998544,211.4666370613333,2.033333333333333,1.6703488E7,257250.4,0.0,12.466666666666667,4.666666666666667,0.0
1378010611,4,10399.998544,209.73330397066667,2.0166666666666666,1.6703488E7,290804.8,0.0,12.133333333333333,4.533333333333333,0.0
1378010911,4,10399.998544,213.199970152,2.05,1.6703488E7,268435.2,0.0,12.2,4.533333333333333,0.0
1378011211,4,10399.998544,213.199970152,2.05,1.6703488E7,324359.2,0.0,12.600000000000001,4.666666666666667,0.0
1378011511,4,10399.998544,213.199970152,2.05,1.6703488E7,346728.8,0.0,12.533333333333333,4.6,0.0
1378011811,4,10399.998544,213.199970152,2.05,1.6703488E7,301989.6,0.0,13.333333333333332,4.6,0.06666666666666667
1378012111,4,10399.998544,232.26663414933333,2.2333333333333334,1.6703488E7,268435.2,0.0,18.200000000000003,4.666666666666667,0.0
1378012411,4,10399.998544,214.93330324266663,2.0666666666666664,1.6703488E7,402652.8,0.0,12.4,4.466666666666667,0.0
1378012711,4,10399.998544,209.73330397066667,2.0166666666666666,1.6703488E7,201326.4,0.0,12.266666666666666,4.533333333333333,0.0
1378013011,4,10399.998544,211.4666370613333,2.033333333333333,1.6703488E7,100663.2,0.0,12.600000000000001,4.466666666666667,0.0
1378013311,4,10399.998544,213.199970152,2.05,1.6703488E7,223696.0,0.0,12.466666666666667,4.6,0.0
1378013611,4,10399.998544,213.199970152,2.05,1.6703488E7,201326.4,0.0,13.133333333333333,4.533333333333333,0.0
1378013912,4,10399.998544,213.199970152,2.05,1.6703488E7,167772.0,0.0,12.466666666666667,4.533333333333333,0.0
1378014211,4,10399.998544,213.199970152,2.05,1.6703488E7,33554.4,0.0,12.666666666666666,4.533333333333333,0.0
1378014511,4,10399.998544,211.4666370613333,2.033333333333333,1.6703488E7,324359.2,0.0,12.6,4.533333333333333,0.0
1378014811,4,10399.998544,213.199970152,2.05,1.6703488E7,301989.6,0.0,12.4,4.6,0.0
1378015111,4,10399.998544,211.4666370613333,2.033333333333333,1.6703488E7,167772.0,0.0,12.266666666666666,4.466666666666667,0.0
1378015411,4,10399.998544,216.66663633333334,2.0833333333333335,1.6703488E7,201326.4,0.0,13.733333333333334,4.533333333333333,0.0
1378015711,4,10399.998544,239.199966512,2.3,1.6703488E7,268435.2,0.0,18.266666666666666,4.6,0.0
1378016011,4,10399.998544,209.73330397066667,2.0166666666666666,1.6703488E7,536870.4,0.0,12.533333333333333,4.533333333333333,0.0
1378016311,4,10399.998544,213.199970152,2.05,1.6703488E7,268435.2,0.0,12.266666666666666,4.6,0.0
1378016611,4,10399.998544,213.199970152,2.05,1.6703488E7,67108.8,0.0,12.399999999999999,4.666666666666667,0.0
1378016911,4,10399.998544,211.4666370613333,2.033333333333333,1.6703488E7,0.0,0.0,12.2,4.666666666666667,0.0
1378017211,4,10399.998544,213.199970152,2.05,1.6703488E7,100663.2,0.0,12.8,4.4,0.0
1378017511,4,10399.998544,209.73330397066667,2.0166666666666666,1.6703488E7,201326.4,0.0,12.4,4.466666666666667,0.0
1378017811,4,10399.998544,209.73330397066667,2.0166666666666666,1.6703488E7,223696.0,0.0,12.533333333333333,4.533333333333333,0.0
1378018111,4,10399.998544,213.199970152,2.05,1.6703488E7,0.0,0.0,12.399999999999999,4.6,0.0
1378018411,4,10399.998544,213.199970152,2.05,1.6703488E7,0.0,0.0,12.6,4.533333333333333,0.0
1378018711,4,10399.998544,227.06663487733334,2.1833333333333336,1.6703488E7,33554.4,0.0,12.2,4.533333333333333,0.0
1378019011,4,10399.998544,223.599968696,2.15,1.6703488E7,201326.4,0.0,13.533333333333331,4.4,0.0
1378019312,4,10399.998544,240.93329960266664,2.3166666666666664,1.6703488E7,301989.6,0.0,18.933333333333334,4.666666666666667,0.06666666666666667
1378019612,4,10399.998544,216.66663633333334,2.0833333333333335,1.6703488E7,369098.4,0.0,12.466666666666667,4.533333333333333,0.0
1378019912,4,10399.998544,225.33330178666662,2.1666666666666665,1.6703488E7,167772.0,0.0,12.533333333333333,4.533333333333333,0.0
1378020212,4,10399.998544,207.99997088,2.0,1.6703488E7,134217.6,0.0,12.4,4.466666666666667,0.0
1378020512,4,10399.998544,211.4666370613333,2.033333333333333,1.6703488E7,290804.8,0.0,12.733333333333334,4.666666666666667,0.0
1378020812,4,10399.998544,211.4666370613333,2.033333333333333,1.6703488E7,178956.8,0.0,12.866666666666667,4.533333333333333,0.0
1378021112,4,10399.998544,213.199970152,2.05,1.6703488E7,268435.2,0.0,12.466666666666667,4.533333333333333,0.0
1378021412,4,10399.998544,213.199970152,2.05,1.6703488E7,223696.0,0.0,12.6,4.6,0.0
1378021712,4,10399.998544,213.199970152,2.05,1.6703488E7,178956.8,0.0,12.466666666666667,4.466666666666667,0.0
1378022012,4,10399.998544,213.199970152,2.05,1.6703488E7,123032.8,0.0,12.733333333333334,4.533333333333333,0.0
1378022312,4,10399.998544,213.199970152,2.05,1.6703488E7,201326.4,0.0,12.466666666666667,4.466666666666667,0.0
1378022612,4,10399.998544,216.66663633333334,2.0833333333333335,1.6703488E7,145402.4,0.0,13.399999999999999,4.6,0.06666666666666667
1378022912,4,10399.998544,233.99996724000002,2.25,1.6703488E7,156587.2,0.0,18.200000000000003,4.6,0.0
1378023212,4,10399.998544,209.73330397066667,2.0166666666666666,1.6703488E7,380283.2,0.0,12.533333333333333,4.466666666666667,0.0
1378023512,4,10399.998544,213.199970152,2.05,1.6703488E7,257250.4,0.0,12.533333333333333,4.533333333333333,0.06666666666666667
1378023812,4,10399.998544,211.4666370613333,2.033333333333333,1.6703488E7,246065.6,0.0,12.533333333333333,4.466666666666667,0.0
1378024112,4,10399.998544,213.199970152,2.05,1.6703488E7,246065.6,0.0,12.4,4.533333333333333,0.06666666666666667
1378024412,4,10399.998544,213.199970152,2.05,1.6703488E7,78293.6,0.0,12.533333333333333,4.466666666666667,0.0
1378024712,4,10399.998544,213.199970152,2.05,1.6703488E7,268435.2,0.0,12.466666666666667,4.533333333333333,0.0
1378025012,4,10399.998544,213.199970152,2.05,1.6703488E7,190141.6,0.0,12.533333333333335,4.6,0.0
1378025312,4,10399.998544,213.199970152,2.05,1.6703488E7,212511.2,0.0,12.466666666666667,4.533333333333333,0.0
1378025612,4,10399.998544,207.99997088,2.0,1.6703488E7,223696.0,0.0,12.4,4.666666666666667,0.0
1378025912,4,10399.998544,209.73330397066667,2.0166666666666666,1.6703488E7,100663.2,0.0,12.4,4.466666666666667,0.0
1378026212,4,10399.998544,216.66663633333334,2.0833333333333335,1.6703488E7,67108.8,0.0,13.8,4.533333333333333,0.0
1378026512,4,10399.998544,239.199966512,2.3,1.6703488E7,156587.2,0.0,18.333333333333336,4.6,0.0
1378026812,4,10399.998544,227.06663487733334,2.1833333333333336,1.6703488E7,413837.6,0.0,12.600000000000001,4.6,0.0
1378027112,4,10399.998544,220.1333025146667,2.1166666666666667,1.6703488E7,0.0,0.0,12.2,4.466666666666667,0.06666666666666667
1378027412,4,10399.998544,213.199970152,2.05,1.6703488E7,123032.8,0.0,12.866666666666667,4.533333333333333,0.0
1378027713,4,10399.998544,213.199970152,2.05,1.6703488E7,257250.4,0.0,12.066666666666666,4.4,0.0
1378028013,4,10399.998544,209.73330397066667,2.0166666666666666,1.6703488E7,234880.8,0.0,13.133333333333333,4.6,0.0
1378028313,4,10399.998544,211.4666370613333,2.033333333333333,1.6703488E7,268435.2,0.0,12.8,4.666666666666667,0.0
1378028613,4,10399.998544,213.199970152,2.05,1.6703488E7,178956.8,0.0,12.533333333333333,4.533333333333333,0.0
1378028913,4,10399.998544,209.73330397066667,2.0166666666666666,1.6703488E7,246065.6,0.0,12.6,4.533333333333333,0.0
1378029213,4,10399.998544,213.199970152,2.05,1.6703488E7,257250.4,0.0,12.266666666666666,4.4,0.0
1378029513,4,10399.998544,213.199970152,2.05,1.6703488E7,134217.6,0.0,12.533333333333333,4.466666666666667,0.0
1378029813,4,10399.998544,214.93330324266663,2.0666666666666664,1.6703488E7,212511.2,0.0,14.0,4.6,0.06666666666666667
1378030113,4,10399.998544,239.199966512,2.3,1.6703488E7,413837.6,0.0,18.46666666666667,4.666666666666667,0.06666666666666667
1378030413,4,10399.998544,213.199970152,2.05,1.6703488E7,536870.4,0.0,12.533333333333333,4.533333333333333,0.0
1378030713,4,10399.998544,213.199970152,2.05,1.6703488E7,301989.6,0.0,12.466666666666667,4.533333333333333,0.06666666666666667
1378031013,4,10399.998544,227.06663487733334,2.1833333333333336,1.6703488E7,78293.6,0.0,12.733333333333334,4.533333333333333,0.06666666666666667
1378031313,4,10399.998544,211.4666370613333,2.033333333333333,1.6703488E7,22369.6,0.0,12.533333333333335,4.666666666666667,0.0
1378031613,4,10399.998544,213.199970152,2.05,1.6703488E7,190141.6,0.0,12.866666666666667,4.6,0.0
1378031913,4,10399.998544,211.4666370613333,2.033333333333333,1.6703488E7,212511.2,0.0,12.666666666666666,4.6,0.06666666666666667
1378032213,4,10399.998544,232.26663414933333,2.2333333333333334,1.6703488E7,167772.0,0.0,12.6,4.533333333333333,0.06666666666666667
1378032513,4,10399.998544,214.93330324266663,2.0666666666666664,1.6703488E7,223696.0,0.0,12.333333333333332,4.533333333333333,0.0
1378032813,4,10399.998544,213.199970152,2.05,1.6703488E7,246065.6,0.0,12.666666666666668,4.466666666666667,0.06666666666666667
1378033113,4,10399.998544,211.4666370613333,2.033333333333333,1.6703488E7,234880.8,0.0,12.466666666666667,4.4,0.06666666666666667
1378033413,4,10399.998544,218.399969424,2.1,1.6703488E7,246065.6,0.0,13.333333333333332,4.533333333333333,0.06666666666666667
1378033713,4,10399.998544,232.26663414933333,2.2333333333333334,1.6703488E7,246065.6,0.0,18.4,4.533333333333333,0.06666666666666667
1378034013,4,10399.998544,214.93330324266663,2.0666666666666664,1.6703488E7,313174.4,0.0,12.533333333333335,4.4,0.0
1378034313,4,10399.998544,211.4666370613333,2.033333333333333,1.6703488E7,167772.0,0.0,12.2,4.6,0.06666666666666667
1378034613,4,10399.998544,213.199970152,2.05,1.6703488E7,301989.6,0.0,12.733333333333334,4.533333333333333,0.06666666666666667
1378034913,4,10399.998544,213.199970152,2.05,1.6703488E7,167772.0,0.0,12.666666666666666,4.6,0.06666666666666667
1378035214,4,10399.998544,213.199970152,2.05,1.6703488E7,156587.2,0.0,12.866666666666667,4.6,0.06666666666666667
1378035514,4,10399.998544,213.199970152,2.05,1.6703488E7,190141.6,0.0,12.733333333333334,4.666666666666667,0.06666666666666667
1378035814,4,10399.998544,213.199970152,2.05,1.6703488E7,212511.2,0.0,12.666666666666668,4.6,0.0
1378036114,4,10399.998544,213.199970152,2.05,1.6703488E7,134217.6,0.0,12.333333333333332,4.533333333333333,0.06666666666666667
1378036414,4,10399.998544,213.199970152,2.05,1.6703488E7,67108.8,0.0,12.733333333333334,4.466666666666667,0.06666666666666667
1378036714,4,10399.998544,213.199970152,2.05,1.6703488E7,212511.2,0.0,12.333333333333332,4.533333333333333,0.06666666666666667
1378037014,4,10399.998544,211.4666370613333,2.033333333333333,1.6703488E7,134217.6,0.0,13.333333333333332,4.6,0.13333333333333333
1378037314,4,10399.998544,235.73330033066665,2.2666666666666666,1.6703488E7,279620.0,0.0,18.2,4.6,0.0
1378037614,4,10399.998544,211.4666370613333,2.033333333333333,1.6703488E7,335544.0,0.0,12.600000000000001,4.6,0.06666666666666667
1378037914,4,10399.998544,213.199970152,2.05,1.6703488E7,301989.6,0.0,12.333333333333332,4.733333333333333,0.0
1378038214,4,10399.998544,213.199970152,2.05,1.6703488E7,234880.8,0.0,12.533333333333333,4.6,0.0
1378038514,4,10399.998544,213.199970152,2.05,1.6703488E7,167772.0,0.0,12.333333333333332,4.533333333333333,0.0
1378038814,4,10399.998544,214.93330324266663,2.0666666666666664,1.6703488E7,234880.8,0.0,12.733333333333334,4.533333333333333,0.0
1378039114,4,10399.998544,213.199970152,2.05,1.6703488E7,268435.2,0.0,12.666666666666668,4.466666666666667,0.06666666666666667
1378039414,4,10399.998544,211.4666370613333,2.033333333333333,1.6703488E7,33554.4,0.0,12.466666666666667,4.6,0.0
1378039714,4,10399.998544,209.73330397066667,2.0166666666666666,1.6703488E7,167772.0,0.0,12.2,4.666666666666667,0.0
1378040014,4,10399.998544,213.199970152,2.05,1.6703488E7,234880.8,0.0,12.533333333333333,4.6,0.06666666666666667
1378040314,4,10399.998544,213.199970152,2.05,1.6703488E7,89478.4,0.0,12.266666666666666,4.533333333333333,0.0
1378040614,4,10399.998544,218.399969424,2.1,1.6703488E7,100663.2,0.0,13.866666666666667,4.8,0.0
1378040914,4,10399.998544,237.4666334213333,2.283333333333333,1.6703488E7,134217.6,0.0,18.333333333333336,4.733333333333333,0.06666666666666667
1378041214,4,10399.998544,213.199970152,2.05,1.6703488E7,167772.0,0.0,12.6,4.6,0.0
1378041514,4,10399.998544,216.66663633333334,2.0833333333333335,1.6703488E7,111848.0,0.0,12.4,4.6,0.06666666666666667
1378041814,4,10399.998544,211.4666370613333,2.033333333333333,1.6703488E7,369098.4,0.0,12.533333333333333,4.533333333333333,0.06666666666666667
1378042114,4,10399.998544,211.4666370613333,2.033333333333333,1.6703488E7,234880.8,0.0,12.666666666666668,4.6,0.06666666666666667
1378042414,4,10399.998544,211.4666370613333,2.033333333333333,1.6703488E7,167772.0,0.0,12.8,4.466666666666667,0.0
1378042715,4,10399.998544,213.199970152,2.05,1.6703488E7,201326.4,0.0,12.2,4.533333333333333,0.06666666666666667
1378043015,4,10399.998544,211.4666370613333,2.033333333333333,1.6703488E7,246065.6,0.0,12.733333333333334,4.466666666666667,0.0
1378043315,4,10399.998544,213.199970152,2.05,1.6703488E7,257250.4,0.0,12.466666666666667,4.466666666666667,0.06666666666666667
1378043615,4,10399.998544,213.199970152,2.05,1.6703488E7,246065.6,0.0,12.333333333333334,4.4,0.0
1378043915,4,10399.998544,213.199970152,2.05,1.6703488E7,335544.0,0.0,12.266666666666666,4.533333333333333,0.0
1378044215,4,10399.998544,216.66663633333334,2.0833333333333335,1.6703488E7,391468.0,0.0,13.466666666666667,4.6,0.06666666666666667
1378044515,4,10399.998544,239.199966512,2.3,1.6703488E7,402652.8,0.0,18.266666666666666,4.6,0.0
1378044815,4,10399.998544,211.4666370613333,2.033333333333333,1.6703488E7,391468.0,0.0,12.733333333333334,4.533333333333333,0.0
1378045115,4,10399.998544,213.199970152,2.05,1.6703488E7,111848.0,0.0,12.533333333333333,4.466666666666667,0.0
1378045415,4,10399.998544,209.73330397066667,2.0166666666666666,1.6703488E7,301989.6,0.0,12.666666666666668,4.6,0.0
1378045715,4,10399.998544,211.4666370613333,2.033333333333333,1.6703488E7,156587.2,0.0,12.133333333333333,4.666666666666667,0.0
1378046015,4,10399.998544,211.4666370613333,2.033333333333333,1.6703488E7,369098.4,0.0,12.533333333333333,4.466666666666667,0.0
1378046315,4,10399.998544,213.199970152,2.05,1.6703488E7,190141.6,0.0,12.866666666666667,4.533333333333333,0.0
1378046615,4,10399.998544,213.199970152,2.05,1.6703488E7,145402.4,0.0,12.533333333333333,4.466666666666667,0.0
1378046915,4,10399.998544,213.199970152,2.05,1.6703488E7,212511.2,0.0,12.333333333333334,4.533333333333333,0.0
1378047215,4,10399.998544,218.399969424,2.1,1.6703488E7,190141.6,0.0,12.4,4.6,0.06666666666666667
1378047515,4,10399.998544,211.4666370613333,2.033333333333333,1.6703488E7,223696.0,0.0,12.533333333333333,4.533333333333333,0.0
1378047815,4,10399.998544,213.199970152,2.05,1.6703488E7,369098.4,0.0,13.733333333333334,4.666666666666667,0.06666666666666667
1378048115,4,10399.998544,246.13329887466668,2.3666666666666667,1.6703488E7,167772.0,0.0,18.4,4.666666666666667,0.06666666666666667
1378048415,4,10399.998544,214.93330324266663,2.0666666666666664,1.6703488E7,167772.0,0.0,12.533333333333333,4.533333333333333,0.0
1378048715,4,10399.998544,213.199970152,2.05,1.6703488E7,335544.0,0.0,12.533333333333333,4.6,0.0
1378049015,4,10399.998544,213.199970152,2.05,1.6703488E7,156587.2,0.0,12.466666666666667,4.6,0.0
1378049315,4,10399.998544,213.199970152,2.05,1.6703488E7,190141.6,0.0,12.466666666666667,4.666666666666667,0.06666666666666667
1378049615,4,10399.998544,213.199970152,2.05,1.6703488E7,268435.2,0.0,13.0,4.533333333333333,0.0
1378049915,4,10399.998544,213.199970152,2.05,1.6703488E7,111848.0,0.0,12.6,4.6,0.0
1378050215,4,10399.998544,213.199970152,2.05,1.6703488E7,234880.8,0.0,12.266666666666666,4.533333333333333,0.0
1378050515,4,10399.998544,213.199970152,2.05,1.6703488E7,201326.4,0.0,12.466666666666667,4.6,0.0
1378050815,4,10399.998544,211.4666370613333,2.033333333333333,1.6703488E7,223696.0,0.0,12.533333333333333,4.533333333333333,0.0
1378051115,4,10399.998544,209.73330397066667,2.0166666666666666,1.6703488E7,234880.8,0.0,12.6,4.533333333333333,0.0
1378051415,4,10399.998544,218.399969424,2.1,1.6703488E7,167772.0,0.0,14.133333333333333,4.666666666666667,0.13333333333333333
1378051715,4,10399.998544,235.73330033066665,2.2666666666666666,1.6703488E7,234880.8,0.0,18.2,4.666666666666667,0.0
1378052015,4,10399.998544,213.199970152,2.05,1.6703488E7,402652.8,0.0,12.733333333333334,4.466666666666667,0.0
1378052315,4,10399.998544,213.199970152,2.05,1.6703488E7,212511.2,0.0,12.4,4.466666666666667,0.0
1378052615,4,10399.998544,213.199970152,2.05,1.6703488E7,234880.8,0.0,12.333333333333334,4.533333333333333,0.0
1378052915,4,10399.998544,213.199970152,2.05,1.6703488E7,190141.6,0.0,12.466666666666667,4.6,0.06666666666666667
1378053215,4,10399.998544,213.199970152,2.05,1.6703488E7,212511.2,0.0,12.8,4.466666666666667,0.0
1378053515,4,10399.998544,213.199970152,2.05,1.6703488E7,279620.0,0.0,12.733333333333334,4.666666666666667,0.06666666666666667
1378053815,4,10399.998544,213.199970152,2.05,1.6703488E7,201326.4,0.0,12.4,4.6,0.0
1378054115,4,10399.998544,207.99997088,2.0,1.6703488E7,167772.0,0.0,12.399999999999999,4.6,0.0
1378054415,4,10399.998544,213.199970152,2.05,1.6703488E7,167772.0,0.0,12.533333333333333,4.6,0.0
1378054715,4,10399.998544,213.199970152,2.05,1.6703488E7,167772.0,0.0,12.133333333333333,4.6,0.0
1378055015,4,10399.998544,233.99996724000002,2.25,1.6703488E7,279620.0,0.0,18.733333333333334,4.6,0.3333333333333333
1378055315,4,10399.998544,235.73330033066665,2.2666666666666666,1.6703488E7,380283.2,0.0,18.0,4.533333333333333,0.0
1378055615,4,10399.998544,232.26663414933333,2.2333333333333334,1.6703488E7,335544.0,0.0,12.533333333333333,4.6,0.0
1378055916,4,10399.998544,213.199970152,2.05,1.6703488E7,257250.4,0.0,12.333333333333332,4.533333333333333,0.0
1378056216,4,10399.998544,213.199970152,2.05,1.6703488E7,212511.2,0.0,12.4,4.533333333333333,0.0
1378056516,4,10399.998544,213.199970152,2.05,1.6703488E7,246065.6,0.0,12.266666666666666,4.666666666666667,0.0
1378056816,4,10399.998544,211.4666370613333,2.033333333333333,1.6703488E7,346728.8,0.0,13.266666666666666,4.6,0.0
1378057116,4,10399.998544,211.4666370613333,2.033333333333333,1.6703488E7,290804.8,0.0,12.533333333333333,4.666666666666667,0.0
1378057416,4,10399.998544,211.4666370613333,2.033333333333333,1.6703488E7,134217.6,0.0,12.533333333333333,4.6,0.0
1378057716,4,10399.998544,213.199970152,2.05,1.6703488E7,156587.2,0.0,12.466666666666667,4.666666666666667,0.0
1378058016,4,10399.998544,213.199970152,2.05,1.6703488E7,156587.2,0.0,12.666666666666668,4.666666666666667,0.0
1378058316,4,10399.998544,211.4666370613333,2.033333333333333,1.6703488E7,167772.0,0.0,12.4,4.533333333333333,0.0
1378058616,4,10399.998544,218.399969424,2.1,1.6703488E7,257250.4,0.0,13.8,4.6,0.06666666666666667
1378058916,4,10399.998544,230.5333010586667,2.216666666666667,1.6703488E7,290804.8,0.0,18.53333333333333,4.733333333333333,0.0
1378059216,4,10399.998544,213.199970152,2.05,1.6703488E7,436207.2,0.0,12.466666666666667,4.733333333333333,0.0
1378059516,4,10399.998544,213.199970152,2.05,1.6703488E7,301989.6,0.0,12.333333333333332,4.533333333333333,0.0
1378059816,4,10399.998544,211.4666370613333,2.033333333333333,1.6703488E7,167772.0,0.0,12.733333333333334,4.533333333333333,0.0
1378060116,4,10399.998544,211.4666370613333,2.033333333333333,1.6703488E7,100663.2,0.0,12.4,4.466666666666667,0.06666666666666667
1378060416,4,10399.998544,213.199970152,2.05,1.6703488E7,167772.0,0.0,13.133333333333333,4.533333333333333,0.0
1378060716,4,10399.998544,213.199970152,2.05,1.6703488E7,246065.6,0.0,12.533333333333333,4.533333333333333,0.0
1378061016,4,10399.998544,213.199970152,2.05,1.6703488E7,223696.0,0.0,12.466666666666667,4.466666666666667,0.0
1378061316,4,10399.998544,213.199970152,2.05,1.6703488E7,123032.8,0.0,12.4,4.466666666666667,0.0
1378061616,4,10399.998544,213.199970152,2.05,1.6703488E7,100663.2,0.0,12.533333333333335,4.6,0.0
1378061916,4,10399.998544,213.199970152,2.05,1.6703488E7,100663.2,0.0,12.466666666666667,4.533333333333333,0.0
1378062216,4,10399.998544,214.93330324266663,2.0666666666666664,1.6703488E7,156587.2,0.0,13.8,4.6,0.13333333333333333
1378062516,4,10399.998544,237.4666334213333,2.283333333333333,1.6703488E7,257250.4,0.0,18.8,4.533333333333333,0.0
1378062816,4,10399.998544,209.73330397066667,2.0166666666666666,1.6703488E7,592794.4,0.0,12.466666666666667,4.6,0.0
1378063116,4,10399.998544,211.4666370613333,2.033333333333333,1.6703488E7,100663.2,0.0,12.666666666666668,4.733333333333333,0.0
1378063416,4,10399.998544,214.93330324266663,2.0666666666666664,1.6703488E7,212511.2,0.0,12.666666666666668,4.733333333333333,0.0
1378063716,4,10399.998544,223.599968696,2.15,1.6703488E7,167772.0,0.0,12.466666666666667,4.733333333333333,0.0
1378064017,4,10399.998544,213.199970152,2.05,1.6703488E7,234880.8,0.0,13.266666666666666,4.533333333333333,0.0
1378064317,4,10399.998544,213.199970152,2.05,1.6703488E7,156587.2,0.0,12.866666666666667,4.6,0.0
1378064617,4,10399.998544,213.199970152,2.05,1.6703488E7,134217.6,0.0,12.466666666666667,4.666666666666667,0.0
1378064917,4,10399.998544,211.4666370613333,2.033333333333333,1.6703488E7,123032.8,0.0,12.533333333333333,4.666666666666667,0.0
1378065217,4,10399.998544,211.4666370613333,2.033333333333333,1.6703488E7,178956.8,0.0,12.333333333333332,4.6,0.0
1378065517,4,10399.998544,209.73330397066667,2.0166666666666666,1.6703488E7,145402.4,0.0,12.533333333333333,4.6,0.0
1378065817,4,10399.998544,216.66663633333334,2.0833333333333335,1.6703488E7,134217.6,0.0,13.4,4.666666666666667,0.13333333333333333
1378066117,4,10399.998544,237.4666334213333,2.283333333333333,1.6703488E7,380283.2,0.0,18.333333333333332,4.6,0.0
1378066417,4,10399.998544,213.199970152,2.05,1.6703488E7,380283.2,0.0,12.666666666666668,4.666666666666667,0.0
1378066717,4,10399.998544,213.199970152,2.05,1.6703488E7,190141.6,0.0,12.600000000000001,4.6,0.0
1378067017,4,10399.998544,213.199970152,2.05,1.6703488E7,167772.0,0.0,12.399999999999999,4.533333333333333,0.0
1378067317,4,10399.998544,213.199970152,2.05,1.6703488E7,123032.8,0.0,12.600000000000001,4.6,0.0
1378067617,4,10399.998544,214.93330324266663,2.0666666666666664,1.6703488E7,178956.8,0.0,12.933333333333334,4.6,0.0
1378067917,4,10399.998544,207.99997088,2.0,1.6703488E7,257250.4,0.0,12.266666666666666,4.4,0.06666666666666667
1378068217,4,10399.998544,223.599968696,2.15,1.6703488E7,279620.0,0.0,12.533333333333333,4.533333333333333,0.06666666666666667
1378068517,4,10399.998544,214.93330324266663,2.0666666666666664,1.6703488E7,234880.8,0.0,12.666666666666668,4.6,0.0
1378068817,4,10399.998544,213.199970152,2.05,1.6703488E7,167772.0,0.0,12.333333333333332,4.666666666666667,0.06666666666666667
1378069117,4,10399.998544,213.199970152,2.05,1.6703488E7,167772.0,0.0,12.733333333333334,4.6,0.0
1378069417,4,10399.998544,218.399969424,2.1,1.6703488E7,257250.4,0.0,13.733333333333333,4.6,0.06666666666666667
1378069717,4,10399.998544,237.4666334213333,2.283333333333333,1.6703488E7,246065.6,0.0,18.133333333333333,4.666666666666667,0.0
1378070017,4,10399.998544,213.199970152,2.05,1.6703488E7,190141.6,0.0,12.733333333333334,4.6,0.06666666666666667
1378070317,4,10399.998544,211.4666370613333,2.033333333333333,1.6703488E7,123032.8,0.0,12.333333333333332,4.6,0.0
1378070617,4,10399.998544,207.99997088,2.0,1.6703488E7,178956.8,0.0,12.533333333333335,4.6,0.0
1378070917,4,10399.998544,213.199970152,2.05,1.6703488E7,301989.6,0.0,12.399999999999999,4.533333333333333,0.0
1378071217,4,10399.998544,214.93330324266663,2.0666666666666664,1.6703488E7,167772.0,0.0,12.933333333333334,4.533333333333333,0.0
1378071517,4,10399.998544,213.199970152,2.05,1.6703488E7,201326.4,0.0,12.133333333333333,4.6,0.0
1378071817,4,10399.998544,213.199970152,2.05,1.6703488E7,167772.0,0.0,12.466666666666667,4.6,0.0
1378072117,4,10399.998544,213.199970152,2.05,1.6703488E7,301989.6,0.0,12.266666666666667,4.533333333333333,0.0
1378072418,4,10399.998544,213.199970152,2.05,1.6703488E7,134217.6,0.0,13.6,4.533333333333333,0.0
1378072718,4,10399.998544,213.199970152,2.05,1.6703488E7,201326.4,0.0,12.533333333333335,4.666666666666667,0.0
1378073018,4,10399.998544,218.399969424,2.1,1.6703488E7,212511.2,0.0,13.866666666666667,4.666666666666667,0.06666666666666667
1378073318,4,10399.998544,232.26663414933333,2.2333333333333334,1.6703488E7,469761.6,0.0,18.53333333333333,4.666666666666667,0.06666666666666667
1378073618,4,10399.998544,211.4666370613333,2.033333333333333,1.6703488E7,369098.4,0.0,12.533333333333333,4.533333333333333,0.0
1378073918,4,10399.998544,213.199970152,2.05,1.6703488E7,167772.0,0.0,12.666666666666668,4.533333333333333,0.0
1378074218,4,10399.998544,213.199970152,2.05,1.6703488E7,380283.2,0.0,12.733333333333334,4.533333333333333,0.0
1378074518,4,10399.998544,213.199970152,2.05,1.6703488E7,201326.4,0.0,12.333333333333332,4.6,0.0
1378074818,4,10399.998544,213.199970152,2.05,1.6703488E7,190141.6,0.0,13.266666666666666,4.533333333333333,0.0
1378075118,4,10399.998544,211.4666370613333,2.033333333333333,1.6703488E7,234880.8,0.0,12.333333333333332,4.666666666666667,0.0
1378075418,4,10399.998544,280.79996068800006,2.7,1.6703488E7,223696.0,0.0,43.8,6.0,2.3333333333333335
1378075718,4,10399.998544,213.199970152,2.05,1.6703488E7,425022.4,0.0,13.533333333333335,4.666666666666667,0.0
1378076018,4,10399.998544,211.4666370613333,2.033333333333333,1.6703488E7,156587.2,0.0,12.4,4.533333333333333,0.0
1378076318,4,10399.998544,211.4666370613333,2.033333333333333,1.6703488E7,134217.6,0.0,12.8,4.6,0.0
1378076618,4,10399.998544,218.399969424,2.1,1.6703488E7,436207.2,0.0,13.6,4.666666666666667,0.06666666666666667
1378076918,4,10399.998544,239.199966512,2.3,1.6703488E7,369098.4,0.0,18.2,4.733333333333333,0.06666666666666667
1378077218,4,10399.998544,213.199970152,2.05,1.6703488E7,402652.8,0.0,12.399999999999999,4.6,0.0
1378077518,4,10399.998544,213.199970152,2.05,1.6703488E7,190141.6,0.0,12.666666666666668,4.533333333333333,0.0
1378077818,4,10399.998544,213.199970152,2.05,1.6703488E7,167772.0,0.0,12.533333333333333,4.666666666666667,0.0
1378078118,4,10399.998544,213.199970152,2.05,1.6703488E7,78293.6,0.0,12.466666666666667,4.466666666666667,0.0
1378078418,4,10399.998544,214.93330324266663,2.0666666666666664,1.6703488E7,89478.4,0.0,13.0,4.466666666666667,0.0
1378078718,4,10399.998544,209.73330397066667,2.0166666666666666,1.6703488E7,156587.2,0.0,12.466666666666667,4.533333333333333,0.0
1378079018,4,10399.998544,211.4666370613333,2.033333333333333,1.6703488E7,246065.6,0.0,12.533333333333333,4.6,0.0
1378079318,4,10399.998544,213.199970152,2.05,1.6703488E7,111848.0,0.0,12.466666666666667,4.533333333333333,0.0
1378079618,4,10399.998544,213.199970152,2.05,1.6703488E7,223696.0,0.0,12.533333333333333,4.6,0.0
1378079918,4,10399.998544,213.199970152,2.05,1.6703488E7,123032.8,0.0,12.133333333333333,4.6,0.0
1378080218,4,10399.998544,216.66663633333334,2.0833333333333335,1.6703488E7,145402.4,0.0,13.533333333333335,4.6,0.06666666666666667
1378080518,4,10399.998544,232.26663414933333,2.2333333333333334,1.6703488E7,33554.4,0.0,18.133333333333333,4.666666666666667,0.06666666666666667
1378080818,4,10399.998544,211.4666370613333,2.033333333333333,1.6703488E7,313174.4,0.0,12.6,4.733333333333333,0.0
1378081118,4,10399.998544,209.73330397066667,2.0166666666666666,1.6703488E7,201326.4,0.0,12.4,4.666666666666667,0.0
1378081418,4,10399.998544,211.4666370613333,2.033333333333333,1.6703488E7,78293.6,0.0,12.333333333333332,4.733333333333333,0.0
1378081718,4,10399.998544,211.4666370613333,2.033333333333333,1.6703488E7,0.0,0.0,12.666666666666666,4.533333333333333,0.06666666666666667
1378082018,4,10399.998544,213.199970152,2.05,1.6703488E7,123032.8,0.0,12.666666666666668,4.6,0.0
1378082318,4,10399.998544,213.199970152,2.05,1.6703488E7,257250.4,0.0,13.2,4.666666666666667,0.0
1378082618,4,10399.998544,213.199970152,2.05,1.6703488E7,279620.0,0.0,12.4,4.666666666666667,0.0
1378082918,4,10399.998544,213.199970152,2.05,1.6703488E7,223696.0,0.0,12.2,4.666666666666667,0.0
1378083218,4,10399.998544,218.399969424,2.1,1.6703488E7,313174.4,0.0,12.733333333333334,4.6,0.06666666666666667
1378083518,4,10399.998544,228.79996796800003,2.2,1.6703488E7,167772.0,0.0,12.333333333333332,4.533333333333333,0.0
1378083818,4,10399.998544,216.66663633333334,2.0833333333333335,1.6703488E7,201326.4,0.0,13.6,4.666666666666667,0.13333333333333333
1378084118,4,10399.998544,239.199966512,2.3,1.6703488E7,268435.2,0.0,77.73333333333333,19.666666666666668,0.26666666666666666
1378084418,4,10399.998544,209.73330397066667,2.0166666666666666,1.6703488E7,301989.6,0.0,12.333333333333334,4.666666666666667,0.06666666666666667
1378084718,4,10399.998544,211.4666370613333,2.033333333333333,1.6703488E7,290804.8,0.0,12.533333333333333,4.6,0.0
1378085018,4,10399.998544,213.199970152,2.05,1.6703488E7,246065.6,0.0,12.333333333333332,4.533333333333333,0.0
1378085318,4,10399.998544,213.199970152,2.05,1.6703488E7,55924.0,0.0,12.466666666666667,4.466666666666667,0.0
1378085618,4,10399.998544,214.93330324266663,2.0666666666666664,1.6703488E7,145402.4,0.0,12.8,4.466666666666667,0.0
1378085918,4,10399.998544,213.199970152,2.05,1.6703488E7,279620.0,0.0,12.266666666666667,4.466666666666667,0.0
1378086218,4,10399.998544,213.199970152,2.05,1.6703488E7,324359.2,0.0,12.333333333333334,4.533333333333333,0.06666666666666667
1378086518,4,10399.998544,211.4666370613333,2.033333333333333,1.6703488E7,55924.0,0.0,12.066666666666666,4.533333333333333,0.0
1378086818,4,10399.998544,209.73330397066667,2.0166666666666666,1.6703488E7,22369.6,0.0,12.6,4.533333333333333,0.0
1378087118,4,10399.998544,213.199970152,2.05,1.6703488E7,89478.4,0.0,12.266666666666666,4.466666666666667,0.0
1378087418,4,10399.998544,389.9999454,3.75,1.6703488E7,357913.6,0.0,15.8,6.066666666666666,0.8666666666666667
1378087718,4,10399.998544,239.199966512,2.3,1.6703488E7,313174.4,0.0,19.266666666666666,4.6,0.06666666666666667
1378088018,4,10399.998544,213.199970152,2.05,1.6703488E7,201326.4,0.0,12.533333333333333,4.466666666666667,0.0
1378088319,4,10399.998544,306.799957048,2.95,1.6703488E7,290804.8,0.0,58.93333333333333,13.6,89.93333333333334
1378088619,4,10399.998544,556.399922104,5.35,1.6703488E7,548055.2,0.0,128.33333333333334,9.933333333333334,118.53333333333333
1378088919,4,10399.998544,386.5332792186666,3.716666666666667,1.6703488E7,447392.0,0.0,34.4,5.2,1.6
1378089219,4,10399.998544,213.199970152,2.05,1.6703488E7,346728.8,0.0,12.933333333333334,4.4,0.06666666666666667
1378089519,4,10399.998544,209.73330397066667,2.0166666666666666,1.6703488E7,89478.4,0.0,12.533333333333333,4.4,0.0
1378089819,4,10399.998544,211.4666370613333,2.033333333333333,1.6703488E7,290804.8,0.0,12.600000000000001,4.533333333333333,0.0
1378090119,4,10399.998544,213.199970152,2.05,1.6703488E7,257250.4,0.0,12.533333333333333,4.4,0.06666666666666667
1378090419,4,10399.998544,213.199970152,2.05,1.6703488E7,123032.8,0.0,12.533333333333333,4.533333333333333,0.0
1378090719,4,10399.998544,213.199970152,2.05,1.6703488E7,134217.6,0.0,12.533333333333335,4.466666666666667,0.0
1378091019,4,10399.998544,223.599968696,2.15,1.6703488E7,11184.8,0.0,13.733333333333334,4.6,0.06666666666666667
1378091319,4,10399.998544,247.86663196533334,2.3833333333333333,1.6703488E7,301989.6,0.0,17.8,4.666666666666667,0.06666666666666667
1378091619,4,10399.998544,213.199970152,2.05,1.6703488E7,246065.6,0.0,12.399999999999999,4.666666666666667,0.06666666666666667
1378091919,4,10399.998544,213.199970152,2.05,1.6703488E7,55924.0,0.0,12.600000000000001,4.666666666666667,0.0
1378092219,4,10399.998544,213.199970152,2.05,1.6703488E7,33554.4,0.0,12.399999999999999,4.666666666666667,0.0
1378092519,4,10399.998544,209.73330397066667,2.0166666666666666,1.6703488E7,234880.8,0.0,12.600000000000001,4.666666666666667,0.0
1378092819,4,10399.998544,209.73330397066667,2.0166666666666666,1.6703488E7,246065.6,0.0,13.066666666666666,4.533333333333333,0.06666666666666667
1378093119,4,10399.998544,213.199970152,2.05,1.6703488E7,156587.2,0.0,12.466666666666667,4.466666666666667,0.06666666666666667
1378093419,4,10399.998544,213.199970152,2.05,1.6703488E7,234880.8,0.0,12.933333333333334,4.533333333333333,0.0
1378093719,4,10399.998544,213.199970152,2.05,1.6703488E7,145402.4,0.0,12.600000000000001,4.6,0.0
1378094019,4,10399.998544,213.199970152,2.05,1.6703488E7,301989.6,0.0,12.733333333333334,4.533333333333333,0.0
1378094319,4,10399.998544,211.4666370613333,2.033333333333333,1.6703488E7,346728.8,0.0,12.666666666666668,4.6,0.0
1378094619,4,10399.998544,216.66663633333334,2.0833333333333335,1.6703488E7,234880.8,0.0,13.799999999999999,4.6,0.13333333333333333
1378094919,4,10399.998544,233.99996724000002,2.25,1.6703488E7,324359.2,0.0,19.133333333333333,4.733333333333333,0.13333333333333333
1378095219,4,10399.998544,209.73330397066667,2.0166666666666666,1.6703488E7,234880.8,0.0,12.399999999999999,4.533333333333333,0.06666666666666667
1378095519,4,10399.998544,213.199970152,2.05,1.6703488E7,223696.0,0.0,12.333333333333332,4.666666666666667,0.06666666666666667
1378095819,4,10399.998544,213.199970152,2.05,1.6703488E7,234880.8,0.0,12.666666666666668,4.533333333333333,0.0
1378096119,4,10399.998544,213.199970152,2.05,1.6703488E7,67108.8,0.0,12.533333333333333,4.666666666666667,0.06666666666666667
1378096419,4,10399.998544,214.93330324266663,2.0666666666666664,1.6703488E7,234880.8,0.0,13.133333333333333,4.466666666666667,0.0
1378096719,4,10399.998544,213.199970152,2.05,1.6703488E7,268435.2,0.0,12.266666666666666,4.6,0.0
1378097019,4,10399.998544,213.199970152,2.05,1.6703488E7,301989.6,0.0,12.8,4.6,0.06666666666666667
1378097319,4,10399.998544,211.4666370613333,2.033333333333333,1.6703488E7,234880.8,0.0,12.333333333333332,4.6,0.0
1378097619,4,10399.998544,209.73330397066667,2.0166666666666666,1.6703488E7,234880.8,0.0,12.533333333333333,4.6,0.0
1378097919,4,10399.998544,213.199970152,2.05,1.6703488E7,0.0,0.0,12.666666666666666,4.466666666666667,0.0
1378098219,4,10399.998544,216.66663633333334,2.0833333333333335,1.6703488E7,134217.6,0.0,13.266666666666666,4.666666666666667,0.06666666666666667
1378098519,4,10399.998544,242.66663269333333,2.3333333333333335,1.6703488E7,201326.4,0.0,18.2,4.6,0.06666666666666667
1378098819,4,10399.998544,220.1333025146667,2.1166666666666667,1.6703488E7,301989.6,0.0,12.666666666666668,4.666666666666667,0.0
1378099119,4,10399.998544,213.199970152,2.05,1.6703488E7,190141.6,0.0,12.333333333333334,4.533333333333333,0.0
1378099419,4,10399.998544,213.199970152,2.05,1.6703488E7,234880.8,0.0,12.666666666666668,4.733333333333333,0.0
1378099719,4,10399.998544,213.199970152,2.05,1.6703488E7,134217.6,0.0,12.133333333333333,4.666666666666667,0.06666666666666667
1378100019,4,10399.998544,211.4666370613333,2.033333333333333,1.6703488E7,111848.0,0.0,13.066666666666666,4.666666666666667,0.0
1378100319,4,10399.998544,225.33330178666662,2.1666666666666665,1.6703488E7,234880.8,0.0,12.466666666666667,4.533333333333333,0.06666666666666667
1378100620,4,10399.998544,214.93330324266663,2.0666666666666664,1.6703488E7,100663.2,0.0,12.399999999999999,4.666666666666667,0.0
1378100920,4,10399.998544,213.199970152,2.05,1.6703488E7,167772.0,0.0,12.533333333333333,4.666666666666667,0.06666666666666667
1378101220,4,10399.998544,213.199970152,2.05,1.6703488E7,0.0,0.0,12.533333333333335,4.666666666666667,0.06666666666666667
1378101520,4,10399.998544,213.199970152,2.05,1.6703488E7,33554.4,0.0,12.466666666666667,4.533333333333333,0.0
1378101820,4,10399.998544,214.93330324266663,2.0666666666666664,1.6703488E7,0.0,0.0,13.533333333333333,4.666666666666667,0.06666666666666667
1378102120,4,10399.998544,239.199966512,2.3,1.6703488E7,167772.0,0.0,18.0,4.666666666666667,0.06666666666666667
1378102420,4,10399.998544,213.199970152,2.05,1.6703488E7,447392.0,0.0,12.600000000000001,4.466666666666667,0.0
1378102720,4,10399.998544,209.73330397066667,2.0166666666666666,1.6703488E7,290804.8,0.0,12.533333333333335,4.533333333333333,0.0
1378103020,4,10399.998544,211.4666370613333,2.033333333333333,1.6703488E7,380283.2,0.0,12.466666666666667,4.466666666666667,0.0
1378103320,4,10399.998544,211.4666370613333,2.033333333333333,1.6703488E7,190141.6,0.0,12.066666666666666,4.533333333333333,0.0
1378103620,4,10399.998544,213.199970152,2.05,1.6703488E7,201326.4,0.0,13.266666666666666,4.533333333333333,0.0
1378103920,4,10399.998544,214.93330324266663,2.0666666666666664,1.6703488E7,167772.0,0.0,12.0,4.6,0.06666666666666667
1378104220,4,10399.998544,213.199970152,2.05,1.6703488E7,134217.6,0.0,12.533333333333333,4.666666666666667,0.0
1378104520,4,10399.998544,213.199970152,2.05,1.6703488E7,78293.6,0.0,12.266666666666666,4.6,0.0
1378104820,4,10399.998544,213.199970152,2.05,1.6703488E7,100663.2,0.0,12.333333333333332,4.733333333333333,0.0
1378105120,4,10399.998544,213.199970152,2.05,1.6703488E7,246065.6,0.0,12.4,4.6,0.0
1378105420,4,10399.998544,216.66663633333334,2.0833333333333335,1.6703488E7,212511.2,0.0,13.466666666666669,4.666666666666667,0.13333333333333333
1378105720,4,10399.998544,232.26663414933333,2.2333333333333334,1.6703488E7,279620.0,0.0,18.8,4.6,0.06666666666666667
1378106020,4,10399.998544,213.199970152,2.05,1.6703488E7,301989.6,0.0,12.266666666666666,4.533333333333333,0.06666666666666667
1378106320,4,10399.998544,213.199970152,2.05,1.6703488E7,178956.8,0.0,12.6,4.6,0.0
1378106620,4,10399.998544,213.199970152,2.05,1.6703488E7,67108.8,0.0,12.333333333333332,4.533333333333333,0.0
1378106920,4,10399.998544,213.199970152,2.05,1.6703488E7,201326.4,0.0,12.533333333333333,4.6,0.06666666666666667
1378107220,4,10399.998544,214.93330324266663,2.0666666666666664,1.6703488E7,178956.8,0.0,12.666666666666666,4.6,0.06666666666666667
1378107520,4,10399.998544,213.199970152,2.05,1.6703488E7,89478.4,0.0,12.266666666666666,4.6,0.06666666666666667
1378107820,4,10399.998544,211.4666370613333,2.033333333333333,1.6703488E7,0.0,0.0,12.466666666666667,4.6,0.0
1378108120,4,10399.998544,209.73330397066667,2.0166666666666666,1.6703488E7,156587.2,0.0,12.133333333333333,4.533333333333333,0.06666666666666667
1378108420,4,10399.998544,213.199970152,2.05,1.6703488E7,134217.6,0.0,12.533333333333333,4.466666666666667,0.0
1378108720,4,10399.998544,211.4666370613333,2.033333333333333,1.6703488E7,246065.6,0.0,12.133333333333333,4.533333333333333,0.0
1378109020,4,10399.998544,216.66663633333334,2.0833333333333335,1.6703488E7,324359.2,0.0,13.266666666666666,4.6,0.06666666666666667
1378109320,4,10399.998544,233.99996724000002,2.25,1.6703488E7,145402.4,0.0,18.4,4.666666666666667,0.06666666666666667
1378109620,4,10399.998544,213.199970152,2.05,1.6703488E7,290804.8,0.0,12.2,4.533333333333333,0.0
1378109921,4,10399.998544,213.199970152,2.05,1.6703488E7,234880.8,0.0,12.466666666666667,4.533333333333333,0.0
1378110221,4,10399.998544,211.4666370613333,2.033333333333333,1.6703488E7,156587.2,0.0,12.666666666666666,4.6,0.0
1378110521,4,10399.998544,209.73330397066667,2.0166666666666666,1.6703488E7,167772.0,0.0,12.533333333333333,4.533333333333333,0.06666666666666667
1378110820,4,10399.998544,213.199970152,2.05,1.6703488E7,44739.2,0.0,12.933333333333334,4.533333333333333,0.06666666666666667
1378111120,4,10399.998544,213.199970152,2.05,1.6703488E7,55924.0,0.0,12.466666666666667,4.533333333333333,0.06666666666666667
1378111420,4,10399.998544,213.199970152,2.05,1.6703488E7,123032.8,0.0,12.466666666666667,4.466666666666667,0.06666666666666667
1378111720,4,10399.998544,213.199970152,2.05,1.6703488E7,234880.8,0.0,12.266666666666666,4.6,0.06666666666666667
1378112020,4,10399.998544,213.199970152,2.05,1.6703488E7,123032.8,0.0,13.066666666666666,4.6,0.0
1378112320,4,10399.998544,213.199970152,2.05,1.6703488E7,44739.2,0.0,12.333333333333332,4.666666666666667,0.06666666666666667
1378112621,4,10399.998544,223.599968696,2.15,1.6703488E7,0.0,0.0,13.866666666666667,4.666666666666667,0.06666666666666667
1378112921,4,10399.998544,233.99996724000002,2.25,1.6703488E7,257250.4,0.0,18.066666666666666,4.733333333333333,0.06666666666666667
1378113221,4,10399.998544,207.99997088,2.0,1.6703488E7,324359.2,0.0,12.333333333333332,4.6,0.0
1378113521,4,10399.998544,209.73330397066667,2.0166666666666666,1.6703488E7,156587.2,0.0,12.8,4.6,0.0
1378113821,4,10399.998544,213.199970152,2.05,1.6703488E7,335544.0,0.0,12.533333333333335,4.666666666666667,0.0
1378114121,4,10399.998544,213.199970152,2.05,1.6703488E7,201326.4,0.0,12.333333333333334,4.533333333333333,0.06666666666666667
1378114421,4,10399.998544,213.199970152,2.05,1.6703488E7,67108.8,0.0,12.666666666666668,4.6,0.0
1378114721,4,10399.998544,211.4666370613333,2.033333333333333,1.6703488E7,234880.8,0.0,12.600000000000001,4.533333333333333,0.06666666666666667
1378115021,4,10399.998544,209.73330397066667,2.0166666666666666,1.6703488E7,279620.0,0.0,12.533333333333333,4.733333333333333,0.0
1378115321,4,10399.998544,213.199970152,2.05,1.6703488E7,234880.8,0.0,12.133333333333333,4.533333333333333,0.06666666666666667
1378115621,4,10399.998544,209.73330397066667,2.0166666666666666,1.6703488E7,67108.8,0.0,12.666666666666668,4.533333333333333,0.0
1378115921,4,10399.998544,211.4666370613333,2.033333333333333,1.6703488E7,89478.4,0.0,12.466666666666667,4.533333333333333,0.0
1378116221,4,10399.998544,220.1333025146667,2.1166666666666667,1.6703488E7,212511.2,0.0,13.666666666666668,4.733333333333333,0.13333333333333333
1378116521,4,10399.998544,233.99996724000002,2.25,1.6703488E7,246065.6,0.0,18.133333333333333,4.8,0.06666666666666667
1378116821,4,10399.998544,213.199970152,2.05,1.6703488E7,380283.2,0.0,12.8,4.6,0.0
1378117121,4,10399.998544,213.199970152,2.05,1.6703488E7,178956.8,0.0,12.4,4.666666666666667,0.06666666666666667
1378117421,4,10399.998544,216.66663633333334,2.0833333333333335,1.6703488E7,145402.4,0.0,12.666666666666668,4.533333333333333,0.0
1378117721,4,10399.998544,213.199970152,2.05,1.6703488E7,145402.4,0.0,12.399999999999999,4.466666666666667,0.0
1378118021,4,10399.998544,213.199970152,2.05,1.6703488E7,89478.4,0.0,12.933333333333334,4.533333333333333,0.0
1378118321,4,10399.998544,213.199970152,2.05,1.6703488E7,123032.8,0.0,13.0,4.466666666666667,0.0
1378118621,4,10399.998544,209.73330397066667,2.0166666666666666,1.6703488E7,212511.2,0.0,12.2,4.6,0.0
1378118921,4,10399.998544,211.4666370613333,2.033333333333333,1.6703488E7,391468.0,0.0,12.333333333333334,4.6,0.0
1378119221,4,10399.998544,211.4666370613333,2.033333333333333,1.6703488E7,190141.6,0.0,12.466666666666667,4.4,0.0
1378119521,4,10399.998544,213.199970152,2.05,1.6703488E7,156587.2,0.0,12.533333333333333,4.466666666666667,0.0
1378119821,4,10399.998544,220.1333025146667,2.1166666666666667,1.6703488E7,234880.8,0.0,13.8,4.533333333333333,0.06666666666666667
1378120121,4,10399.998544,233.99996724000002,2.25,1.6703488E7,167772.0,0.0,18.2,4.533333333333333,0.06666666666666667
1378120421,4,10399.998544,213.199970152,2.05,1.6703488E7,201326.4,0.0,12.533333333333335,4.6,0.0
1378120721,4,10399.998544,232.26663414933333,2.2333333333333334,1.6703488E7,167772.0,0.0,12.466666666666667,4.466666666666667,0.0
1378121021,4,10399.998544,211.4666370613333,2.033333333333333,1.6703488E7,67108.8,0.0,12.4,4.533333333333333,0.0
1378121321,4,10399.998544,211.4666370613333,2.033333333333333,1.6703488E7,201326.4,0.0,12.6,4.533333333333333,0.0
1378121622,4,10399.998544,214.93330324266663,2.0666666666666664,1.6703488E7,335544.0,0.0,12.466666666666667,4.533333333333333,0.0
1378121922,4,10399.998544,213.199970152,2.05,1.6703488E7,279620.0,0.0,12.866666666666667,4.666666666666667,0.0
1378122222,4,10399.998544,213.199970152,2.05,1.6703488E7,301989.6,0.0,12.466666666666667,4.533333333333333,0.0
1378122522,4,10399.998544,213.199970152,2.05,1.6703488E7,123032.8,0.0,12.466666666666667,4.6,0.06666666666666667
1378122822,4,10399.998544,213.199970152,2.05,1.6703488E7,223696.0,0.0,12.733333333333334,4.6,0.0
1378123122,4,10399.998544,213.199970152,2.05,1.6703488E7,201326.4,0.0,12.266666666666666,4.466666666666667,0.0
1378123422,4,10399.998544,216.66663633333334,2.0833333333333335,1.6703488E7,134217.6,0.0,13.466666666666665,4.6,0.13333333333333333
1378123722,4,10399.998544,239.199966512,2.3,1.6703488E7,268435.2,0.0,18.53333333333333,4.666666666666667,0.06666666666666667
1378124022,4,10399.998544,213.199970152,2.05,1.6703488E7,201326.4,0.0,12.533333333333333,4.666666666666667,0.0
1378124322,4,10399.998544,213.199970152,2.05,1.6703488E7,167772.0,0.0,12.4,4.466666666666667,0.0
1378124622,4,10399.998544,213.199970152,2.05,1.6703488E7,201326.4,0.0,12.2,4.533333333333333,0.0
1378124922,4,10399.998544,213.199970152,2.05,1.6703488E7,223696.0,0.0,12.333333333333332,4.533333333333333,0.06666666666666667
1378125222,4,10399.998544,213.199970152,2.05,1.6703488E7,301989.6,0.0,13.2,4.533333333333333,0.0
1378125522,4,10399.998544,213.199970152,2.05,1.6703488E7,301989.6,0.0,12.466666666666667,4.4,0.0
1378125822,4,10399.998544,213.199970152,2.05,1.6703488E7,201326.4,0.0,12.733333333333334,4.466666666666667,0.0
1378126122,4,10399.998544,213.199970152,2.05,1.6703488E7,0.0,0.0,12.266666666666666,4.6,0.06666666666666667
1378126422,4,10399.998544,213.199970152,2.05,1.6703488E7,78293.6,0.0,12.733333333333334,4.6,0.0
1378126722,4,10399.998544,213.199970152,2.05,1.6703488E7,111848.0,0.0,12.333333333333332,4.6,0.0
1378127022,4,10399.998544,214.93330324266663,2.0666666666666664,1.6703488E7,134217.6,0.0,13.666666666666668,4.733333333333333,0.13333333333333333
1378127322,4,10399.998544,233.99996724000002,2.25,1.6703488E7,425022.4,0.0,18.6,4.733333333333333,0.06666666666666667
1378127622,4,10399.998544,213.199970152,2.05,1.6703488E7,413837.6,0.0,12.533333333333333,4.6,0.0
1378127922,4,10399.998544,213.199970152,2.05,1.6703488E7,111848.0,0.0,12.733333333333334,4.666666666666667,0.0
1378128222,4,10399.998544,213.199970152,2.05,1.6703488E7,234880.8,0.0,12.4,4.6,0.0
1378128522,4,10399.998544,213.199970152,2.05,1.6703488E7,234880.8,0.0,12.6,4.533333333333333,0.06666666666666667
1378128822,4,10399.998544,214.93330324266663,2.0666666666666664,1.6703488E7,223696.0,0.0,12.666666666666668,4.733333333333333,0.06666666666666667
1378129122,4,10399.998544,213.199970152,2.05,1.6703488E7,0.0,0.0,12.466666666666667,4.6,0.0
1378129422,4,10399.998544,213.199970152,2.05,1.6703488E7,178956.8,0.0,12.6,4.666666666666667,0.0
1378129722,4,10399.998544,213.199970152,2.05,1.6703488E7,201326.4,0.0,12.333333333333332,4.6,0.0
1378130022,4,10399.998544,209.73330397066667,2.0166666666666666,1.6703488E7,324359.2,0.0,13.0,4.666666666666667,0.0
1378130322,4,10399.998544,211.4666370613333,2.033333333333333,1.6703488E7,212511.2,0.0,12.133333333333333,4.6,0.06666666666666667
1378130622,4,10399.998544,220.1333025146667,2.1166666666666667,1.6703488E7,369098.4,0.0,13.8,4.8,0.06666666666666667
1378130922,4,10399.998544,232.26663414933333,2.2333333333333334,1.6703488E7,301989.6,0.0,18.133333333333333,4.733333333333333,0.06666666666666667
1378131222,4,10399.998544,228.79996796800003,2.2,1.6703488E7,246065.6,0.0,12.333333333333332,4.6,0.06666666666666667
1378131522,4,10399.998544,213.199970152,2.05,1.6703488E7,145402.4,0.0,12.4,4.6,0.06666666666666667
1378131822,4,10399.998544,211.4666370613333,2.033333333333333,1.6703488E7,111848.0,0.0,12.466666666666667,4.533333333333333,0.06666666666666667
1378132122,4,10399.998544,218.399969424,2.1,1.6703488E7,223696.0,0.0,12.666666666666668,4.466666666666667,0.06666666666666667
1378132422,4,10399.998544,211.4666370613333,2.033333333333333,1.6703488E7,212511.2,0.0,13.2,4.666666666666667,0.0
1378132722,4,10399.998544,209.73330397066667,2.0166666666666666,1.6703488E7,178956.8,0.0,12.266666666666666,4.666666666666667,0.06666666666666667
1378133023,4,10399.998544,211.4666370613333,2.033333333333333,1.6703488E7,246065.6,0.0,12.866666666666667,4.6,0.0
1378133323,4,10399.998544,211.4666370613333,2.033333333333333,1.6703488E7,246065.6,0.0,12.066666666666666,4.666666666666667,0.0
1378133623,4,10399.998544,211.4666370613333,2.033333333333333,1.6703488E7,257250.4,0.0,12.666666666666666,4.6,0.06666666666666667
1378133923,4,10399.998544,213.199970152,2.05,1.6703488E7,223696.0,0.0,12.333333333333332,4.666666666666667,0.0
1378134223,4,10399.998544,216.66663633333334,2.0833333333333335,1.6703488E7,89478.4,0.0,14.0,4.8,0.13333333333333333
1378134523,4,10399.998544,235.73330033066665,2.2666666666666666,1.6703488E7,301989.6,0.0,18.133333333333333,4.733333333333333,0.06666666666666667
1378134823,4,10399.998544,213.199970152,2.05,1.6703488E7,425022.4,0.0,12.466666666666667,4.8,0.06666666666666667
1378135123,4,10399.998544,213.199970152,2.05,1.6703488E7,178956.8,0.0,12.6,4.6,0.0
1378135423,4,10399.998544,213.199970152,2.05,1.6703488E7,246065.6,0.0,12.533333333333333,4.666666666666667,0.06666666666666667
1378135723,4,10399.998544,213.199970152,2.05,1.6703488E7,156587.2,0.0,12.666666666666668,4.6,0.06666666666666667
1378136023,4,10399.998544,225.33330178666662,2.1666666666666665,1.6703488E7,167772.0,0.0,12.8,4.533333333333333,0.06666666666666667
1378136323,4,10399.998544,209.73330397066667,2.0166666666666666,1.6703488E7,301989.6,0.0,12.733333333333334,4.666666666666667,0.06666666666666667
1378136623,4,10399.998544,213.199970152,2.05,1.6703488E7,279620.0,0.0,12.866666666666667,4.6,0.06666666666666667
1378136923,4,10399.998544,213.199970152,2.05,1.6703488E7,290804.8,0.0,12.266666666666666,4.533333333333333,0.0
1378137223,4,10399.998544,213.199970152,2.05,1.6703488E7,268435.2,0.0,12.733333333333334,4.666666666666667,0.06666666666666667
1378137523,4,10399.998544,213.199970152,2.05,1.6703488E7,111848.0,0.0,12.266666666666666,4.533333333333333,0.06666666666666667
1378137823,4,10399.998544,218.399969424,2.1,1.6703488E7,100663.2,0.0,14.0,4.8,0.13333333333333333
1378138123,4,10399.998544,240.93329960266664,2.3166666666666664,1.6703488E7,178956.8,0.0,18.200000000000003,4.666666666666667,0.06666666666666667
1378138423,4,10399.998544,211.4666370613333,2.033333333333333,1.6703488E7,469761.6,0.0,12.666666666666666,4.666666666666667,0.06666666666666667
1378138723,4,10399.998544,211.4666370613333,2.033333333333333,1.6703488E7,234880.8,0.0,12.133333333333333,4.6,0.06666666666666667
1378139023,4,10399.998544,211.4666370613333,2.033333333333333,1.6703488E7,201326.4,0.0,12.533333333333335,4.6,0.0
1378139323,4,10399.998544,213.199970152,2.05,1.6703488E7,246065.6,0.0,12.4,4.533333333333333,0.06666666666666667
1378139623,4,10399.998544,213.199970152,2.05,1.6703488E7,268435.2,0.0,13.066666666666666,4.466666666666667,0.06666666666666667
1378139923,4,10399.998544,213.199970152,2.05,1.6703488E7,156587.2,0.0,12.666666666666668,4.6,0.0
1378140223,4,10399.998544,213.199970152,2.05,1.6703488E7,33554.4,0.0,12.466666666666667,4.533333333333333,0.06666666666666667
1378140523,4,10399.998544,213.199970152,2.05,1.6703488E7,156587.2,0.0,12.600000000000001,4.6,0.0
1378140824,4,10399.998544,213.199970152,2.05,1.6703488E7,301989.6,0.0,12.733333333333334,4.466666666666667,0.06666666666666667
1378141124,4,10399.998544,213.199970152,2.05,1.6703488E7,257250.4,0.0,12.4,4.733333333333333,0.06666666666666667
1378141424,4,10399.998544,216.66663633333334,2.0833333333333335,1.6703488E7,167772.0,0.0,14.0,4.8,0.06666666666666667
1378141724,4,10399.998544,237.4666334213333,2.283333333333333,1.6703488E7,357913.6,0.0,18.133333333333333,4.733333333333333,0.06666666666666667
1378142024,4,10399.998544,209.73330397066667,2.0166666666666666,1.6703488E7,346728.8,0.0,12.399999999999999,4.666666666666667,0.06666666666666667
1378142324,4,10399.998544,213.199970152,2.05,1.6703488E7,268435.2,0.0,12.666666666666666,4.666666666666667,0.06666666666666667
1378142624,4,10399.998544,213.199970152,2.05,1.6703488E7,167772.0,0.0,12.399999999999999,4.6,0.06666666666666667
1378142924,4,10399.998544,213.199970152,2.05,1.6703488E7,201326.4,0.0,12.666666666666666,4.666666666666667,0.06666666666666667
1378143224,4,10399.998544,214.93330324266663,2.0666666666666664,1.6703488E7,67108.8,0.0,13.066666666666666,4.8,0.0
1378143524,4,10399.998544,213.199970152,2.05,1.6703488E7,78293.6,0.0,12.266666666666666,4.733333333333333,0.06666666666666667
1378143824,4,10399.998544,213.199970152,2.05,1.6703488E7,346728.8,0.0,12.4,4.666666666666667,0.06666666666666667
1378144124,4,10399.998544,213.199970152,2.05,1.6703488E7,234880.8,0.0,12.266666666666666,4.666666666666667,0.0
1378144424,4,10399.998544,211.4666370613333,2.033333333333333,1.6703488E7,167772.0,0.0,12.733333333333334,4.533333333333333,0.0
1378144724,4,10399.998544,228.79996796800003,2.2,1.6703488E7,22369.6,0.0,12.399999999999999,4.6,0.0
1378145024,4,10399.998544,237.4666334213333,2.283333333333333,1.6703488E7,290804.8,0.0,18.666666666666664,4.8,0.26666666666666666
1378145324,4,10399.998544,237.4666334213333,2.283333333333333,1.6703488E7,246065.6,0.0,18.133333333333333,4.8,0.06666666666666667
1378145624,4,10399.998544,213.199970152,2.05,1.6703488E7,268435.2,0.0,12.4,4.733333333333333,0.06666666666666667
1378145924,4,10399.998544,213.199970152,2.05,1.6703488E7,156587.2,0.0,12.600000000000001,4.733333333333333,0.0
1378146224,4,10399.998544,213.199970152,2.05,1.6703488E7,257250.4,0.0,12.399999999999999,4.666666666666667,0.0
1378146524,4,10399.998544,213.199970152,2.05,1.6703488E7,134217.6,0.0,12.533333333333333,4.666666666666667,0.06666666666666667
1378146824,4,10399.998544,213.199970152,2.05,1.6703488E7,167772.0,0.0,13.066666666666666,4.666666666666667,0.0
1378147124,4,10399.998544,213.199970152,2.05,1.6703488E7,167772.0,0.0,12.2,4.6,0.0
1378147424,4,10399.998544,209.73330397066667,2.0166666666666666,1.6703488E7,257250.4,0.0,12.666666666666666,4.6,0.06666666666666667
1378147724,4,10399.998544,211.4666370613333,2.033333333333333,1.6703488E7,212511.2,0.0,12.133333333333333,4.6,0.06666666666666667
1378148024,4,10399.998544,211.4666370613333,2.033333333333333,1.6703488E7,391468.0,0.0,12.466666666666667,4.6,0.0
1378148324,4,10399.998544,213.199970152,2.05,1.6703488E7,167772.0,0.0,12.266666666666666,4.533333333333333,0.0
1378148624,4,10399.998544,220.1333025146667,2.1166666666666667,1.6703488E7,33554.4,0.0,14.133333333333333,4.733333333333333,0.13333333333333333
1378148924,4,10399.998544,237.4666334213333,2.283333333333333,1.6703488E7,167772.0,0.0,18.066666666666666,4.6,0.0
1378149224,4,10399.998544,213.199970152,2.05,1.6703488E7,369098.4,0.0,12.2,4.733333333333333,0.06666666666666667
1378149524,4,10399.998544,213.199970152,2.05,1.6703488E7,0.0,0.0,12.533333333333333,4.733333333333333,0.0
1378149824,4,10399.998544,213.199970152,2.05,1.6703488E7,44739.2,0.0,12.6,4.6,0.0
1378150124,4,10399.998544,213.199970152,2.05,1.6703488E7,33554.4,0.0,12.333333333333332,4.666666666666667,0.06666666666666667
1378150424,4,10399.998544,209.73330397066667,2.0166666666666666,1.6703488E7,123032.8,0.0,12.866666666666667,4.6,0.06666666666666667
1378150724,4,10399.998544,211.4666370613333,2.033333333333333,1.6703488E7,335544.0,0.0,12.600000000000001,4.666666666666667,0.06666666666666667
1378151024,4,10399.998544,211.4666370613333,2.033333333333333,1.6703488E7,391468.0,0.0,12.333333333333332,4.533333333333333,0.0
1378151324,4,10399.998544,213.199970152,2.05,1.6703488E7,78293.6,0.0,12.4,4.733333333333333,0.0
1378151624,4,10399.998544,213.199970152,2.05,1.6703488E7,212511.2,0.0,12.666666666666666,4.6,0.0
1378151924,4,10399.998544,213.199970152,2.05,1.6703488E7,246065.6,0.0,12.466666666666667,4.466666666666667,0.0
1378152224,4,10399.998544,216.66663633333334,2.0833333333333335,1.6703488E7,178956.8,0.0,13.666666666666668,4.733333333333333,0.06666666666666667
1378152525,4,10399.998544,235.73330033066665,2.2666666666666666,1.6703488E7,246065.6,0.0,18.066666666666666,4.666666666666667,0.06666666666666667
1378152825,4,10399.998544,213.199970152,2.05,1.6703488E7,436207.2,0.0,12.733333333333334,4.6,0.06666666666666667
1378153125,4,10399.998544,213.199970152,2.05,1.6703488E7,78293.6,0.0,12.4,4.466666666666667,0.06666666666666667
1378153425,4,10399.998544,207.99997088,2.0,1.6703488E7,0.0,0.0,12.666666666666668,4.6,0.0
1378153725,4,10399.998544,213.199970152,2.05,1.6703488E7,0.0,0.0,12.666666666666668,4.733333333333333,0.0
1378154025,4,10399.998544,214.93330324266663,2.0666666666666664,1.6703488E7,145402.4,0.0,13.066666666666666,4.6,0.0
1378154325,4,10399.998544,213.199970152,2.05,1.6703488E7,156587.2,0.0,12.8,4.533333333333333,0.0
1378154625,4,10399.998544,213.199970152,2.05,1.6703488E7,201326.4,0.0,12.466666666666667,4.666666666666667,0.0
1378154925,4,10399.998544,213.199970152,2.05,1.6703488E7,167772.0,0.0,12.533333333333333,4.533333333333333,0.06666666666666667
1378155225,4,10399.998544,213.199970152,2.05,1.6703488E7,178956.8,0.0,12.533333333333333,4.6,0.0
1378155525,4,10399.998544,213.199970152,2.05,1.6703488E7,234880.8,0.0,12.399999999999999,4.666666666666667,0.0
1378155825,4,10399.998544,214.93330324266663,2.0666666666666664,1.6703488E7,178956.8,0.0,13.8,4.6,0.06666666666666667
1378156125,4,10399.998544,233.99996724000002,2.25,1.6703488E7,223696.0,0.0,18.066666666666666,4.666666666666667,0.06666666666666667
1378156425,4,10399.998544,213.199970152,2.05,1.6703488E7,246065.6,0.0,12.8,4.666666666666667,0.0
1378156725,4,10399.998544,213.199970152,2.05,1.6703488E7,145402.4,0.0,12.533333333333333,4.6,0.0
1378157025,4,10399.998544,213.199970152,2.05,1.6703488E7,0.0,0.0,12.666666666666666,4.666666666666667,0.0
1378157325,4,10399.998544,213.199970152,2.05,1.6703488E7,0.0,0.0,12.600000000000001,4.6,0.0
1378157625,4,10399.998544,213.199970152,2.05,1.6703488E7,156587.2,0.0,12.666666666666666,4.666666666666667,0.0
1378157925,4,10399.998544,213.199970152,2.05,1.6703488E7,357913.6,0.0,12.533333333333333,4.533333333333333,0.0
1378158225,4,10399.998544,207.99997088,2.0,1.6703488E7,246065.6,0.0,12.466666666666667,4.533333333333333,0.0
1378158525,4,10399.998544,209.73330397066667,2.0166666666666666,1.6703488E7,357913.6,0.0,12.333333333333332,4.6,0.0
1378158825,4,10399.998544,216.66663633333334,2.0833333333333335,1.6703488E7,357913.6,0.0,13.733333333333334,4.533333333333333,0.0
1378159125,4,10399.998544,213.199970152,2.05,1.6703488E7,436207.2,0.0,12.666666666666668,4.666666666666667,0.0
1378159425,4,10399.998544,220.1333025146667,2.1166666666666667,1.6703488E7,313174.4,0.0,13.666666666666666,4.666666666666667,0.13333333333333333
1378159725,4,10399.998544,235.73330033066665,2.2666666666666666,1.6703488E7,178956.8,0.0,18.733333333333334,4.8,0.06666666666666667
1378160025,4,10399.998544,213.199970152,2.05,1.6703488E7,313174.4,0.0,12.6,4.666666666666667,0.0
1378160325,4,10399.998544,213.199970152,2.05,1.6703488E7,167772.0,0.0,12.4,4.666666666666667,0.0
1378160625,4,10399.998544,213.199970152,2.05,1.6703488E7,190141.6,0.0,12.4,4.666666666666667,0.0
1378160925,4,10399.998544,207.99997088,2.0,1.6703488E7,123032.8,0.0,12.333333333333334,4.8,0.06666666666666667
1378161225,4,10399.998544,213.199970152,2.05,1.6703488E7,212511.2,0.0,13.2,4.666666666666667,0.0
1378161525,4,10399.998544,211.4666370613333,2.033333333333333,1.6703488E7,234880.8,0.0,12.333333333333332,4.733333333333333,0.06666666666666667
1378161825,4,10399.998544,289.46662614133334,2.783333333333333,1.6703488E7,346728.8,0.0,47.0,5.933333333333334,2.2666666666666666
1378162125,4,10399.998544,214.93330324266663,2.0666666666666664,1.6703488E7,279620.0,0.0,12.466666666666667,4.666666666666667,0.0
1378162425,4,10399.998544,211.4666370613333,2.033333333333333,1.6703488E7,234880.8,0.0,12.333333333333334,4.666666666666667,0.06666666666666667
1378162725,4,10399.998544,213.199970152,2.05,1.6703488E7,111848.0,0.0,12.4,4.6,0.0
1378163025,4,10399.998544,218.399969424,2.1,1.6703488E7,167772.0,0.0,13.533333333333333,4.6,0.06666666666666667
1378163325,4,10399.998544,232.26663414933333,2.2333333333333334,1.6703488E7,167772.0,0.0,18.333333333333336,4.666666666666667,0.06666666666666667
1378163625,4,10399.998544,213.199970152,2.05,1.6703488E7,313174.4,0.0,12.533333333333333,4.466666666666667,0.0
1378163926,4,10399.998544,213.199970152,2.05,1.6703488E7,89478.4,0.0,12.2,4.666666666666667,0.06666666666666667
1378164226,4,10399.998544,213.199970152,2.05,1.6703488E7,156587.2,0.0,12.6,4.6,0.0
1378164526,4,10399.998544,213.199970152,2.05,1.6703488E7,178956.8,0.0,12.333333333333332,4.6,0.0
1378164826,4,10399.998544,214.93330324266663,2.0666666666666664,1.6703488E7,178956.8,0.0,13.4,4.6,0.0
1378165126,4,10399.998544,211.4666370613333,2.033333333333333,1.6703488E7,55924.0,0.0,12.533333333333333,4.666666666666667,0.0
1378165426,4,10399.998544,216.66663633333334,2.0833333333333335,1.6703488E7,100663.2,0.0,12.533333333333335,4.666666666666667,0.06666666666666667
1378165726,4,10399.998544,209.73330397066667,2.0166666666666666,1.6703488E7,167772.0,0.0,12.666666666666668,4.533333333333333,0.0
1378166026,4,10399.998544,211.4666370613333,2.033333333333333,1.6703488E7,67108.8,0.0,12.2,4.533333333333333,0.0
1378166326,4,10399.998544,213.199970152,2.05,1.6703488E7,100663.2,0.0,12.533333333333333,4.533333333333333,0.0
1378166626,4,10399.998544,216.66663633333334,2.0833333333333335,1.6703488E7,190141.6,0.0,13.399999999999999,4.666666666666667,0.06666666666666667
1378166926,4,10399.998544,230.5333010586667,2.216666666666667,1.6703488E7,246065.6,0.0,18.0,4.6,0.0
1378167226,4,10399.998544,213.199970152,2.05,1.6703488E7,324359.2,0.0,12.533333333333333,4.466666666666667,0.06666666666666667
1378167526,4,10399.998544,213.199970152,2.05,1.6703488E7,167772.0,0.0,12.333333333333332,4.533333333333333,0.0
1378167826,4,10399.998544,209.73330397066667,2.0166666666666666,1.6703488E7,234880.8,0.0,12.533333333333333,4.466666666666667,0.0
1378168126,4,10399.998544,213.199970152,2.05,1.6703488E7,134217.6,0.0,12.4,4.6,0.06666666666666667
1378168426,4,10399.998544,211.4666370613333,2.033333333333333,1.6703488E7,100663.2,0.0,13.133333333333333,4.533333333333333,0.0
1378168726,4,10399.998544,211.4666370613333,2.033333333333333,1.6703488E7,201326.4,0.0,12.266666666666666,4.6,0.0
1378169026,4,10399.998544,209.73330397066667,2.0166666666666666,1.6703488E7,100663.2,0.0,12.266666666666666,4.466666666666667,0.06666666666666667
1378169326,4,10399.998544,213.199970152,2.05,1.6703488E7,67108.8,0.0,12.533333333333335,4.6,0.0
1378169627,4,10399.998544,213.199970152,2.05,1.6703488E7,156587.2,0.0,12.4,4.533333333333333,0.0
1378169927,4,10399.998544,213.199970152,2.05,1.6703488E7,167772.0,0.0,12.466666666666667,4.6,0.0
1378170227,4,10399.998544,216.66663633333334,2.0833333333333335,1.6703488E7,67108.8,0.0,14.066666666666666,4.666666666666667,0.13333333333333333
1378170527,4,10399.998544,249.599965056,2.4,1.6703488E7,223696.0,0.0,77.53333333333333,19.6,0.3333333333333333
1378170827,4,10399.998544,213.199970152,2.05,1.6703488E7,402652.8,0.0,12.666666666666666,4.666666666666667,0.0
1378171127,4,10399.998544,213.199970152,2.05,1.6703488E7,268435.2,0.0,12.533333333333333,4.6,0.0
1378171427,4,10399.998544,207.99997088,2.0,1.6703488E7,212511.2,0.0,12.333333333333334,4.533333333333333,0.0
1378171727,4,10399.998544,213.199970152,2.05,1.6703488E7,324359.2,0.0,12.466666666666667,4.733333333333333,0.0
1378172027,4,10399.998544,213.199970152,2.05,1.6703488E7,167772.0,0.0,12.666666666666668,4.6,0.0
1378172327,4,10399.998544,213.199970152,2.05,1.6703488E7,190141.6,0.0,12.666666666666666,4.666666666666667,0.06666666666666667
1378172627,4,10399.998544,213.199970152,2.05,1.6703488E7,268435.2,0.0,12.733333333333334,4.6,0.0
1378172927,4,10399.998544,216.66663633333334,2.0833333333333335,1.6703488E7,268435.2,0.0,16.133333333333333,4.866666666666666,0.3333333333333333
1378173227,4,10399.998544,220.1333025146667,2.1166666666666667,1.6703488E7,234880.8,0.0,12.533333333333333,4.6,0.0
1378173527,4,10399.998544,220.1333025146667,2.1166666666666667,1.6703488E7,234880.8,0.0,12.666666666666666,4.6,0.0
1378173827,4,10399.998544,384.799946128,3.7,1.6703488E7,145402.4,0.0,15.533333333333333,6.2,0.8666666666666667
1378174127,4,10399.998544,237.4666334213333,2.283333333333333,1.6703488E7,425022.4,0.0,19.266666666666666,4.733333333333333,0.0
1378174427,4,10399.998544,213.199970152,2.05,1.6703488E7,234880.8,0.0,12.333333333333334,4.6,0.06666666666666667
1378174727,4,10399.998544,213.199970152,2.05,1.6703488E7,167772.0,0.0,12.666666666666666,4.666666666666667,0.0
1378175027,4,10399.998544,244.39996578400002,2.35,1.6703488E7,290804.8,0.0,26.53333333333333,11.6,0.26666666666666666
1378175327,4,10399.998544,213.199970152,2.05,1.6703488E7,380283.2,0.0,12.466666666666667,4.6,0.06666666666666667
1378175627,4,10399.998544,213.199970152,2.05,1.6703488E7,44739.2,0.0,12.8,4.6,0.0
1378175927,4,10399.998544,213.199970152,2.05,1.6703488E7,0.0,0.0,12.0,4.733333333333333,0.06666666666666667
1378176227,4,10399.998544,213.199970152,2.05,1.6703488E7,145402.4,0.0,12.733333333333334,4.6,0.06666666666666667
1378176527,4,10399.998544,213.199970152,2.05,1.6703488E7,134217.6,0.0,12.333333333333334,4.6,0.0
1378176827,4,10399.998544,211.4666370613333,2.033333333333333,1.6703488E7,167772.0,0.0,12.4,4.6,0.0
1378177127,4,10399.998544,209.73330397066667,2.0166666666666666,1.6703488E7,234880.8,0.0,12.466666666666667,4.666666666666667,0.06666666666666667
1378177427,4,10399.998544,216.66663633333334,2.0833333333333335,1.6703488E7,369098.4,0.0,13.466666666666665,4.666666666666667,0.06666666666666667
1378177727,4,10399.998544,232.26663414933333,2.2333333333333334,1.6703488E7,190141.6,0.0,18.333333333333336,4.6,0.0
1378178027,4,10399.998544,213.199970152,2.05,1.6703488E7,458576.8,0.0,12.666666666666666,4.666666666666667,0.06666666666666667
1378178327,4,10399.998544,213.199970152,2.05,1.6703488E7,268435.2,0.0,12.333333333333334,4.666666666666667,0.0
1378178627,4,10399.998544,213.199970152,2.05,1.6703488E7,234880.8,0.0,12.8,4.733333333333333,0.0
1378178927,4,10399.998544,216.66663633333334,2.0833333333333335,1.6703488E7,201326.4,0.0,12.266666666666666,4.733333333333333,0.06666666666666667
1378179227,4,10399.998544,209.73330397066667,2.0166666666666666,1.6703488E7,44739.2,0.0,12.8,4.666666666666667,0.0
1378179527,4,10399.998544,213.199970152,2.05,1.6703488E7,0.0,0.0,12.733333333333334,4.6,0.0
1378179828,4,10399.998544,211.4666370613333,2.033333333333333,1.6703488E7,11184.8,0.0,12.4,4.733333333333333,0.0
1378180128,4,10399.998544,213.199970152,2.05,1.6703488E7,78293.6,0.0,12.466666666666667,4.666666666666667,0.0
1378180428,4,10399.998544,213.199970152,2.05,1.6703488E7,111848.0,0.0,12.533333333333333,4.666666666666667,0.0
1378180728,4,10399.998544,213.199970152,2.05,1.6703488E7,234880.8,0.0,12.866666666666667,4.466666666666667,0.0
1378181028,4,10399.998544,218.399969424,2.1,1.6703488E7,257250.4,0.0,13.266666666666666,4.6,0.06666666666666667
1378181328,4,10399.998544,235.73330033066665,2.2666666666666666,1.6703488E7,234880.8,0.0,19.066666666666666,4.733333333333333,0.06666666666666667
1378181628,4,10399.998544,211.4666370613333,2.033333333333333,1.6703488E7,324359.2,0.0,12.866666666666667,4.533333333333333,0.0
1378181928,4,10399.998544,209.73330397066667,2.0166666666666666,1.6703488E7,100663.2,0.0,12.466666666666667,4.533333333333333,0.06666666666666667
1378182228,4,10399.998544,211.4666370613333,2.033333333333333,1.6703488E7,145402.4,0.0,12.733333333333334,4.6,0.0
1378182528,4,10399.998544,213.199970152,2.05,1.6703488E7,156587.2,0.0,12.2,4.733333333333333,0.0
1378182828,4,10399.998544,213.199970152,2.05,1.6703488E7,369098.4,0.0,12.600000000000001,4.6,0.0
1378183128,4,10399.998544,213.199970152,2.05,1.6703488E7,357913.6,0.0,12.533333333333335,4.6,0.0
1378183428,4,10399.998544,213.199970152,2.05,1.6703488E7,156587.2,0.0,12.4,4.6,0.0
1378183728,4,10399.998544,213.199970152,2.05,1.6703488E7,100663.2,0.0,12.733333333333334,4.666666666666667,0.0
1378184028,4,10399.998544,211.4666370613333,2.033333333333333,1.6703488E7,279620.0,0.0,12.8,4.6,0.06666666666666667
1378184328,4,10399.998544,211.4666370613333,2.033333333333333,1.6703488E7,212511.2,0.0,12.466666666666667,4.533333333333333,0.0
1378184628,4,10399.998544,216.66663633333334,2.0833333333333335,1.6703488E7,167772.0,0.0,13.533333333333331,4.666666666666667,0.0
1378184928,4,10399.998544,235.73330033066665,2.2666666666666666,1.6703488E7,290804.8,0.0,18.133333333333333,4.733333333333333,0.06666666666666667
1378185228,4,10399.998544,213.199970152,2.05,1.6703488E7,369098.4,0.0,12.666666666666668,4.6,0.06666666666666667
1378185528,4,10399.998544,213.199970152,2.05,1.6703488E7,167772.0,0.0,12.600000000000001,4.533333333333333,0.0
1378185828,4,10399.998544,213.199970152,2.05,1.6703488E7,313174.4,0.0,12.600000000000001,4.6,0.0
1378186128,4,10399.998544,213.199970152,2.05,1.6703488E7,100663.2,0.0,12.466666666666667,4.6,0.06666666666666667
1378186428,4,10399.998544,213.199970152,2.05,1.6703488E7,111848.0,0.0,12.733333333333334,4.533333333333333,0.0
1378186728,4,10399.998544,213.199970152,2.05,1.6703488E7,134217.6,0.0,12.4,4.533333333333333,0.0
1378187028,4,10399.998544,211.4666370613333,2.033333333333333,1.6703488E7,156587.2,0.0,12.8,4.6,0.06666666666666667
1378187328,4,10399.998544,211.4666370613333,2.033333333333333,1.6703488E7,111848.0,0.0,12.266666666666666,4.6,0.0
1378187628,4,10399.998544,213.199970152,2.05,1.6703488E7,89478.4,0.0,12.533333333333333,4.733333333333333,0.06666666666666667
1378187928,4,10399.998544,213.199970152,2.05,1.6703488E7,100663.2,0.0,12.533333333333333,4.666666666666667,0.0
1378188228,4,10399.998544,218.399969424,2.1,1.6703488E7,212511.2,0.0,13.666666666666668,4.8,0.06666666666666667
1378188529,4,10399.998544,233.99996724000002,2.25,1.6703488E7,234880.8,0.0,18.133333333333333,4.733333333333333,0.0
1378188829,4,10399.998544,213.199970152,2.05,1.6703488E7,290804.8,0.0,12.333333333333334,4.533333333333333,0.0
1378189129,4,10399.998544,211.4666370613333,2.033333333333333,1.6703488E7,67108.8,0.0,12.4,4.6,0.06666666666666667
1378189429,4,10399.998544,213.199970152,2.05,1.6703488E7,201326.4,0.0,12.466666666666667,4.6,0.06666666666666667
1378189729,4,10399.998544,211.4666370613333,2.033333333333333,1.6703488E7,178956.8,0.0,12.466666666666667,4.533333333333333,0.0
1378190029,4,10399.998544,214.93330324266663,2.0666666666666664,1.6703488E7,279620.0,0.0,12.8,4.666666666666667,0.06666666666666667
1378190329,4,10399.998544,213.199970152,2.05,1.6703488E7,357913.6,0.0,12.666666666666668,4.533333333333333,0.0
1378190629,4,10399.998544,213.199970152,2.05,1.6703488E7,212511.2,0.0,12.666666666666668,4.6,0.0
1378190929,4,10399.998544,213.199970152,2.05,1.6703488E7,257250.4,0.0,12.533333333333333,4.6,0.0
1378191229,4,10399.998544,213.199970152,2.05,1.6703488E7,123032.8,0.0,12.733333333333334,4.733333333333333,0.0
1378191529,4,10399.998544,211.4666370613333,2.033333333333333,1.6703488E7,167772.0,0.0,12.333333333333334,4.733333333333333,0.0
1378191829,4,10399.998544,216.66663633333334,2.0833333333333335,1.6703488E7,123032.8,0.0,14.0,4.666666666666667,0.2
1378192129,4,10399.998544,233.99996724000002,2.25,1.6703488E7,234880.8,0.0,18.200000000000003,4.8,0.0
1378192429,4,10399.998544,211.4666370613333,2.033333333333333,1.6703488E7,178956.8,0.0,12.4,4.666666666666667,0.0
1378192729,4,10399.998544,213.199970152,2.05,1.6703488E7,190141.6,0.0,12.266666666666666,4.6,0.0
1378193029,4,10399.998544,213.199970152,2.05,1.6703488E7,223696.0,0.0,12.0,4.466666666666667,0.0
1378193329,4,10399.998544,211.4666370613333,2.033333333333333,1.6703488E7,257250.4,0.0,12.266666666666666,4.466666666666667,0.0
1378193629,4,10399.998544,213.199970152,2.05,1.6703488E7,234880.8,0.0,12.733333333333334,4.666666666666667,0.0
1378193929,4,10399.998544,211.4666370613333,2.033333333333333,1.6703488E7,234880.8,0.0,12.066666666666666,4.4,0.06666666666666667
1378194229,4,10399.998544,209.73330397066667,2.0166666666666666,1.6703488E7,246065.6,0.0,12.533333333333333,4.533333333333333,0.0
1378194529,4,10399.998544,213.199970152,2.05,1.6703488E7,268435.2,0.0,12.0,4.533333333333333,0.0
1378194829,4,10399.998544,211.4666370613333,2.033333333333333,1.6703488E7,234880.8,0.0,12.600000000000001,4.466666666666667,0.06666666666666667
1378195129,4,10399.998544,213.199970152,2.05,1.6703488E7,100663.2,0.0,12.0,4.466666666666667,0.0
1378195429,4,10399.998544,218.399969424,2.1,1.6703488E7,223696.0,0.0,13.533333333333335,4.6,0.06666666666666667
1378195729,4,10399.998544,233.99996724000002,2.25,1.6703488E7,234880.8,0.0,18.066666666666666,4.6,0.0
1378196029,4,10399.998544,213.199970152,2.05,1.6703488E7,268435.2,0.0,12.2,4.466666666666667,0.0
1378196329,4,10399.998544,211.4666370613333,2.033333333333333,1.6703488E7,134217.6,0.0,12.333333333333334,4.466666666666667,0.0
1378196629,4,10399.998544,213.199970152,2.05,1.6703488E7,201326.4,0.0,12.2,4.466666666666667,0.0
1378196929,4,10399.998544,211.4666370613333,2.033333333333333,1.6703488E7,134217.6,0.0,12.266666666666666,4.466666666666667,0.0
1378197229,4,10399.998544,211.4666370613333,2.033333333333333,1.6703488E7,268435.2,0.0,12.4,4.4,0.0
1378197529,4,10399.998544,209.73330397066667,2.0166666666666666,1.6703488E7,234880.8,0.0,12.266666666666666,4.466666666666667,0.0
1378197829,4,10399.998544,213.199970152,2.05,1.6703488E7,201326.4,0.0,12.2,4.533333333333333,0.0
1378198129,4,10399.998544,211.4666370613333,2.033333333333333,1.6703488E7,100663.2,0.0,12.2,4.4,0.0
1378198429,4,10399.998544,213.199970152,2.05,1.6703488E7,67108.8,0.0,12.466666666666667,4.466666666666667,0.0
1378198730,4,10399.998544,213.199970152,2.05,1.6703488E7,0.0,0.0,11.866666666666667,4.4,0.0
1378199030,4,10399.998544,214.93330324266663,2.0666666666666664,1.6703488E7,100663.2,0.0,13.466666666666665,4.466666666666667,0.13333333333333333
1378199330,4,10399.998544,233.99996724000002,2.25,1.6703488E7,223696.0,0.0,17.533333333333335,4.6,0.0
1378199630,4,10399.998544,213.199970152,2.05,1.6703488E7,190141.6,0.0,12.533333333333333,4.4,0.0
1378199930,4,10399.998544,213.199970152,2.05,1.6703488E7,89478.4,0.0,12.266666666666666,4.333333333333333,0.0
1378200230,4,10399.998544,213.199970152,2.05,1.6703488E7,268435.2,0.0,12.466666666666667,4.466666666666667,0.0
1378200530,4,10399.998544,213.199970152,2.05,1.6703488E7,301989.6,0.0,12.266666666666666,4.6,0.0
1378200830,4,10399.998544,214.93330324266663,2.0666666666666664,1.6703488E7,234880.8,0.0,12.533333333333333,4.533333333333333,0.06666666666666667
1378201130,4,10399.998544,377.86661376533334,3.6333333333333333,1.6703488E7,369098.4,0.0,14.133333333333333,95.66666666666667,13.133333333333333
1378201430,4,10399.998544,452.399936664,4.35,1.6703488E7,1275067.2,0.0,14.2,12.866666666666667,20.466666666666665
1378201730,4,10399.998544,213.199970152,2.05,1.6703488E7,402652.8,0.0,12.4,4.466666666666667,0.0
1378202030,4,10399.998544,213.199970152,2.05,1.6703488E7,67108.8,0.0,12.266666666666666,4.266666666666667,0.0
1378202330,4,10399.998544,209.73330397066667,2.0166666666666666,1.6703488E7,167772.0,0.0,12.0,4.466666666666667,0.0
1378202630,4,10399.998544,220.1333025146667,2.1166666666666667,1.6703488E7,190141.6,0.0,13.933333333333334,4.533333333333333,0.13333333333333333
1378202930,4,10399.998544,233.99996724000002,2.25,1.6703488E7,279620.0,0.0,17.733333333333334,4.533333333333333,0.0
1378203230,4,10399.998544,223.599968696,2.15,1.6703488E7,212511.2,0.0,13.8,4.866666666666666,0.3333333333333333
1378203530,4,10399.998544,213.199970152,2.05,1.6703488E7,167772.0,0.0,12.0,4.333333333333333,0.0
1378203830,4,10399.998544,213.199970152,2.05,1.6703488E7,145402.4,0.0,12.533333333333333,4.466666666666667,0.06666666666666667
1378204130,4,10399.998544,213.199970152,2.05,1.6703488E7,246065.6,0.0,12.266666666666666,4.333333333333333,0.0
1378204430,4,10399.998544,228.79996796800003,2.2,1.6703488E7,100663.2,0.0,12.333333333333332,4.466666666666667,0.06666666666666667
1378204730,4,10399.998544,213.199970152,2.05,1.6703488E7,212511.2,0.0,12.466666666666667,4.4,0.0
1378205030,4,10399.998544,211.4666370613333,2.033333333333333,1.6703488E7,178956.8,0.0,12.066666666666666,4.533333333333333,0.0
1378205330,4,10399.998544,209.73330397066667,2.0166666666666666,1.6703488E7,100663.2,0.0,12.266666666666667,4.466666666666667,0.0
1378205630,4,10399.998544,213.199970152,2.05,1.6703488E7,257250.4,0.0,11.933333333333334,4.4,0.0
1378205930,4,10399.998544,213.199970152,2.05,1.6703488E7,156587.2,0.0,12.0,4.4,0.0
1378206230,4,10399.998544,218.399969424,2.1,1.6703488E7,290804.8,0.0,13.600000000000001,4.533333333333333,0.06666666666666667
1378206530,4,10399.998544,237.4666334213333,2.283333333333333,1.6703488E7,335544.0,0.0,17.533333333333335,4.533333333333333,0.0
1378206831,4,10399.998544,213.199970152,2.05,1.6703488E7,178956.8,0.0,12.533333333333333,4.533333333333333,0.0
1378207131,4,10399.998544,213.199970152,2.05,1.6703488E7,301989.6,0.0,12.2,4.4,0.0
1378207431,4,10399.998544,211.4666370613333,2.033333333333333,1.6703488E7,201326.4,0.0,12.266666666666666,4.4,0.0
1378207731,4,10399.998544,213.199970152,2.05,1.6703488E7,167772.0,0.0,12.399999999999999,4.533333333333333,0.0
1378208031,4,10399.998544,211.4666370613333,2.033333333333333,1.6703488E7,167772.0,0.0,12.333333333333332,4.466666666666667,0.0
1378208331,4,10399.998544,211.4666370613333,2.033333333333333,1.6703488E7,167772.0,0.0,12.600000000000001,4.533333333333333,0.0
1378208631,4,10399.998544,209.73330397066667,2.0166666666666666,1.6703488E7,223696.0,0.0,12.066666666666666,4.466666666666667,0.0
1378208931,4,10399.998544,213.199970152,2.05,1.6703488E7,313174.4,0.0,12.133333333333333,4.466666666666667,0.0
1378209231,4,10399.998544,213.199970152,2.05,1.6703488E7,201326.4,0.0,12.333333333333334,4.466666666666667,0.0
1378209531,4,10399.998544,213.199970152,2.05,1.6703488E7,167772.0,0.0,12.2,4.6,0.0
1378209831,4,10399.998544,213.199970152,2.05,1.6703488E7,201326.4,0.0,13.4,4.533333333333333,0.0
1378210131,4,10399.998544,233.99996724000002,2.25,1.6703488E7,268435.2,0.0,17.6,4.666666666666667,0.0
1378210431,4,10399.998544,213.199970152,2.05,1.6703488E7,313174.4,0.0,12.600000000000001,4.466666666666667,0.0
1378210731,4,10399.998544,213.199970152,2.05,1.6703488E7,100663.2,0.0,12.066666666666666,4.533333333333333,0.0
1378211031,4,10399.998544,213.199970152,2.05,1.6703488E7,257250.4,0.0,12.133333333333333,4.333333333333333,0.0
1378211331,4,10399.998544,211.4666370613333,2.033333333333333,1.6703488E7,123032.8,0.0,12.4,4.533333333333333,0.0
1378211631,4,10399.998544,211.4666370613333,2.033333333333333,1.6703488E7,156587.2,0.0,12.6,4.533333333333333,0.0
1378211931,4,10399.998544,213.199970152,2.05,1.6703488E7,201326.4,0.0,12.2,4.533333333333333,0.0
1378212231,4,10399.998544,213.199970152,2.05,1.6703488E7,145402.4,0.0,12.266666666666667,4.466666666666667,0.0
1378212531,4,10399.998544,213.199970152,2.05,1.6703488E7,201326.4,0.0,12.133333333333333,4.6,0.0
1378212831,4,10399.998544,213.199970152,2.05,1.6703488E7,246065.6,0.0,12.2,4.466666666666667,0.0
1378213131,4,10399.998544,213.199970152,2.05,1.6703488E7,67108.8,0.0,12.266666666666666,4.466666666666667,0.0
1378213431,4,10399.998544,220.1333025146667,2.1166666666666667,1.6703488E7,111848.0,0.0,13.733333333333333,4.466666666666667,0.06666666666666667
1378213731,4,10399.998544,235.73330033066665,2.2666666666666666,1.6703488E7,100663.2,0.0,17.933333333333334,4.6,0.0
1378214031,4,10399.998544,213.199970152,2.05,1.6703488E7,246065.6,0.0,12.066666666666666,4.4,0.0
1378214331,4,10399.998544,211.4666370613333,2.033333333333333,1.6703488E7,190141.6,0.0,12.333333333333334,4.4,0.0
1378214631,4,10399.998544,209.73330397066667,2.0166666666666666,1.6703488E7,357913.6,0.0,11.933333333333334,4.266666666666667,0.0
1378214931,4,10399.998544,213.199970152,2.05,1.6703488E7,190141.6,0.0,12.4,4.466666666666667,0.0
1378215231,4,10399.998544,240.93329960266664,2.3166666666666664,1.6703488E7,111848.0,0.0,13.133333333333333,8.733333333333333,6.0
1378215531,4,10399.998544,565.0665875573334,5.433333333333334,1.6703488E7,1867861.6,0.0,14.733333333333334,87.2,7.6
1378215831,4,10399.998544,213.199970152,2.05,1.6703488E7,592794.4,0.0,12.266666666666667,4.466666666666667,0.06666666666666667
1378216131,4,10399.998544,213.199970152,2.05,1.6703488E7,190141.6,0.0,12.0,4.533333333333333,0.0
1378216431,4,10399.998544,209.73330397066667,2.0166666666666666,1.6703488E7,246065.6,0.0,12.533333333333333,4.4,0.0
1378216731,4,10399.998544,209.73330397066667,2.0166666666666666,1.6703488E7,145402.4,0.0,11.866666666666667,4.333333333333333,0.0
1378217031,4,10399.998544,216.66663633333334,2.0833333333333335,1.6703488E7,201326.4,0.0,13.533333333333331,4.4,0.13333333333333333
1378217331,4,10399.998544,244.39996578400002,2.35,1.6703488E7,369098.4,0.0,19.333333333333332,4.733333333333333,0.3333333333333333
1378217631,4,10399.998544,209.73330397066667,2.0166666666666666,1.6703488E7,335544.0,0.0,12.2,4.4,0.06666666666666667
1378217932,4,10399.998544,213.199970152,2.05,1.6703488E7,201326.4,0.0,12.2,4.466666666666667,0.0
1378218232,4,10399.998544,213.199970152,2.05,1.6703488E7,67108.8,0.0,11.866666666666667,4.466666666666667,0.0
1378218532,4,10399.998544,213.199970152,2.05,1.6703488E7,223696.0,0.0,12.066666666666666,4.466666666666667,0.0
1378218832,4,10399.998544,214.93330324266663,2.0666666666666664,1.6703488E7,301989.6,0.0,12.133333333333333,4.466666666666667,0.0
1378219132,4,10399.998544,213.199970152,2.05,1.6703488E7,201326.4,0.0,12.133333333333333,4.4,0.0
1378219432,4,10399.998544,213.199970152,2.05,1.6703488E7,290804.8,0.0,12.333333333333332,4.4,0.0
1378219732,4,10399.998544,213.199970152,2.05,1.6703488E7,268435.2,0.0,11.8,4.466666666666667,0.0
1378220032,4,10399.998544,213.199970152,2.05,1.6703488E7,67108.8,0.0,12.466666666666667,4.4,0.0
1378220332,4,10399.998544,211.4666370613333,2.033333333333333,1.6703488E7,313174.4,0.0,11.733333333333334,4.333333333333333,0.06666666666666667
1378220632,4,10399.998544,213.199970152,2.05,1.6703488E7,246065.6,0.0,13.466666666666665,4.533333333333333,0.06666666666666667
1378220932,4,10399.998544,239.199966512,2.3,1.6703488E7,167772.0,0.0,17.933333333333334,4.533333333333333,0.0
1378221232,4,10399.998544,1435.1997990720001,13.8,1.6703488E7,33554.4,0.0,13.0,13.666666666666666,4.266666666666667
1378221532,4,10399.998544,674.2665722693334,6.483333333333333,1.6703488E7,324359.2,0.0,13.2,4.466666666666667,0.06666666666666667
1378221832,4,10399.998544,194.13330615466666,1.8666666666666665,1.6703488E7,212511.2,0.0,12.133333333333333,4.333333333333333,0.0
1378222132,4,10399.998544,201.06663851733333,1.9333333333333333,1.6703488E7,436207.2,0.0,12.666666666666668,4.4,0.0
1378222432,4,10399.998544,195.86663924533335,1.8833333333333335,1.6703488E7,167772.0,0.0,12.333333333333332,4.333333333333333,0.0
1378222732,4,10399.998544,192.399973064,1.85,1.6703488E7,100663.2,0.0,12.333333333333334,4.333333333333333,0.0
1378223032,4,10399.998544,187.199973792,1.8,1.6703488E7,246065.6,0.0,12.266666666666666,4.333333333333333,0.0
1378223332,4,10399.998544,188.93330688266667,1.8166666666666667,1.6703488E7,201326.4,0.0,12.533333333333333,4.333333333333333,0.0
1378223632,4,10399.998544,188.93330688266667,1.8166666666666667,1.6703488E7,246065.6,0.0,12.2,4.333333333333333,0.0
1378223932,4,10399.998544,207.99997088,2.0,1.6703488E7,246065.6,0.0,12.133333333333333,4.4,0.0
1378224232,4,10399.998544,195.86663924533335,1.8833333333333335,1.6703488E7,223696.0,0.0,13.933333333333334,4.533333333333333,0.13333333333333333
1378224532,4,10399.998544,1951.7330600906666,18.766666666666666,1.6703488E7,1867861.6,0.0,28.333333333333332,180.93333333333334,331.3333333333333
1378224832,4,10399.998544,1878.9330702826667,18.066666666666666,1.6703488E7,1879046.4,0.0,23.066666666666666,88.53333333333333,321.4
1378225132,4,10399.998544,1163.0665038373331,11.183333333333332,1.6703488E7,1957340.0,0.0,17.8,65.46666666666667,61.0
1378225432,4,10399.998544,185.46664070133335,1.7833333333333334,1.6703488E7,1029001.6,0.0,12.333333333333334,4.4,0.0
1378225732,4,10399.998544,183.73330761066666,1.7666666666666666,1.6703488E7,178956.8,0.0,12.0,4.4,0.0
1378226032,4,10399.998544,190.66663997333336,1.8333333333333335,1.6703488E7,111848.0,0.0,12.866666666666667,4.466666666666667,0.0
1378226332,4,10399.998544,188.93330688266667,1.8166666666666667,1.6703488E7,123032.8,0.0,12.333333333333334,4.4,0.0
1378226632,4,10399.998544,213.199970152,2.05,1.6703488E7,134217.6,0.0,13.066666666666666,8.466666666666667,6.066666666666666
1378226932,4,10399.998544,1956.9330593626667,18.816666666666666,1.6703488E7,1711274.4,0.0,22.8,154.26666666666668,47.666666666666664
1378227232,4,10399.998544,1818.2664121093333,17.483333333333334,1.6703488E7,1722459.2,0.0,22.666666666666668,55.666666666666664,99.0
1378227533,4,10399.998544,1358.933143082667,13.066666666666668,1.6703488E7,1778383.2,0.0,20.666666666666668,82.26666666666667,530.4
1378227833,4,10399.998544,2010.666385173333,19.333333333333332,1.6703488E7,1856676.8,0.0,23.133333333333333,123.13333333333334,104.46666666666667
1378228133,4,10399.998544,374.399947584,3.6,1.6703488E7,1465208.8,0.0,19.933333333333334,14.733333333333333,6.466666666666667
1378228433,4,10399.998544,183.73330761066666,1.7666666666666666,1.6703488E7,503316.0,0.0,12.066666666666666,4.533333333333333,0.06666666666666667
1378228733,4,10399.998544,187.199973792,1.8,1.6703488E7,178956.8,0.0,12.266666666666667,4.466666666666667,0.0
1378229033,4,10399.998544,187.199973792,1.8,1.6703488E7,100663.2,0.0,12.466666666666667,4.466666666666667,0.06666666666666667
1378229333,4,10399.998544,187.199973792,1.8,1.6703488E7,257250.4,0.0,11.933333333333334,4.4,0.0
1378229633,4,10399.998544,190.66663997333336,1.8333333333333335,1.6703488E7,246065.6,0.0,12.666666666666666,4.6,0.0
1378229933,4,10399.998544,201.06663851733333,1.9333333333333333,1.6703488E7,257250.4,0.0,13.466666666666669,4.933333333333334,0.4
1378230233,4,10399.998544,190.66663997333336,1.8333333333333335,1.6703488E7,145402.4,0.0,12.399999999999999,4.533333333333333,0.0
1378230533,4,10399.998544,187.199973792,1.8,1.6703488E7,223696.0,0.0,12.333333333333334,4.533333333333333,0.0
1378230833,4,10399.998544,187.199973792,1.8,1.6703488E7,257250.4,0.0,12.066666666666666,4.466666666666667,0.0
1378231133,4,10399.998544,185.46664070133335,1.7833333333333334,1.6703488E7,89478.4,0.0,12.333333333333334,4.466666666666667,0.0
1378231433,4,10399.998544,192.399973064,1.85,1.6703488E7,369098.4,0.0,13.399999999999999,4.6,0.0
1378231733,4,10399.998544,214.93330324266663,2.0666666666666664,1.6703488E7,301989.6,0.0,17.933333333333334,4.666666666666667,0.0
1378232033,4,10399.998544,575.4665861013334,5.533333333333334,1.6703488E7,939523.2,0.0,15.6,92.93333333333334,84.6
1378232333,4,10399.998544,192.399973064,1.85,1.6703488E7,1901416.0,0.0,12.2,4.533333333333333,0.0
1378232633,4,10399.998544,187.199973792,1.8,1.6703488E7,357913.6,0.0,12.066666666666666,4.533333333333333,0.0
1378232933,4,10399.998544,187.199973792,1.8,1.6703488E7,190141.6,0.0,12.0,4.466666666666667,0.0
1378233233,4,10399.998544,188.93330688266667,1.8166666666666667,1.6703488E7,212511.2,0.0,12.4,4.333333333333333,0.0
1378233533,4,10399.998544,188.93330688266667,1.8166666666666667,1.6703488E7,234880.8,0.0,12.066666666666666,4.533333333333333,0.0
1378233833,4,10399.998544,185.46664070133335,1.7833333333333334,1.6703488E7,201326.4,0.0,12.333333333333334,4.4,0.0
1378234133,4,10399.998544,204.53330469866665,1.9666666666666666,1.6703488E7,346728.8,0.0,13.533333333333335,4.866666666666666,0.3333333333333333
1378234433,4,10399.998544,188.93330688266667,1.8166666666666667,1.6703488E7,246065.6,0.0,12.0,4.533333333333333,0.0
1378234733,4,10399.998544,185.46664070133335,1.7833333333333334,1.6703488E7,178956.8,0.0,12.4,4.533333333333333,0.0
1378235033,4,10399.998544,213.199970152,2.05,1.6703488E7,212511.2,0.0,18.2,4.733333333333333,0.26666666666666666
1378235333,4,10399.998544,218.399969424,2.1,1.6703488E7,279620.0,0.0,18.4,4.6,0.0
1378235633,4,10399.998544,188.93330688266667,1.8166666666666667,1.6703488E7,190141.6,0.0,12.466666666666667,4.466666666666667,0.0
1378235933,4,10399.998544,188.93330688266667,1.8166666666666667,1.6703488E7,145402.4,0.0,11.933333333333334,4.466666666666667,0.0
1378236233,4,10399.998544,192.399973064,1.85,1.6703488E7,0.0,0.0,12.466666666666667,4.4,0.06666666666666667
1378236533,4,10399.998544,187.199973792,1.8,1.6703488E7,78293.6,0.0,11.8,4.466666666666667,0.0
1378236834,4,10399.998544,190.66663997333336,1.8333333333333335,1.6703488E7,290804.8,0.0,12.666666666666668,4.533333333333333,0.0
1378237134,4,10399.998544,188.93330688266667,1.8166666666666667,1.6703488E7,167772.0,0.0,12.133333333333333,4.533333333333333,0.0
1378237434,4,10399.998544,185.46664070133335,1.7833333333333334,1.6703488E7,123032.8,0.0,12.466666666666667,4.533333333333333,0.06666666666666667
1378237734,4,10399.998544,183.73330761066666,1.7666666666666666,1.6703488E7,145402.4,0.0,12.066666666666666,4.466666666666667,0.0
1378238034,4,10399.998544,188.93330688266667,1.8166666666666667,1.6703488E7,234880.8,0.0,12.4,4.533333333333333,0.0
1378238334,4,10399.998544,190.66663997333336,1.8333333333333335,1.6703488E7,123032.8,0.0,12.2,4.466666666666667,0.0
1378238634,4,10399.998544,195.86663924533335,1.8833333333333335,1.6703488E7,44739.2,0.0,13.266666666666666,4.533333333333333,0.06666666666666667
1378238934,4,10399.998544,211.4666370613333,2.033333333333333,1.6703488E7,234880.8,0.0,17.733333333333334,4.533333333333333,0.0
1378239234,4,10399.998544,188.93330688266667,1.8166666666666667,1.6703488E7,201326.4,0.0,12.333333333333334,4.466666666666667,0.0
1378239534,4,10399.998544,187.199973792,1.8,1.6703488E7,0.0,0.0,12.066666666666666,4.466666666666667,0.0
1378239834,4,10399.998544,187.199973792,1.8,1.6703488E7,100663.2,0.0,12.2,4.466666666666667,0.0
1378240134,4,10399.998544,185.46664070133335,1.7833333333333334,1.6703488E7,33554.4,0.0,12.4,4.333333333333333,0.0
1378240434,4,10399.998544,188.93330688266667,1.8166666666666667,1.6703488E7,156587.2,0.0,13.066666666666666,4.466666666666667,0.0
1378240734,4,10399.998544,188.93330688266667,1.8166666666666667,1.6703488E7,167772.0,0.0,12.266666666666667,4.466666666666667,0.0
1378241034,4,10399.998544,188.93330688266667,1.8166666666666667,1.6703488E7,201326.4,0.0,12.333333333333334,4.4,0.0
1378241334,4,10399.998544,187.199973792,1.8,1.6703488E7,201326.4,0.0,12.066666666666666,4.533333333333333,0.0
1378241634,4,10399.998544,187.199973792,1.8,1.6703488E7,246065.6,0.0,12.133333333333333,4.333333333333333,0.0
1378241934,4,10399.998544,190.66663997333336,1.8333333333333335,1.6703488E7,178956.8,0.0,12.2,4.533333333333333,0.0
1378242234,4,10399.998544,197.59997233599998,1.9,1.6703488E7,100663.2,0.0,13.333333333333332,4.466666666666667,0.0
1378242534,4,10399.998544,213.199970152,2.05,1.6703488E7,111848.0,0.0,17.6,4.466666666666667,0.0
1378242834,4,10399.998544,188.93330688266667,1.8166666666666667,1.6703488E7,335544.0,0.0,12.066666666666666,4.4,0.0
1378243134,4,10399.998544,187.199973792,1.8,1.6703488E7,167772.0,0.0,12.0,4.466666666666667,0.0
1378243434,4,10399.998544,187.199973792,1.8,1.6703488E7,44739.2,0.0,12.266666666666667,4.533333333333333,0.0
1378243734,4,10399.998544,187.199973792,1.8,1.6703488E7,167772.0,0.0,12.266666666666666,4.533333333333333,0.0
1378244034,4,10399.998544,188.93330688266667,1.8166666666666667,1.6703488E7,134217.6,0.0,12.8,4.533333333333333,0.0
1378244334,4,10399.998544,187.199973792,1.8,1.6703488E7,190141.6,0.0,12.466666666666667,4.466666666666667,0.0
1378244634,4,10399.998544,188.93330688266667,1.8166666666666667,1.6703488E7,111848.0,0.0,12.266666666666666,4.533333333333333,0.0
1378244934,4,10399.998544,188.93330688266667,1.8166666666666667,1.6703488E7,145402.4,0.0,12.133333333333333,4.533333333333333,0.06666666666666667
1378245234,4,10399.998544,188.93330688266667,1.8166666666666667,1.6703488E7,246065.6,0.0,13.466666666666669,4.533333333333333,0.0
1378245534,4,10399.998544,188.93330688266667,1.8166666666666667,1.6703488E7,190141.6,0.0,12.0,4.466666666666667,0.0
1378245834,4,10399.998544,194.13330615466666,1.8666666666666665,1.6703488E7,346728.8,0.0,14.0,4.6,0.06666666666666667
1378246134,4,10399.998544,216.66663633333334,2.0833333333333335,1.6703488E7,346728.8,0.0,17.46666666666667,4.466666666666667,0.0
1378246434,4,10399.998544,185.46664070133335,1.7833333333333334,1.6703488E7,391468.0,0.0,12.133333333333333,4.466666666666667,0.0
1378246734,4,10399.998544,187.199973792,1.8,1.6703488E7,234880.8,0.0,12.133333333333333,4.4,0.0
1378247034,4,10399.998544,187.199973792,1.8,1.6703488E7,100663.2,0.0,12.399999999999999,4.466666666666667,0.06666666666666667
1378247334,4,10399.998544,187.199973792,1.8,1.6703488E7,167772.0,0.0,12.266666666666667,4.4,0.0
1378247634,4,10399.998544,188.93330688266667,1.8166666666666667,1.6703488E7,201326.4,0.0,12.666666666666668,4.533333333333333,0.0
1378247935,4,10399.998544,190.66663997333336,1.8333333333333335,1.6703488E7,167772.0,0.0,12.133333333333333,4.6,0.0
1378248235,4,10399.998544,247.86663196533334,2.3833333333333333,1.6703488E7,246065.6,0.0,37.06666666666666,5.733333333333333,1.6666666666666667
1378248535,4,10399.998544,188.93330688266667,1.8166666666666667,1.6703488E7,402652.8,0.0,12.066666666666666,4.4,0.0
1378248835,4,10399.998544,185.46664070133335,1.7833333333333334,1.6703488E7,167772.0,0.0,12.133333333333333,4.4,0.0
1378249135,4,10399.998544,187.199973792,1.8,1.6703488E7,167772.0,0.0,12.2,4.4,0.0
1378249435,4,10399.998544,195.86663924533335,1.8833333333333335,1.6703488E7,167772.0,0.0,13.333333333333332,4.533333333333333,0.06666666666666667
1378249735,4,10399.998544,211.4666370613333,2.033333333333333,1.6703488E7,324359.2,0.0,17.666666666666668,4.6,0.0
1378250035,4,10399.998544,190.66663997333336,1.8333333333333335,1.6703488E7,301989.6,0.0,12.466666666666667,4.533333333333333,0.0
1378250335,4,10399.998544,188.93330688266667,1.8166666666666667,1.6703488E7,123032.8,0.0,11.8,4.466666666666667,0.0
1378250635,4,10399.998544,190.66663997333336,1.8333333333333335,1.6703488E7,201326.4,0.0,12.4,4.466666666666667,0.0
1378250935,4,10399.998544,190.66663997333336,1.8333333333333335,1.6703488E7,167772.0,0.0,11.733333333333334,4.466666666666667,0.06666666666666667
1378251235,4,10399.998544,194.13330615466666,1.8666666666666665,1.6703488E7,100663.2,0.0,12.733333333333334,4.466666666666667,0.0
1378251536,4,10399.998544,194.13330615466666,1.8666666666666665,1.6703488E7,167772.0,0.0,12.066666666666666,4.466666666666667,0.0
1378251836,4,10399.998544,187.199973792,1.8,1.6703488E7,279620.0,0.0,12.133333333333333,4.466666666666667,0.0
1378252136,4,10399.998544,185.46664070133335,1.7833333333333334,1.6703488E7,335544.0,0.0,12.2,4.466666666666667,0.0
1378252436,4,10399.998544,188.93330688266667,1.8166666666666667,1.6703488E7,402652.8,0.0,12.333333333333332,4.4,0.0
1378252736,4,10399.998544,187.199973792,1.8,1.6703488E7,268435.2,0.0,12.2,4.4,0.0
1378253036,4,10399.998544,197.59997233599998,1.9,1.6703488E7,313174.4,0.0,13.133333333333333,4.466666666666667,0.0
1378253336,4,10399.998544,213.199970152,2.05,1.6703488E7,324359.2,0.0,17.8,4.6,0.0
1378253636,4,10399.998544,188.93330688266667,1.8166666666666667,1.6703488E7,391468.0,0.0,12.4,4.4,0.0
1378253936,4,10399.998544,187.199973792,1.8,1.6703488E7,234880.8,0.0,12.133333333333333,4.466666666666667,0.0
1378254236,4,10399.998544,188.93330688266667,1.8166666666666667,1.6703488E7,178956.8,0.0,12.133333333333333,4.4,0.0
1378254536,4,10399.998544,187.199973792,1.8,1.6703488E7,178956.8,0.0,11.933333333333334,4.333333333333333,0.0
1378254836,4,10399.998544,188.93330688266667,1.8166666666666667,1.6703488E7,167772.0,0.0,12.866666666666667,4.333333333333333,0.06666666666666667
1378255136,4,10399.998544,188.93330688266667,1.8166666666666667,1.6703488E7,145402.4,0.0,12.2,4.4,0.06666666666666667
1378255436,4,10399.998544,188.93330688266667,1.8166666666666667,1.6703488E7,55924.0,0.0,12.266666666666666,4.333333333333333,0.0
1378255736,4,10399.998544,188.93330688266667,1.8166666666666667,1.6703488E7,190141.6,0.0,12.0,4.4,0.0
1378256036,4,10399.998544,188.93330688266667,1.8166666666666667,1.6703488E7,212511.2,0.0,12.2,4.4,0.0
1378256336,4,10399.998544,187.199973792,1.8,1.6703488E7,100663.2,0.0,12.333333333333332,4.333333333333333,0.0
1378256636,4,10399.998544,195.86663924533335,1.8833333333333335,1.6703488E7,100663.2,0.0,13.933333333333334,4.6,0.06666666666666667
1378256936,4,10399.998544,216.66663633333334,2.0833333333333335,1.6703488E7,167772.0,0.0,17.666666666666668,4.4,0.0
1378257236,4,10399.998544,187.199973792,1.8,1.6703488E7,156587.2,0.0,12.333333333333332,4.6,0.0
1378257536,4,10399.998544,183.73330761066666,1.7666666666666666,1.6703488E7,156587.2,0.0,12.0,4.333333333333333,0.0
1378257836,4,10399.998544,190.66663997333336,1.8333333333333335,1.6703488E7,335544.0,0.0,12.2,4.466666666666667,0.0
1378258136,4,10399.998544,188.93330688266667,1.8166666666666667,1.6703488E7,145402.4,0.0,12.133333333333333,4.466666666666667,0.0
1378258436,4,10399.998544,188.93330688266667,1.8166666666666667,1.6703488E7,78293.6,0.0,12.933333333333334,4.4,0.0
1378258736,4,10399.998544,251.33329814666664,2.4166666666666665,1.6703488E7,257250.4,0.0,52.86666666666667,6.933333333333334,133.0
1378259036,4,10399.998544,701.99990172,6.75,1.6703488E7,514500.8,0.0,129.53333333333333,9.466666666666667,85.4
1378259336,4,10399.998544,187.199973792,1.8,1.6703488E7,346728.8,0.0,13.466666666666665,4.466666666666667,0.0
1378259636,4,10399.998544,188.93330688266667,1.8166666666666667,1.6703488E7,279620.0,0.0,12.333333333333332,4.333333333333333,0.0
1378259936,4,10399.998544,190.66663997333336,1.8333333333333335,1.6703488E7,212511.2,0.0,12.066666666666666,4.4,0.0
1378260236,4,10399.998544,362.2666159493333,3.483333333333333,1.6703488E7,290804.8,0.0,16.066666666666666,5.933333333333334,0.7333333333333333
1378260537,4,10399.998544,242.66663269333333,2.3333333333333335,1.6703488E7,402652.8,0.0,33.333333333333336,11.4,0.26666666666666666
1378260837,4,10399.998544,199.33330542666667,1.9166666666666665,1.6703488E7,212511.2,0.0,12.266666666666666,4.333333333333333,0.0
1378261137,4,10399.998544,197.59997233599998,1.9,1.6703488E7,234880.8,0.0,12.266666666666666,4.333333333333333,0.0
1378261437,4,10399.998544,190.66663997333336,1.8333333333333335,1.6703488E7,123032.8,0.0,12.0,4.333333333333333,0.0
1378261737,4,10399.998544,187.199973792,1.8,1.6703488E7,123032.8,0.0,12.066666666666666,4.4,0.06666666666666667
1378262037,4,10399.998544,195.86663924533335,1.8833333333333335,1.6703488E7,201326.4,0.0,12.666666666666666,4.466666666666667,0.0
1378262337,4,10399.998544,187.199973792,1.8,1.6703488E7,201326.4,0.0,12.533333333333333,4.333333333333333,0.0
1378262637,4,10399.998544,188.93330688266667,1.8166666666666667,1.6703488E7,190141.6,0.0,12.533333333333333,4.4,0.0
1378262937,4,10399.998544,187.199973792,1.8,1.6703488E7,22369.6,0.0,12.133333333333333,4.333333333333333,0.0
1378263237,4,10399.998544,187.199973792,1.8,1.6703488E7,22369.6,0.0,12.266666666666666,4.333333333333333,0.0
1378263537,4,10399.998544,185.46664070133335,1.7833333333333334,1.6703488E7,134217.6,0.0,12.133333333333333,4.333333333333333,0.0
1378263837,4,10399.998544,194.13330615466666,1.8666666666666665,1.6703488E7,223696.0,0.0,13.466666666666669,4.466666666666667,0.0
1378264137,4,10399.998544,216.66663633333334,2.0833333333333335,1.6703488E7,313174.4,0.0,17.8,4.466666666666667,0.0
1378264437,4,10399.998544,187.199973792,1.8,1.6703488E7,380283.2,0.0,12.0,4.4,0.06666666666666667
1378264737,4,10399.998544,206.26663778933332,1.9833333333333334,1.6703488E7,234880.8,0.0,12.066666666666666,4.466666666666667,0.0
1378265037,4,10399.998544,195.86663924533335,1.8833333333333335,1.6703488E7,145402.4,0.0,12.133333333333333,4.466666666666667,0.0
1378265337,4,10399.998544,190.66663997333336,1.8333333333333335,1.6703488E7,123032.8,0.0,12.266666666666666,4.466666666666667,0.0
1378265637,4,10399.998544,190.66663997333336,1.8333333333333335,1.6703488E7,11184.8,0.0,12.933333333333334,4.533333333333333,0.0
1378265937,4,10399.998544,190.66663997333336,1.8333333333333335,1.6703488E7,201326.4,0.0,12.066666666666666,4.466666666666667,0.0
1378266237,4,10399.998544,185.46664070133335,1.7833333333333334,1.6703488E7,380283.2,0.0,12.533333333333333,4.533333333333333,0.0
1378266537,4,10399.998544,185.46664070133335,1.7833333333333334,1.6703488E7,190141.6,0.0,12.2,4.666666666666667,0.0
1378266837,4,10399.998544,190.66663997333336,1.8333333333333335,1.6703488E7,425022.4,0.0,12.4,4.6,0.0
1378267137,4,10399.998544,187.199973792,1.8,1.6703488E7,178956.8,0.0,12.133333333333333,4.466666666666667,0.0
1378267437,4,10399.998544,201.06663851733333,1.9333333333333333,1.6703488E7,257250.4,0.0,13.733333333333333,4.533333333333333,0.06666666666666667
1378267737,4,10399.998544,214.93330324266663,2.0666666666666664,1.6703488E7,190141.6,0.0,17.8,4.6,0.06666666666666667
1378268037,4,10399.998544,187.199973792,1.8,1.6703488E7,145402.4,0.0,12.266666666666666,4.533333333333333,0.0
1378268338,4,10399.998544,188.93330688266667,1.8166666666666667,1.6703488E7,156587.2,0.0,12.333333333333334,4.466666666666667,0.0
1378268638,4,10399.998544,187.199973792,1.8,1.6703488E7,145402.4,0.0,12.333333333333332,4.6,0.06666666666666667
1378268938,4,10399.998544,204.53330469866665,1.9666666666666666,1.6703488E7,145402.4,0.0,12.133333333333333,4.333333333333333,0.0
1378269238,4,10399.998544,190.66663997333336,1.8333333333333335,1.6703488E7,123032.8,0.0,12.4,4.533333333333333,0.0
1378269538,4,10399.998544,188.93330688266667,1.8166666666666667,1.6703488E7,156587.2,0.0,12.266666666666666,4.466666666666667,0.06666666666666667
1378269838,4,10399.998544,183.73330761066666,1.7666666666666666,1.6703488E7,111848.0,0.0,12.4,4.533333333333333,0.0
1378270138,4,10399.998544,187.199973792,1.8,1.6703488E7,268435.2,0.0,12.133333333333333,4.6,0.06666666666666667
1378270438,4,10399.998544,188.93330688266667,1.8166666666666667,1.6703488E7,100663.2,0.0,12.333333333333334,4.6,0.06666666666666667
1378270738,4,10399.998544,187.199973792,1.8,1.6703488E7,234880.8,0.0,12.266666666666666,4.6,0.06666666666666667
1378271038,4,10399.998544,194.13330615466666,1.8666666666666665,1.6703488E7,100663.2,0.0,13.533333333333333,4.533333333333333,0.06666666666666667
1378271338,4,10399.998544,211.4666370613333,2.033333333333333,1.6703488E7,100663.2,0.0,17.933333333333334,4.466666666666667,0.06666666666666667
1378271638,4,10399.998544,187.199973792,1.8,1.6703488E7,268435.2,0.0,12.4,4.466666666666667,0.06666666666666667
1378271938,4,10399.998544,188.93330688266667,1.8166666666666667,1.6703488E7,167772.0,0.0,12.133333333333333,4.466666666666667,0.0
1378272238,4,10399.998544,188.93330688266667,1.8166666666666667,1.6703488E7,234880.8,0.0,12.2,4.4,0.06666666666666667
1378272538,4,10399.998544,187.199973792,1.8,1.6703488E7,301989.6,0.0,12.066666666666666,4.4,0.0
1378272838,4,10399.998544,185.46664070133335,1.7833333333333334,1.6703488E7,89478.4,0.0,12.8,4.466666666666667,0.06666666666666667
1378273138,4,10399.998544,194.13330615466666,1.8666666666666665,1.6703488E7,212511.2,0.0,12.066666666666666,4.333333333333333,0.0
1378273438,4,10399.998544,188.93330688266667,1.8166666666666667,1.6703488E7,201326.4,0.0,12.466666666666667,4.4,0.06666666666666667
1378273738,4,10399.998544,187.199973792,1.8,1.6703488E7,167772.0,0.0,12.066666666666666,4.4,0.06666666666666667
1378274038,4,10399.998544,187.199973792,1.8,1.6703488E7,100663.2,0.0,12.2,4.4,0.06666666666666667
1378274338,4,10399.998544,190.66663997333336,1.8333333333333335,1.6703488E7,167772.0,0.0,12.2,4.333333333333333,0.0
1378274638,4,10399.998544,195.86663924533335,1.8833333333333335,1.6703488E7,134217.6,0.0,13.133333333333333,4.533333333333333,0.13333333333333333
1378274938,4,10399.998544,211.4666370613333,2.033333333333333,1.6703488E7,413837.6,0.0,18.066666666666666,4.4,0.06666666666666667
1378275238,4,10399.998544,188.93330688266667,1.8166666666666667,1.6703488E7,369098.4,0.0,12.333333333333332,4.466666666666667,0.06666666666666667
1378275538,4,10399.998544,187.199973792,1.8,1.6703488E7,55924.0,0.0,12.333333333333332,4.4,0.06666666666666667
1378275838,4,10399.998544,190.66663997333336,1.8333333333333335,1.6703488E7,167772.0,0.0,12.6,4.466666666666667,0.06666666666666667
1378276138,4,10399.998544,187.199973792,1.8,1.6703488E7,246065.6,0.0,12.066666666666666,4.466666666666667,0.0
1378276438,4,10399.998544,187.199973792,1.8,1.6703488E7,223696.0,0.0,13.133333333333333,4.533333333333333,0.06666666666666667
1378276738,4,10399.998544,183.73330761066666,1.7666666666666666,1.6703488E7,78293.6,0.0,11.866666666666667,4.466666666666667,0.06666666666666667
1378277038,4,10399.998544,188.93330688266667,1.8166666666666667,1.6703488E7,246065.6,0.0,12.333333333333332,4.533333333333333,0.06666666666666667
1378277338,4,10399.998544,187.199973792,1.8,1.6703488E7,123032.8,0.0,12.2,4.466666666666667,0.0
1378277638,4,10399.998544,190.66663997333336,1.8333333333333335,1.6703488E7,156587.2,0.0,12.4,4.466666666666667,0.06666666666666667
1378277938,4,10399.998544,187.199973792,1.8,1.6703488E7,167772.0,0.0,12.066666666666666,4.466666666666667,0.0
1378278238,4,10399.998544,199.33330542666667,1.9166666666666665,1.6703488E7,100663.2,0.0,14.066666666666666,4.6,0.13333333333333333
1378278538,4,10399.998544,213.199970152,2.05,1.6703488E7,201326.4,0.0,17.866666666666667,4.6,0.0
1378278838,4,10399.998544,190.66663997333336,1.8333333333333335,1.6703488E7,346728.8,0.0,12.533333333333333,4.6,0.0
1378279138,4,10399.998544,188.93330688266667,1.8166666666666667,1.6703488E7,145402.4,0.0,11.933333333333334,4.6,0.0
1378279438,4,10399.998544,185.46664070133335,1.7833333333333334,1.6703488E7,201326.4,0.0,12.0,4.466666666666667,0.0
1378279738,4,10399.998544,187.199973792,1.8,1.6703488E7,268435.2,0.0,12.2,4.4,0.06666666666666667
1378280038,4,10399.998544,187.199973792,1.8,1.6703488E7,178956.8,0.0,12.266666666666666,4.4,0.0
1378280338,4,10399.998544,190.66663997333336,1.8333333333333335,1.6703488E7,257250.4,0.0,12.600000000000001,4.533333333333333,0.0
1378280638,4,10399.998544,192.399973064,1.85,1.6703488E7,413837.6,0.0,12.333333333333334,4.466666666666667,0.06666666666666667
1378280938,4,10399.998544,188.93330688266667,1.8166666666666667,1.6703488E7,335544.0,0.0,12.266666666666666,4.6,0.0
1378281238,4,10399.998544,188.93330688266667,1.8166666666666667,1.6703488E7,167772.0,0.0,12.333333333333332,4.466666666666667,0.0
1378281538,4,10399.998544,190.66663997333336,1.8333333333333335,1.6703488E7,167772.0,0.0,12.266666666666667,4.6,0.0
1378281838,4,10399.998544,197.59997233599998,1.9,1.6703488E7,257250.4,0.0,13.266666666666666,4.6,0.06666666666666667
1378282138,4,10399.998544,214.93330324266663,2.0666666666666664,1.6703488E7,469761.6,0.0,17.733333333333334,4.733333333333333,0.0
1378282438,4,10399.998544,188.93330688266667,1.8166666666666667,1.6703488E7,615164.0,0.0,12.399999999999999,4.6,0.0
1378282739,4,10399.998544,187.199973792,1.8,1.6703488E7,78293.6,0.0,11.933333333333334,4.466666666666667,0.0
1378283039,4,10399.998544,192.399973064,1.85,1.6703488E7,178956.8,0.0,12.466666666666667,4.466666666666667,0.0
1378283339,4,10399.998544,190.66663997333336,1.8333333333333335,1.6703488E7,279620.0,0.0,12.133333333333333,4.6,0.0
1378283639,4,10399.998544,194.13330615466666,1.8666666666666665,1.6703488E7,257250.4,0.0,12.600000000000001,4.533333333333333,0.0
1378283939,4,10399.998544,192.399973064,1.85,1.6703488E7,268435.2,0.0,12.066666666666666,4.6,0.0
1378284239,4,10399.998544,190.66663997333336,1.8333333333333335,1.6703488E7,301989.6,0.0,12.2,4.6,0.06666666666666667
1378284539,4,10399.998544,194.13330615466666,1.8666666666666665,1.6703488E7,167772.0,0.0,12.466666666666667,4.666666666666667,0.0
1378284839,4,10399.998544,190.66663997333336,1.8333333333333335,1.6703488E7,11184.8,0.0,12.333333333333332,4.533333333333333,0.0
1378285139,4,10399.998544,187.199973792,1.8,1.6703488E7,178956.8,0.0,12.266666666666666,4.666666666666667,0.0
1378285439,4,10399.998544,192.399973064,1.85,1.6703488E7,346728.8,0.0,14.333333333333332,4.6,0.06666666666666667
1378285739,4,10399.998544,213.199970152,2.05,1.6703488E7,458576.8,0.0,17.666666666666668,4.666666666666667,0.0
1378286039,4,10399.998544,190.66663997333336,1.8333333333333335,1.6703488E7,11184.8,0.0,12.266666666666667,4.4,0.0
1378286339,4,10399.998544,192.399973064,1.85,1.6703488E7,0.0,0.0,12.0,4.333333333333333,0.0
1378286639,4,10399.998544,187.199973792,1.8,1.6703488E7,145402.4,0.0,12.0,4.333333333333333,0.0
1378286939,4,10399.998544,187.199973792,1.8,1.6703488E7,212511.2,0.0,11.733333333333334,4.266666666666667,0.0
1378287239,4,10399.998544,188.93330688266667,1.8166666666666667,1.6703488E7,301989.6,0.0,12.266666666666666,4.4,0.0
1378287539,4,10399.998544,190.66663997333336,1.8333333333333335,1.6703488E7,268435.2,0.0,11.8,4.333333333333333,0.0
1378287839,4,10399.998544,192.399973064,1.85,1.6703488E7,290804.8,0.0,12.133333333333333,4.333333333333333,0.0
1378288139,4,10399.998544,188.93330688266667,1.8166666666666667,1.6703488E7,246065.6,0.0,11.666666666666668,4.333333333333333,0.0
1378288439,4,10399.998544,190.66663997333336,1.8333333333333335,1.6703488E7,190141.6,0.0,11.933333333333334,4.2,0.0
1378288739,4,10399.998544,187.199973792,1.8,1.6703488E7,167772.0,0.0,11.666666666666668,4.333333333333333,0.0
1378289039,4,10399.998544,201.06663851733333,1.9333333333333333,1.6703488E7,212511.2,0.0,13.266666666666666,4.333333333333333,0.06666666666666667
1378289340,4,10399.998544,218.399969424,2.1,1.6703488E7,324359.2,0.0,17.666666666666664,4.333333333333333,0.0
1378289640,4,10399.998544,190.66663997333336,1.8333333333333335,1.6703488E7,290804.8,0.0,12.066666666666666,4.2,0.0
1378289940,4,10399.998544,187.199973792,1.8,1.6703488E7,123032.8,0.0,11.733333333333333,4.266666666666667,0.0
1378290240,4,10399.998544,187.199973792,1.8,1.6703488E7,178956.8,0.0,11.933333333333334,4.133333333333334,0.0
1378290540,4,10399.998544,188.93330688266667,1.8166666666666667,1.6703488E7,346728.8,0.0,12.0,4.2,0.0
1378290840,4,10399.998544,192.399973064,1.85,1.6703488E7,246065.6,0.0,12.333333333333334,4.133333333333334,0.0
1378291140,4,10399.998544,187.199973792,1.8,1.6703488E7,145402.4,0.0,12.0,4.266666666666667,0.0
1378291440,4,10399.998544,192.399973064,1.85,1.6703488E7,178956.8,0.0,12.0,4.133333333333334,0.0
1378291740,4,10399.998544,188.93330688266667,1.8166666666666667,1.6703488E7,111848.0,0.0,11.8,4.2,0.0
1378292040,4,10399.998544,190.66663997333336,1.8333333333333335,1.6703488E7,212511.2,0.0,11.466666666666667,4.066666666666666,0.0
1378292340,4,10399.998544,187.199973792,1.8,1.6703488E7,44739.2,0.0,10.666666666666668,3.466666666666667,0.0
1378292640,4,10399.998544,190.66663997333336,1.8333333333333335,1.6703488E7,22369.6,0.0,11.6,3.533333333333333,0.0
1378292940,4,10399.998544,211.4666370613333,2.033333333333333,1.6703488E7,346728.8,0.0,16.2,3.6,0.0
1378293240,4,10399.998544,188.93330688266667,1.8166666666666667,1.6703488E7,659903.2,0.0,10.866666666666667,3.466666666666667,0.0
1378293540,4,10399.998544,188.93330688266667,1.8166666666666667,1.6703488E7,167772.0,0.0,10.666666666666668,3.533333333333333,0.0
1378293840,4,10399.998544,187.199973792,1.8,1.6703488E7,391468.0,0.0,10.733333333333334,3.466666666666667,0.0
1378294140,4,10399.998544,232.26663414933333,2.2333333333333334,1.6703488E7,201326.4,0.0,14.8,4.6,0.13333333333333333
1378294440,4,10399.998544,201.06663851733333,1.9333333333333333,1.6703488E7,279620.0,0.0,12.066666666666666,3.466666666666667,0.06666666666666667
1378294740,4,10399.998544,187.199973792,1.8,1.6703488E7,234880.8,0.0,10.533333333333333,3.3333333333333335,0.0
1378295040,4,10399.998544,187.199973792,1.8,1.6703488E7,67108.8,0.0,10.2,3.3333333333333335,0.0
1378295340,4,10399.998544,187.199973792,1.8,1.6703488E7,167772.0,0.0,10.533333333333333,3.2666666666666666,0.0
1378295640,4,10399.998544,185.46664070133335,1.7833333333333334,1.6703488E7,167772.0,0.0,9.866666666666667,3.0,0.0
1378295940,4,10399.998544,183.73330761066666,1.7666666666666666,1.6703488E7,190141.6,0.0,9.666666666666666,2.8,0.0
1378296240,4,10399.998544,192.399973064,1.85,1.6703488E7,201326.4,0.0,9.933333333333334,2.2666666666666666,0.0
1378296540,4,10399.998544,227.06663487733334,2.1833333333333336,1.6703488E7,346728.8,0.0,14.066666666666666,2.6,0.06666666666666667
1378296840,4,10399.998544,454.1332697546667,4.366666666666667,1.6703488E7,458576.8,0.0,23.733333333333334,3.8,0.6
1378297140,4,10399.998544,221.86663560533333,2.1333333333333333,1.6703488E7,570424.8,0.0,11.466666666666667,3.6,1.4666666666666666
1378297441,4,10399.998544,181.99997452,1.75,1.6703488E7,234880.8,0.0,9.466666666666667,2.8666666666666667,0.06666666666666667
1378297741,4,10399.998544,187.199973792,1.8,1.6703488E7,134217.6,0.0,8.866666666666667,2.933333333333333,0.06666666666666667
1378298041,4,10399.998544,183.73330761066666,1.7666666666666666,1.6703488E7,22369.6,0.0,9.466666666666667,3.066666666666667,0.06666666666666667
1378298341,4,10399.998544,192.399973064,1.85,1.6703488E7,167772.0,0.0,13.866666666666667,2.8666666666666667,0.06666666666666667
1378298641,4,10399.998544,187.199973792,1.8,1.6703488E7,268435.2,0.0,8.8,2.933333333333333,0.06666666666666667
1378298941,4,10399.998544,188.93330688266667,1.8166666666666667,1.6703488E7,67108.8,0.0,9.2,3.0,0.06666666666666667
1378299241,4,10399.998544,188.93330688266667,1.8166666666666667,1.6703488E7,167772.0,0.0,9.266666666666666,3.066666666666667,0.06666666666666667
1378299541,4,10399.998544,181.99997452,1.75,1.6703488E7,78293.6,0.0,9.2,3.066666666666667,0.0
1378299841,4,10399.998544,195.86663924533335,1.8833333333333335,1.6703488E7,201326.4,0.0,10.933333333333334,3.2,0.06666666666666667
1378300141,4,10399.998544,204.53330469866665,1.9666666666666666,1.6703488E7,134217.6,0.0,14.933333333333334,3.2666666666666666,0.0
1378300441,4,10399.998544,188.93330688266667,1.8166666666666667,1.6703488E7,301989.6,0.0,9.666666666666666,3.1333333333333333,0.0
1378300741,4,10399.998544,181.99997452,1.75,1.6703488E7,33554.4,0.0,9.333333333333334,3.1333333333333333,0.0
1378301041,4,10399.998544,185.46664070133335,1.7833333333333334,1.6703488E7,134217.6,0.0,9.666666666666666,3.066666666666667,0.0
1378301341,4,10399.998544,181.99997452,1.75,1.6703488E7,134217.6,0.0,9.733333333333334,3.066666666666667,0.0
1378301641,4,10399.998544,204.53330469866665,1.9666666666666666,1.6703488E7,178956.8,0.0,10.0,3.466666666666667,0.0
1378301941,4,10399.998544,187.199973792,1.8,1.6703488E7,33554.4,0.0,9.933333333333334,3.533333333333333,0.0
1378302241,4,10399.998544,190.66663997333336,1.8333333333333335,1.6703488E7,268435.2,0.0,9.933333333333334,3.466666666666667,0.0
1378302541,4,10399.998544,188.93330688266667,1.8166666666666667,1.6703488E7,134217.6,0.0,10.066666666666666,3.533333333333333,0.0
1378302841,4,10399.998544,183.73330761066666,1.7666666666666666,1.6703488E7,201326.4,0.0,10.133333333333333,3.466666666666667,0.0
1378303141,4,10399.998544,188.93330688266667,1.8166666666666667,1.6703488E7,100663.2,0.0,9.8,3.466666666666667,0.0
1378303441,4,10399.998544,188.93330688266667,1.8166666666666667,1.6703488E7,67108.8,0.0,11.066666666666666,3.6,0.0
1378303741,4,10399.998544,209.73330397066667,2.0166666666666666,1.6703488E7,324359.2,0.0,15.933333333333334,3.533333333333333,0.0
1378304041,4,10399.998544,183.73330761066666,1.7666666666666666,1.6703488E7,268435.2,0.0,9.866666666666667,3.6,0.0
1378304341,4,10399.998544,188.93330688266667,1.8166666666666667,1.6703488E7,167772.0,0.0,10.066666666666666,3.4,0.0
1378304642,4,10399.998544,185.46664070133335,1.7833333333333334,1.6703488E7,134217.6,0.0,9.933333333333334,3.4,0.0
1378304942,4,10399.998544,187.199973792,1.8,1.6703488E7,11184.8,0.0,10.133333333333333,3.533333333333333,0.06666666666666667
1378305242,4,10399.998544,183.73330761066666,1.7666666666666666,1.6703488E7,246065.6,0.0,10.666666666666668,3.6,0.06666666666666667
1378305542,4,10399.998544,187.199973792,1.8,1.6703488E7,212511.2,0.0,10.2,3.6,0.0
1378305842,4,10399.998544,185.46664070133335,1.7833333333333334,1.6703488E7,78293.6,0.0,10.066666666666666,3.533333333333333,0.06666666666666667
1378306142,4,10399.998544,188.93330688266667,1.8166666666666667,1.6703488E7,33554.4,0.0,10.0,3.466666666666667,0.06666666666666667
1378306442,4,10399.998544,187.199973792,1.8,1.6703488E7,0.0,0.0,10.133333333333333,3.533333333333333,0.06666666666666667
1378306742,4,10399.998544,187.199973792,1.8,1.6703488E7,134217.6,0.0,10.066666666666666,3.6666666666666665,0.06666666666666667
1378307042,4,10399.998544,188.93330688266667,1.8166666666666667,1.6703488E7,0.0,0.0,11.600000000000001,3.8,0.0
1378307342,4,10399.998544,207.99997088,2.0,1.6703488E7,100663.2,0.0,16.46666666666667,4.0,0.06666666666666667
1378307641,4,10399.998544,187.199973792,1.8,1.6703488E7,380283.2,0.0,11.266666666666666,4.133333333333334,0.06666666666666667
1378307941,4,10399.998544,190.66663997333336,1.8333333333333335,1.6703488E7,190141.6,0.0,12.2,4.866666666666666,0.0
1378308241,4,10399.998544,207.99997088,2.0,1.6703488E7,346728.8,0.0,12.4,4.8,0.06666666666666667
1378308541,4,10399.998544,192.399973064,1.85,1.6703488E7,212511.2,0.0,12.133333333333333,4.8,0.06666666666666667
1378308841,4,10399.998544,194.13330615466666,1.8666666666666665,1.6703488E7,246065.6,0.0,12.533333333333333,4.733333333333333,0.06666666666666667
1378309141,4,10399.998544,183.73330761066666,1.7666666666666666,1.6703488E7,178956.8,0.0,12.466666666666667,4.733333333333333,0.06666666666666667
1378309441,4,10399.998544,190.66663997333336,1.8333333333333335,1.6703488E7,89478.4,0.0,12.266666666666666,4.8,0.06666666666666667
1378309741,4,10399.998544,181.99997452,1.75,1.6703488E7,123032.8,0.0,12.333333333333334,5.133333333333334,0.06666666666666667
1378310041,4,10399.998544,194.13330615466666,1.8666666666666665,1.6703488E7,234880.8,0.0,12.399999999999999,4.666666666666667,0.06666666666666667
1378310341,4,10399.998544,188.93330688266667,1.8166666666666667,1.6703488E7,190141.6,0.0,12.533333333333333,4.866666666666666,0.06666666666666667
1378310641,4,10399.998544,199.33330542666667,1.9166666666666665,1.6703488E7,212511.2,0.0,14.4,5.0,0.2
1378310941,4,10399.998544,213.199970152,2.05,1.6703488E7,301989.6,0.0,18.333333333333336,4.866666666666666,0.06666666666666667
1378311241,4,10399.998544,190.66663997333336,1.8333333333333335,1.6703488E7,369098.4,0.0,12.733333333333334,5.0,0.06666666666666667
1378311541,4,10399.998544,190.66663997333336,1.8333333333333335,1.6703488E7,335544.0,0.0,12.266666666666666,4.933333333333334,0.06666666666666667
1378311842,4,10399.998544,190.66663997333336,1.8333333333333335,1.6703488E7,212511.2,0.0,12.2,4.733333333333333,0.06666666666666667
1378312142,4,10399.998544,192.399973064,1.85,1.6703488E7,369098.4,0.0,12.333333333333332,4.866666666666666,0.06666666666666667
1378312442,4,10399.998544,187.199973792,1.8,1.6703488E7,111848.0,0.0,12.733333333333334,4.866666666666666,0.06666666666666667
1378312742,4,10399.998544,185.46664070133335,1.7833333333333334,1.6703488E7,145402.4,0.0,12.466666666666667,4.866666666666666,0.06666666666666667
1378313042,4,10399.998544,188.93330688266667,1.8166666666666667,1.6703488E7,178956.8,0.0,12.533333333333335,4.866666666666666,0.06666666666666667
1378313342,4,10399.998544,190.66663997333336,1.8333333333333335,1.6703488E7,123032.8,0.0,12.533333333333333,4.8,0.06666666666666667
1378313642,4,10399.998544,192.399973064,1.85,1.6703488E7,123032.8,0.0,12.866666666666667,4.866666666666666,0.06666666666666667
1378313942,4,10399.998544,190.66663997333336,1.8333333333333335,1.6703488E7,268435.2,0.0,12.600000000000001,4.933333333333334,0.06666666666666667
1378314242,4,10399.998544,192.399973064,1.85,1.6703488E7,357913.6,0.0,13.466666666666667,5.0,0.13333333333333333
1378314542,4,10399.998544,213.199970152,2.05,1.6703488E7,335544.0,0.0,17.933333333333334,4.933333333333334,0.06666666666666667
1378314842,4,10399.998544,195.86663924533335,1.8833333333333335,1.6703488E7,324359.2,0.0,12.666666666666668,4.866666666666666,0.06666666666666667
1378315142,4,10399.998544,192.399973064,1.85,1.6703488E7,111848.0,0.0,12.600000000000001,4.866666666666666,0.06666666666666667
1378315442,4,10399.998544,188.93330688266667,1.8166666666666667,1.6703488E7,234880.8,0.0,12.8,4.933333333333334,0.06666666666666667
1378315742,4,10399.998544,187.199973792,1.8,1.6703488E7,123032.8,0.0,12.4,4.8,0.06666666666666667
1378316042,4,10399.998544,192.399973064,1.85,1.6703488E7,11184.8,0.0,12.933333333333334,4.933333333333334,0.06666666666666667
1378316342,4,10399.998544,192.399973064,1.85,1.6703488E7,156587.2,0.0,12.8,4.933333333333334,0.06666666666666667
1378316642,4,10399.998544,190.66663997333336,1.8333333333333335,1.6703488E7,178956.8,0.0,12.600000000000001,4.933333333333334,0.06666666666666667
1378316942,4,10399.998544,190.66663997333336,1.8333333333333335,1.6703488E7,111848.0,0.0,12.733333333333334,4.866666666666666,0.06666666666666667
1378317242,4,10399.998544,192.399973064,1.85,1.6703488E7,234880.8,0.0,12.733333333333334,4.8,0.06666666666666667
1378317542,4,10399.998544,190.66663997333336,1.8333333333333335,1.6703488E7,279620.0,0.0,12.666666666666668,4.866666666666666,0.06666666666666667
1378317842,4,10399.998544,199.33330542666667,1.9166666666666665,1.6703488E7,190141.6,0.0,13.533333333333333,5.133333333333334,0.13333333333333333
1378318142,4,10399.998544,214.93330324266663,2.0666666666666664,1.6703488E7,346728.8,0.0,18.0,4.933333333333334,0.06666666666666667
1378318442,4,10399.998544,575.4665861013334,5.533333333333334,1.6703488E7,782936.0,0.0,16.266666666666666,95.73333333333333,30.933333333333334
1378318742,4,10399.998544,188.93330688266667,1.8166666666666667,1.6703488E7,1286252.0,0.0,12.933333333333334,4.933333333333334,0.06666666666666667
1378319042,4,10399.998544,187.199973792,1.8,1.6703488E7,290804.8,0.0,12.6,4.866666666666666,0.06666666666666667
1378319342,4,10399.998544,190.66663997333336,1.8333333333333335,1.6703488E7,223696.0,0.0,12.533333333333333,4.866666666666666,0.06666666666666667
1378319642,4,10399.998544,194.13330615466666,1.8666666666666665,1.6703488E7,167772.0,0.0,13.266666666666666,4.8,0.06666666666666667
1378319942,4,10399.998544,204.53330469866665,1.9666666666666666,1.6703488E7,134217.6,0.0,12.666666666666668,4.8,0.06666666666666667
1378320243,4,10399.998544,190.66663997333336,1.8333333333333335,1.6703488E7,223696.0,0.0,12.600000000000001,4.8,0.06666666666666667
1378320543,4,10399.998544,206.26663778933332,1.9833333333333334,1.6703488E7,313174.4,0.0,13.866666666666667,5.266666666666667,0.4
1378320843,4,10399.998544,194.13330615466666,1.8666666666666665,1.6703488E7,134217.6,0.0,12.600000000000001,4.933333333333334,0.06666666666666667
1378321143,4,10399.998544,188.93330688266667,1.8166666666666667,1.6703488E7,234880.8,0.0,12.466666666666667,4.866666666666666,0.06666666666666667
1378321443,4,10399.998544,197.59997233599998,1.9,1.6703488E7,234880.8,0.0,13.666666666666666,5.066666666666666,0.2
1378321743,4,10399.998544,214.93330324266663,2.0666666666666664,1.6703488E7,380283.2,0.0,18.666666666666664,4.933333333333334,0.06666666666666667
1378322043,4,10399.998544,185.46664070133335,1.7833333333333334,1.6703488E7,402652.8,0.0,12.6,4.866666666666666,0.06666666666666667
1378322343,4,10399.998544,188.93330688266667,1.8166666666666667,1.6703488E7,234880.8,0.0,12.266666666666666,4.733333333333333,0.06666666666666667
1378322643,4,10399.998544,187.199973792,1.8,1.6703488E7,167772.0,0.0,12.866666666666667,4.8,0.06666666666666667
1378322943,4,10399.998544,192.399973064,1.85,1.6703488E7,167772.0,0.0,12.533333333333333,4.8,0.06666666666666667
1378323243,4,10399.998544,206.26663778933332,1.9833333333333334,1.6703488E7,134217.6,0.0,12.666666666666668,4.8,0.06666666666666667
1378323543,4,10399.998544,194.13330615466666,1.8666666666666665,1.6703488E7,0.0,0.0,12.733333333333334,4.733333333333333,0.06666666666666667
1378323843,4,10399.998544,188.93330688266667,1.8166666666666667,1.6703488E7,33554.4,0.0,12.600000000000001,4.8,0.06666666666666667
1378324143,4,10399.998544,190.66663997333336,1.8333333333333335,1.6703488E7,0.0,0.0,12.600000000000001,4.866666666666666,0.06666666666666667
1378324443,4,10399.998544,190.66663997333336,1.8333333333333335,1.6703488E7,167772.0,0.0,12.466666666666667,4.8,0.06666666666666667
1378324743,4,10399.998544,192.399973064,1.85,1.6703488E7,167772.0,0.0,12.533333333333335,4.933333333333334,0.06666666666666667
1378325043,4,10399.998544,214.93330324266663,2.0666666666666664,1.6703488E7,246065.6,0.0,18.46666666666667,5.066666666666666,0.3333333333333333
1378325343,4,10399.998544,214.93330324266663,2.0666666666666664,1.6703488E7,335544.0,0.0,18.066666666666666,4.933333333333334,0.06666666666666667
1378325643,4,10399.998544,190.66663997333336,1.8333333333333335,1.6703488E7,324359.2,0.0,12.733333333333334,4.666666666666667,0.06666666666666667
1378325943,4,10399.998544,192.399973064,1.85,1.6703488E7,402652.8,0.0,12.333333333333332,4.933333333333334,0.06666666666666667
1378326243,4,10399.998544,190.66663997333336,1.8333333333333335,1.6703488E7,134217.6,0.0,12.666666666666668,4.733333333333333,0.06666666666666667
1378326543,4,10399.998544,187.199973792,1.8,1.6703488E7,234880.8,0.0,12.466666666666667,5.0,0.06666666666666667
1378326843,4,10399.998544,192.399973064,1.85,1.6703488E7,134217.6,0.0,13.2,4.733333333333333,0.06666666666666667
1378327143,4,10399.998544,190.66663997333336,1.8333333333333335,1.6703488E7,290804.8,0.0,12.666666666666668,4.933333333333334,0.06666666666666667
1378327443,4,10399.998544,187.199973792,1.8,1.6703488E7,44739.2,0.0,12.466666666666667,4.866666666666666,0.06666666666666667
1378327743,4,10399.998544,188.93330688266667,1.8166666666666667,1.6703488E7,100663.2,0.0,12.733333333333334,4.866666666666666,0.06666666666666667
1378328043,4,10399.998544,187.199973792,1.8,1.6703488E7,369098.4,0.0,12.600000000000001,4.8,0.06666666666666667
1378328343,4,10399.998544,188.93330688266667,1.8166666666666667,1.6703488E7,212511.2,0.0,12.600000000000001,4.866666666666666,0.06666666666666667
1378328643,4,10399.998544,211.4666370613333,2.033333333333333,1.6703488E7,223696.0,0.0,13.6,4.866666666666666,0.13333333333333333
1378328943,4,10399.998544,213.199970152,2.05,1.6703488E7,167772.0,0.0,18.46666666666667,5.0,0.06666666666666667
1378329244,4,10399.998544,192.399973064,1.85,1.6703488E7,156587.2,0.0,12.666666666666668,4.666666666666667,0.06666666666666667
1378329544,4,10399.998544,188.93330688266667,1.8166666666666667,1.6703488E7,167772.0,0.0,12.6,4.933333333333334,0.06666666666666667
1378329844,4,10399.998544,190.66663997333336,1.8333333333333335,1.6703488E7,223696.0,0.0,12.600000000000001,4.733333333333333,0.06666666666666667
1378330144,4,10399.998544,188.93330688266667,1.8166666666666667,1.6703488E7,313174.4,0.0,12.333333333333332,5.0,0.06666666666666667
1378330444,4,10399.998544,188.93330688266667,1.8166666666666667,1.6703488E7,246065.6,0.0,13.133333333333333,4.866666666666666,0.06666666666666667
1378330744,4,10399.998544,187.199973792,1.8,1.6703488E7,33554.4,0.0,12.733333333333334,4.866666666666666,0.06666666666666667
1378331044,4,10399.998544,190.66663997333336,1.8333333333333335,1.6703488E7,167772.0,0.0,12.533333333333333,4.933333333333334,0.06666666666666667
1378331344,4,10399.998544,192.399973064,1.85,1.6703488E7,134217.6,0.0,12.466666666666667,4.933333333333334,0.06666666666666667
1378331644,4,10399.998544,190.66663997333336,1.8333333333333335,1.6703488E7,212511.2,0.0,13.866666666666667,5.066666666666666,0.06666666666666667
1378331944,4,10399.998544,190.66663997333336,1.8333333333333335,1.6703488E7,156587.2,0.0,12.666666666666668,4.8,0.06666666666666667
1378332244,4,10399.998544,195.86663924533335,1.8833333333333335,1.6703488E7,335544.0,0.0,14.466666666666667,5.066666666666666,0.2
1378332544,4,10399.998544,209.73330397066667,2.0166666666666666,1.6703488E7,190141.6,0.0,18.333333333333332,4.933333333333334,0.06666666666666667
1378332844,4,10399.998544,188.93330688266667,1.8166666666666667,1.6703488E7,380283.2,0.0,12.733333333333334,5.0,0.06666666666666667
1378333144,4,10399.998544,187.199973792,1.8,1.6703488E7,134217.6,0.0,12.533333333333333,4.866666666666666,0.06666666666666667
1378333444,4,10399.998544,185.46664070133335,1.7833333333333334,1.6703488E7,123032.8,0.0,12.933333333333334,4.933333333333334,0.06666666666666667
1378333744,4,10399.998544,188.93330688266667,1.8166666666666667,1.6703488E7,201326.4,0.0,12.8,4.933333333333334,0.06666666666666667
1378334044,4,10399.998544,194.13330615466666,1.8666666666666665,1.6703488E7,167772.0,0.0,12.866666666666667,4.933333333333334,0.06666666666666667
1378334344,4,10399.998544,190.66663997333336,1.8333333333333335,1.6703488E7,201326.4,0.0,12.8,4.933333333333334,0.06666666666666667
1378334644,4,10399.998544,227.06663487733334,2.1833333333333336,1.6703488E7,190141.6,0.0,39.33333333333333,6.0,1.3333333333333333
1378334944,4,10399.998544,188.93330688266667,1.8166666666666667,1.6703488E7,212511.2,0.0,12.533333333333333,4.8,0.06666666666666667
1378335244,4,10399.998544,190.66663997333336,1.8333333333333335,1.6703488E7,67108.8,0.0,12.666666666666668,4.666666666666667,0.06666666666666667
1378335544,4,10399.998544,188.93330688266667,1.8166666666666667,1.6703488E7,100663.2,0.0,12.600000000000001,4.8,0.06666666666666667
1378335844,4,10399.998544,194.13330615466666,1.8666666666666665,1.6703488E7,212511.2,0.0,13.8,4.8,0.13333333333333333
1378336144,4,10399.998544,211.4666370613333,2.033333333333333,1.6703488E7,156587.2,0.0,18.6,4.933333333333334,0.06666666666666667
1378336444,4,10399.998544,185.46664070133335,1.7833333333333334,1.6703488E7,134217.6,0.0,12.399999999999999,4.933333333333334,0.06666666666666667
1378336744,4,10399.998544,190.66663997333336,1.8333333333333335,1.6703488E7,257250.4,0.0,12.600000000000001,4.933333333333334,0.06666666666666667
1378337045,4,10399.998544,190.66663997333336,1.8333333333333335,1.6703488E7,223696.0,0.0,12.466666666666667,4.933333333333334,0.06666666666666667
1378337345,4,10399.998544,190.66663997333336,1.8333333333333335,1.6703488E7,111848.0,0.0,12.466666666666667,5.066666666666666,0.0
1378337645,4,10399.998544,190.66663997333336,1.8333333333333335,1.6703488E7,201326.4,0.0,13.266666666666666,4.933333333333334,0.06666666666666667
1378337945,4,10399.998544,188.93330688266667,1.8166666666666667,1.6703488E7,246065.6,0.0,12.333333333333334,4.933333333333334,0.0
1378338245,4,10399.998544,192.399973064,1.85,1.6703488E7,0.0,0.0,12.533333333333335,4.933333333333334,0.06666666666666667
1378338545,4,10399.998544,190.66663997333336,1.8333333333333335,1.6703488E7,44739.2,0.0,12.399999999999999,4.933333333333334,0.06666666666666667
1378338845,4,10399.998544,187.199973792,1.8,1.6703488E7,100663.2,0.0,12.533333333333333,4.933333333333334,0.0
1378339145,4,10399.998544,185.46664070133335,1.7833333333333334,1.6703488E7,100663.2,0.0,12.6,5.0,0.06666666666666667
1378339445,4,10399.998544,194.13330615466666,1.8666666666666665,1.6703488E7,301989.6,0.0,13.8,4.933333333333334,0.13333333333333333
1378339745,4,10399.998544,216.66663633333334,2.0833333333333335,1.6703488E7,223696.0,0.0,18.133333333333333,4.933333333333334,0.13333333333333333
1378340045,4,10399.998544,187.199973792,1.8,1.6703488E7,346728.8,0.0,12.533333333333335,4.866666666666666,0.0
1378340345,4,10399.998544,190.66663997333336,1.8333333333333335,1.6703488E7,212511.2,0.0,12.266666666666666,4.8,0.0
1378340645,4,10399.998544,194.13330615466666,1.8666666666666665,1.6703488E7,301989.6,0.0,12.733333333333334,4.8,0.06666666666666667
1378340945,4,10399.998544,188.93330688266667,1.8166666666666667,1.6703488E7,111848.0,0.0,12.666666666666668,4.733333333333333,0.0
1378341245,4,10399.998544,195.86663924533335,1.8833333333333335,1.6703488E7,123032.8,0.0,13.0,4.8,0.06666666666666667
1378341545,4,10399.998544,192.399973064,1.85,1.6703488E7,234880.8,0.0,12.666666666666668,4.8,0.0
1378341845,4,10399.998544,187.199973792,1.8,1.6703488E7,301989.6,0.0,12.533333333333333,4.933333333333334,0.0
1378342145,4,10399.998544,185.46664070133335,1.7833333333333334,1.6703488E7,268435.2,0.0,12.600000000000001,4.8,0.0
1378342445,4,10399.998544,187.199973792,1.8,1.6703488E7,111848.0,0.0,12.4,4.933333333333334,0.0
1378342745,4,10399.998544,188.93330688266667,1.8166666666666667,1.6703488E7,257250.4,0.0,12.466666666666667,4.8,0.0
1378343045,4,10399.998544,199.33330542666667,1.9166666666666665,1.6703488E7,301989.6,0.0,14.2,4.933333333333334,0.13333333333333333
1378343345,4,10399.998544,223.599968696,2.15,1.6703488E7,223696.0,0.0,77.73333333333333,20.0,0.4
1378343645,4,10399.998544,188.93330688266667,1.8166666666666667,1.6703488E7,402652.8,0.0,12.600000000000001,4.8,0.06666666666666667
1378343945,4,10399.998544,187.199973792,1.8,1.6703488E7,223696.0,0.0,12.666666666666668,4.8,0.0
1378344245,4,10399.998544,207.99997088,2.0,1.6703488E7,234880.8,0.0,12.666666666666668,4.866666666666666,0.06666666666666667
1378344545,4,10399.998544,188.93330688266667,1.8166666666666667,1.6703488E7,436207.2,0.0,12.666666666666668,4.8,0.0
1378344845,4,10399.998544,188.93330688266667,1.8166666666666667,1.6703488E7,167772.0,0.0,13.2,4.8,0.06666666666666667
1378345145,4,10399.998544,192.399973064,1.85,1.6703488E7,100663.2,0.0,12.533333333333335,4.8,0.06666666666666667
1378345445,4,10399.998544,188.93330688266667,1.8166666666666667,1.6703488E7,324359.2,0.0,12.8,4.733333333333333,0.06666666666666667
1378345745,4,10399.998544,256.5332974186667,2.466666666666667,1.6703488E7,335544.0,0.0,66.6,7.666666666666667,140.93333333333334
1378346045,4,10399.998544,693.3332362666666,6.666666666666666,1.6703488E7,335544.0,0.0,127.86666666666667,10.066666666666666,83.6
1378346345,4,10399.998544,190.66663997333336,1.8333333333333335,1.6703488E7,268435.2,0.0,13.466666666666665,4.666666666666667,0.0
1378346645,4,10399.998544,391.7332784906667,3.766666666666667,1.6703488E7,234880.8,0.0,30.2,13.266666666666667,1.1333333333333333
1378346945,4,10399.998544,209.73330397066667,2.0166666666666666,1.6703488E7,436207.2,0.0,19.333333333333332,4.933333333333334,0.06666666666666667
1378347245,4,10399.998544,185.46664070133335,1.7833333333333334,1.6703488E7,234880.8,0.0,12.866666666666667,4.933333333333334,0.0
1378347545,4,10399.998544,188.93330688266667,1.8166666666666667,1.6703488E7,33554.4,0.0,12.8,4.866666666666666,0.06666666666666667
1378347845,4,10399.998544,188.93330688266667,1.8166666666666667,1.6703488E7,145402.4,0.0,12.733333333333334,4.866666666666666,0.0
1378348145,4,10399.998544,194.13330615466666,1.8666666666666665,1.6703488E7,223696.0,0.0,12.466666666666667,4.733333333333333,0.0
1378348445,4,10399.998544,192.399973064,1.85,1.6703488E7,167772.0,0.0,13.066666666666666,4.933333333333334,0.13333333333333333
1378348745,4,10399.998544,199.33330542666667,1.9166666666666665,1.6703488E7,201326.4,0.0,12.600000000000001,4.866666666666666,0.0
1378349045,4,10399.998544,188.93330688266667,1.8166666666666667,1.6703488E7,44739.2,0.0,12.533333333333333,4.8,0.0
1378349345,4,10399.998544,188.93330688266667,1.8166666666666667,1.6703488E7,134217.6,0.0,12.666666666666668,4.933333333333334,0.0
1378349645,4,10399.998544,188.93330688266667,1.8166666666666667,1.6703488E7,167772.0,0.0,12.533333333333333,4.933333333333334,0.06666666666666667
1378349945,4,10399.998544,192.399973064,1.85,1.6703488E7,201326.4,0.0,12.266666666666666,5.0,0.06666666666666667
1378350245,4,10399.998544,195.86663924533335,1.8833333333333335,1.6703488E7,67108.8,0.0,13.8,5.0,0.06666666666666667
1378350545,4,10399.998544,214.93330324266663,2.0666666666666664,1.6703488E7,212511.2,0.0,18.4,5.0,0.06666666666666667
1378350845,4,10399.998544,188.93330688266667,1.8166666666666667,1.6703488E7,301989.6,0.0,12.666666666666668,4.866666666666666,0.0
1378351145,4,10399.998544,188.93330688266667,1.8166666666666667,1.6703488E7,0.0,0.0,12.533333333333333,4.933333333333334,0.0
1378351445,4,10399.998544,213.199970152,2.05,1.6703488E7,0.0,0.0,12.866666666666667,4.866666666666666,0.0
1378351745,4,10399.998544,206.26663778933332,1.9833333333333334,1.6703488E7,0.0,0.0,12.466666666666667,5.0,0.0
1378352046,4,10399.998544,199.33330542666667,1.9166666666666665,1.6703488E7,111848.0,0.0,13.2,4.866666666666666,0.0
1378352346,4,10399.998544,190.66663997333336,1.8333333333333335,1.6703488E7,324359.2,0.0,12.600000000000001,5.0,0.0
1378352646,4,10399.998544,188.93330688266667,1.8166666666666667,1.6703488E7,178956.8,0.0,12.533333333333333,4.933333333333334,0.06666666666666667
1378352946,4,10399.998544,192.399973064,1.85,1.6703488E7,301989.6,0.0,12.533333333333335,5.0,0.0
1378353246,4,10399.998544,192.399973064,1.85,1.6703488E7,234880.8,0.0,12.666666666666668,4.8,0.0
1378353546,4,10399.998544,190.66663997333336,1.8333333333333335,1.6703488E7,246065.6,0.0,12.600000000000001,4.8,0.06666666666666667
1378353846,4,10399.998544,199.33330542666667,1.9166666666666665,1.6703488E7,100663.2,0.0,14.2,4.866666666666666,0.13333333333333333
1378354146,4,10399.998544,216.66663633333334,2.0833333333333335,1.6703488E7,167772.0,0.0,18.2,5.0,0.0
1378354446,4,10399.998544,195.86663924533335,1.8833333333333335,1.6703488E7,257250.4,0.0,12.666666666666666,5.0,0.0
1378354746,4,10399.998544,192.399973064,1.85,1.6703488E7,167772.0,0.0,12.466666666666667,4.8,0.0
1378355046,4,10399.998544,190.66663997333336,1.8333333333333335,1.6703488E7,145402.4,0.0,12.533333333333333,4.933333333333334,0.06666666666666667
1378355346,4,10399.998544,183.73330761066666,1.7666666666666666,1.6703488E7,78293.6,0.0,12.466666666666667,4.8,0.0
1378355646,4,10399.998544,195.86663924533335,1.8833333333333335,1.6703488E7,167772.0,0.0,12.8,4.933333333333334,0.06666666666666667
1378355946,4,10399.998544,192.399973064,1.85,1.6703488E7,100663.2,0.0,12.4,4.733333333333333,0.0
1378356246,4,10399.998544,188.93330688266667,1.8166666666666667,1.6703488E7,178956.8,0.0,12.399999999999999,4.8,0.06666666666666667
1378356546,4,10399.998544,190.66663997333336,1.8333333333333335,1.6703488E7,178956.8,0.0,12.466666666666667,4.733333333333333,0.06666666666666667
1378356846,4,10399.998544,194.13330615466666,1.8666666666666665,1.6703488E7,123032.8,0.0,12.333333333333332,4.866666666666666,0.0
1378357146,4,10399.998544,190.66663997333336,1.8333333333333335,1.6703488E7,201326.4,0.0,12.333333333333334,4.933333333333334,0.0
1378357446,4,10399.998544,213.199970152,2.05,1.6703488E7,145402.4,0.0,13.866666666666667,5.0,0.13333333333333333
1378357746,4,10399.998544,218.399969424,2.1,1.6703488E7,156587.2,0.0,18.4,5.0,0.0
1378358046,4,10399.998544,197.59997233599998,1.9,1.6703488E7,167772.0,0.0,12.533333333333335,4.933333333333334,0.06666666666666667
1378358346,4,10399.998544,194.13330615466666,1.8666666666666665,1.6703488E7,234880.8,0.0,12.533333333333335,5.0,0.0
1378358646,4,10399.998544,188.93330688266667,1.8166666666666667,1.6703488E7,279620.0,0.0,12.533333333333333,4.8,0.06666666666666667
1378358947,4,10399.998544,197.59997233599998,1.9,1.6703488E7,100663.2,0.0,12.266666666666666,4.8,0.06666666666666667
1378359247,4,10399.998544,192.399973064,1.85,1.6703488E7,190141.6,0.0,12.733333333333334,4.866666666666666,0.06666666666666667
1378359547,4,10399.998544,201.06663851733333,1.9333333333333333,1.6703488E7,301989.6,0.0,12.666666666666668,4.866666666666666,0.0
1378359847,4,10399.998544,201.06663851733333,1.9333333333333333,1.6703488E7,324359.2,0.0,12.733333333333334,4.866666666666666,0.0
1378360147,4,10399.998544,195.86663924533335,1.8833333333333335,1.6703488E7,156587.2,0.0,12.6,4.8,0.06666666666666667
1378360447,4,10399.998544,192.399973064,1.85,1.6703488E7,0.0,0.0,12.8,4.866666666666666,0.0
1378360747,4,10399.998544,192.399973064,1.85,1.6703488E7,78293.6,0.0,12.600000000000001,4.933333333333334,0.06666666666666667
1378361047,4,10399.998544,197.59997233599998,1.9,1.6703488E7,246065.6,0.0,13.799999999999999,4.866666666666666,0.13333333333333333
1378361347,4,10399.998544,216.66663633333334,2.0833333333333335,1.6703488E7,413837.6,0.0,18.0,4.933333333333334,0.0
1378361647,4,10399.998544,190.66663997333336,1.8333333333333335,1.6703488E7,257250.4,0.0,12.733333333333334,4.933333333333334,0.06666666666666667
1378361947,4,10399.998544,192.399973064,1.85,1.6703488E7,145402.4,0.0,12.266666666666666,4.866666666666666,0.0
1378362247,4,10399.998544,195.86663924533335,1.8833333333333335,1.6703488E7,100663.2,0.0,12.666666666666666,4.666666666666667,0.06666666666666667
1378362547,4,10399.998544,197.59997233599998,1.9,1.6703488E7,234880.8,0.0,12.333333333333332,4.866666666666666,0.0
1378362847,4,10399.998544,194.13330615466666,1.8666666666666665,1.6703488E7,290804.8,0.0,13.133333333333333,4.8,0.06666666666666667
1378363147,4,10399.998544,192.399973064,1.85,1.6703488E7,313174.4,0.0,12.666666666666668,4.8,0.06666666666666667
1378363447,4,10399.998544,190.66663997333336,1.8333333333333335,1.6703488E7,234880.8,0.0,12.733333333333334,4.866666666666666,0.06666666666666667
1378363747,4,10399.998544,188.93330688266667,1.8166666666666667,1.6703488E7,89478.4,0.0,12.6,4.866666666666666,0.06666666666666667
1378364047,4,10399.998544,190.66663997333336,1.8333333333333335,1.6703488E7,0.0,0.0,12.733333333333334,4.8,0.06666666666666667
1378364347,4,10399.998544,194.13330615466666,1.8666666666666665,1.6703488E7,145402.4,0.0,12.466666666666667,4.8,0.0
1378364647,4,10399.998544,201.06663851733333,1.9333333333333333,1.6703488E7,234880.8,0.0,14.133333333333333,4.933333333333334,0.13333333333333333
1378364947,4,10399.998544,216.66663633333334,2.0833333333333335,1.6703488E7,201326.4,0.0,18.066666666666666,4.933333333333334,0.06666666666666667
1378365247,4,10399.998544,192.399973064,1.85,1.6703488E7,257250.4,0.0,12.666666666666668,4.8,0.06666666666666667
1378365547,4,10399.998544,202.79997160799996,1.95,1.6703488E7,100663.2,0.0,12.266666666666666,4.866666666666666,0.0
1378365847,4,10399.998544,201.06663851733333,1.9333333333333333,1.6703488E7,257250.4,0.0,13.066666666666666,4.866666666666666,0.06666666666666667
1378366147,4,10399.998544,194.13330615466666,1.8666666666666665,1.6703488E7,167772.0,0.0,12.600000000000001,4.866666666666666,0.0
1378366447,4,10399.998544,192.399973064,1.85,1.6703488E7,134217.6,0.0,13.133333333333333,4.933333333333334,0.0
1378366747,4,10399.998544,192.399973064,1.85,1.6703488E7,246065.6,0.0,12.8,4.866666666666666,0.06666666666666667
1378367047,4,10399.998544,188.93330688266667,1.8166666666666667,1.6703488E7,111848.0,0.0,12.666666666666668,4.8,0.06666666666666667
1378367347,4,10399.998544,188.93330688266667,1.8166666666666667,1.6703488E7,123032.8,0.0,12.600000000000001,4.866666666666666,0.0
1378367647,4,10399.998544,190.66663997333336,1.8333333333333335,1.6703488E7,156587.2,0.0,12.266666666666666,4.866666666666666,0.0
1378367947,4,10399.998544,195.86663924533335,1.8833333333333335,1.6703488E7,167772.0,0.0,12.333333333333334,4.8,0.0
1378368247,4,10399.998544,206.26663778933332,1.9833333333333334,1.6703488E7,257250.4,0.0,13.733333333333333,4.933333333333334,0.06666666666666667
1378368547,4,10399.998544,214.93330324266663,2.0666666666666664,1.6703488E7,290804.8,0.0,18.4,4.8,0.06666666666666667
1378368848,4,10399.998544,194.13330615466666,1.8666666666666665,1.6703488E7,369098.4,0.0,12.4,4.733333333333333,0.0
1378369148,4,10399.998544,190.66663997333336,1.8333333333333335,1.6703488E7,67108.8,0.0,12.533333333333333,4.866666666666666,0.0
1378369448,4,10399.998544,190.66663997333336,1.8333333333333335,1.6703488E7,0.0,0.0,12.866666666666667,4.866666666666666,0.0
1378369748,4,10399.998544,190.66663997333336,1.8333333333333335,1.6703488E7,100663.2,0.0,12.466666666666667,4.933333333333334,0.06666666666666667
1378370048,4,10399.998544,192.399973064,1.85,1.6703488E7,212511.2,0.0,13.466666666666667,4.866666666666666,0.0
1378370348,4,10399.998544,194.13330615466666,1.8666666666666665,1.6703488E7,301989.6,0.0,12.533333333333335,4.8,0.06666666666666667
1378370648,4,10399.998544,194.13330615466666,1.8666666666666665,1.6703488E7,167772.0,0.0,12.8,4.733333333333333,0.06666666666666667
1378370948,4,10399.998544,190.66663997333336,1.8333333333333335,1.6703488E7,201326.4,0.0,12.666666666666668,4.8,0.0
1378371248,4,10399.998544,192.399973064,1.85,1.6703488E7,268435.2,0.0,12.666666666666668,4.866666666666666,0.06666666666666667
1378371548,4,10399.998544,190.66663997333336,1.8333333333333335,1.6703488E7,234880.8,0.0,12.933333333333334,4.866666666666666,0.0
1378371848,4,10399.998544,197.59997233599998,1.9,1.6703488E7,190141.6,0.0,13.6,5.533333333333333,0.06666666666666667
1378372148,4,10399.998544,221.86663560533333,2.1333333333333333,1.6703488E7,257250.4,0.0,18.2,5.066666666666666,0.06666666666666667
1378372448,4,10399.998544,197.59997233599998,1.9,1.6703488E7,234880.8,0.0,12.399999999999999,4.666666666666667,0.0
1378372748,4,10399.998544,194.13330615466666,1.8666666666666665,1.6703488E7,357913.6,0.0,12.666666666666668,4.866666666666666,0.06666666666666667
1378373047,4,10399.998544,192.399973064,1.85,1.6703488E7,268435.2,0.0,12.533333333333333,4.8,0.0
1378373347,4,10399.998544,192.399973064,1.85,1.6703488E7,167772.0,0.0,12.666666666666668,4.8,0.06666666666666667
1378373647,4,10399.998544,194.13330615466666,1.8666666666666665,1.6703488E7,33554.4,0.0,12.666666666666666,4.8,0.06666666666666667
1378373947,4,10399.998544,192.399973064,1.85,1.6703488E7,257250.4,0.0,12.266666666666666,4.666666666666667,0.0
1378374247,4,10399.998544,1105.8665118453332,10.633333333333333,1.6703488E7,894784.0,0.0,19.333333333333336,118.93333333333334,26.333333333333332
1378374547,4,10399.998544,2220.399689144,21.35,1.6703488E7,1733644.0,0.0,23.866666666666667,65.8,40.733333333333334
1378374847,4,10399.998544,1475.066460157333,14.183333333333332,1.6703488E7,1934970.4,0.0,22.733333333333334,100.86666666666666,331.8666666666667
1378375147,4,10399.998544,859.7332129706665,8.266666666666666,1.6703488E7,1845492.0,0.0,16.933333333333334,37.46666666666667,54.93333333333333
1378375447,4,10399.998544,195.86663924533335,1.8833333333333335,1.6703488E7,872414.4,0.0,13.6,4.933333333333334,0.2
1378375747,4,10399.998544,213.199970152,2.05,1.6703488E7,480946.4,0.0,18.333333333333336,5.0,0.06666666666666667
1378376047,4,10399.998544,188.93330688266667,1.8166666666666667,1.6703488E7,257250.4,0.0,12.466666666666667,4.733333333333333,0.06666666666666667
1378376347,4,10399.998544,194.13330615466666,1.8666666666666665,1.6703488E7,212511.2,0.0,12.600000000000001,4.866666666666666,0.06666666666666667
1378376648,4,10399.998544,192.399973064,1.85,1.6703488E7,178956.8,0.0,12.600000000000001,4.8,0.06666666666666667
1378376948,4,10399.998544,201.06663851733333,1.9333333333333333,1.6703488E7,290804.8,0.0,14.2,5.2,0.4
1378377248,4,10399.998544,194.13330615466666,1.8666666666666665,1.6703488E7,301989.6,0.0,12.933333333333334,4.866666666666666,0.06666666666666667
1378377548,4,10399.998544,190.66663997333336,1.8333333333333335,1.6703488E7,123032.8,0.0,12.666666666666668,4.933333333333334,0.06666666666666667
1378377848,4,10399.998544,194.13330615466666,1.8666666666666665,1.6703488E7,324359.2,0.0,12.733333333333334,4.666666666666667,0.06666666666666667
1378378148,4,10399.998544,192.399973064,1.85,1.6703488E7,223696.0,0.0,12.866666666666667,4.733333333333333,0.06666666666666667
1378378448,4,10399.998544,201.06663851733333,1.9333333333333333,1.6703488E7,167772.0,0.0,12.733333333333334,4.666666666666667,0.0
1378378748,4,10399.998544,192.399973064,1.85,1.6703488E7,246065.6,0.0,12.533333333333335,4.866666666666666,0.06666666666666667
1378379048,4,10399.998544,194.13330615466666,1.8666666666666665,1.6703488E7,324359.2,0.0,13.466666666666665,4.866666666666666,0.13333333333333333
1378379348,4,10399.998544,221.86663560533333,2.1333333333333333,1.6703488E7,167772.0,0.0,18.066666666666666,4.733333333333333,0.06666666666666667
1378379648,4,10399.998544,1036.5331882186665,9.966666666666667,1.6703488E7,1140849.6,0.0,20.333333333333332,129.93333333333334,168.86666666666667
1378379948,4,10399.998544,2152.7996986079997,20.7,1.6703488E7,1946155.2,0.0,22.0,88.73333333333333,203.0
1378380248,4,10399.998544,1884.1330695546667,18.116666666666667,1.6703488E7,2080372.8,0.0,22.799999999999997,69.06666666666666,57.93333333333333
1378380548,4,10399.998544,201.06663851733333,1.9333333333333333,1.6703488E7,1756013.6,0.0,12.733333333333334,4.933333333333334,0.13333333333333333
1378380848,4,10399.998544,206.26663778933332,1.9833333333333334,1.6703488E7,458576.8,0.0,13.399999999999999,4.8,0.06666666666666667
1378381148,4,10399.998544,201.06663851733333,1.9333333333333333,1.6703488E7,100663.2,0.0,12.333333333333332,4.8,0.06666666666666667
1378381448,4,10399.998544,188.93330688266667,1.8166666666666667,1.6703488E7,257250.4,0.0,12.666666666666668,4.8,0.0
1378381748,4,10399.998544,187.199973792,1.8,1.6703488E7,167772.0,0.0,12.333333333333332,4.866666666666666,0.06666666666666667
1378382048,4,10399.998544,1613.7331074106667,15.516666666666667,1.6703488E7,1420469.6,0.0,21.333333333333336,128.0,39.2
1378382348,4,10399.998544,1046.9331867626665,10.066666666666666,1.6703488E7,2013264.0,0.0,19.8,44.06666666666667,20.333333333333332
1378382648,4,10399.998544,1447.333130706667,13.916666666666668,1.6703488E7,2427101.6,0.0,22.93333333333333,70.86666666666666,453.93333333333334
1378382948,4,10399.998544,1662.266433949333,15.983333333333333,1.6703488E7,1923785.6,0.0,27.0,56.13333333333333,66.8
1378383248,4,10399.998544,187.199973792,1.8,1.6703488E7,1431654.4,0.0,12.4,4.6,0.06666666666666667
1378383548,4,10399.998544,192.399973064,1.85,1.6703488E7,201326.4,0.0,12.600000000000001,4.733333333333333,0.06666666666666667
1378383848,4,10399.998544,190.66663997333336,1.8333333333333335,1.6703488E7,0.0,0.0,12.4,4.733333333333333,0.06666666666666667
1378384149,4,10399.998544,188.93330688266667,1.8166666666666667,1.6703488E7,78293.6,0.0,12.533333333333333,4.8,0.06666666666666667
1378384449,4,10399.998544,190.66663997333336,1.8333333333333335,1.6703488E7,167772.0,0.0,13.066666666666666,4.8,0.06666666666666667
1378384749,4,10399.998544,187.199973792,1.8,1.6703488E7,55924.0,0.0,12.466666666666667,4.8,0.06666666666666667
1378385049,4,10399.998544,202.79997160799996,1.95,1.6703488E7,134217.6,0.0,14.866666666666667,5.2,0.4666666666666667
1378385349,4,10399.998544,192.399973064,1.85,1.6703488E7,78293.6,0.0,12.8,4.866666666666666,0.06666666666666667
1378385649,4,10399.998544,188.93330688266667,1.8166666666666667,1.6703488E7,100663.2,0.0,12.733333333333334,4.866666666666666,0.06666666666666667
1378385949,4,10399.998544,188.93330688266667,1.8166666666666667,1.6703488E7,55924.0,0.0,12.733333333333334,4.733333333333333,0.06666666666666667
1378386249,4,10399.998544,197.59997233599998,1.9,1.6703488E7,100663.2,0.0,14.333333333333334,4.866666666666666,0.2
1378386549,4,10399.998544,218.399969424,2.1,1.6703488E7,469761.6,0.0,17.933333333333334,4.933333333333334,0.06666666666666667
1378386849,4,10399.998544,190.66663997333336,1.8333333333333335,1.6703488E7,313174.4,0.0,12.8,4.8,0.06666666666666667
1378387149,4,10399.998544,190.66663997333336,1.8333333333333335,1.6703488E7,22369.6,0.0,12.466666666666667,4.733333333333333,0.06666666666666667
1378387449,4,10399.998544,194.13330615466666,1.8666666666666665,1.6703488E7,234880.8,0.0,12.666666666666666,4.866666666666666,0.06666666666666667
1378387749,4,10399.998544,192.399973064,1.85,1.6703488E7,201326.4,0.0,12.333333333333332,4.866666666666666,0.06666666666666667
1378388049,4,10399.998544,190.66663997333336,1.8333333333333335,1.6703488E7,212511.2,0.0,13.0,4.733333333333333,0.06666666666666667
1378388349,4,10399.998544,206.26663778933332,1.9833333333333334,1.6703488E7,67108.8,0.0,12.933333333333334,4.933333333333334,0.06666666666666667
1378388649,4,10399.998544,187.199973792,1.8,1.6703488E7,167772.0,0.0,12.666666666666668,5.133333333333334,0.06666666666666667
1378388949,4,10399.998544,187.199973792,1.8,1.6703488E7,22369.6,0.0,12.6,4.866666666666666,0.06666666666666667
1378389249,4,10399.998544,190.66663997333336,1.8333333333333335,1.6703488E7,212511.2,0.0,12.533333333333335,4.733333333333333,0.06666666666666667
1378389549,4,10399.998544,187.199973792,1.8,1.6703488E7,89478.4,0.0,12.533333333333335,4.733333333333333,0.06666666666666667
1378389849,4,10399.998544,201.06663851733333,1.9333333333333333,1.6703488E7,134217.6,0.0,13.933333333333334,4.866666666666666,0.13333333333333333
1378390149,4,10399.998544,214.93330324266663,2.0666666666666664,1.6703488E7,67108.8,0.0,18.0,4.733333333333333,0.06666666666666667
1378390449,4,10399.998544,206.26663778933332,1.9833333333333334,1.6703488E7,268435.2,0.0,12.733333333333334,4.666666666666667,0.06666666666666667
1378390749,4,10399.998544,195.86663924533335,1.8833333333333335,1.6703488E7,335544.0,0.0,12.333333333333334,4.733333333333333,0.06666666666666667
1378391949,4,10399.998544,195.86663924533335,1.8833333333333335,1.6703488E7,335544.0,0.0,12.333333333333334,4.733333333333333,0.06666666666666667
1378392249,4,10399.998544,195.86663924533335,1.8833333333333335,1.6703488E7,335544.0,0.0,12.333333333333334,4.733333333333333,0.06666666666666667
1378392549,4,10399.998544,195.86663924533335,1.8833333333333335,1.6703488E7,335544.0,0.0,12.333333333333334,4.733333333333333,0.06666666666666667
1378392849,4,10399.998544,195.86663924533335,1.8833333333333335,1.6703488E7,335544.0,0.0,12.333333333333334,4.733333333333333,0.06666666666666667
1378393149,4,10399.998544,190.66663997333336,1.8333333333333335,1.6703488E7,67108.8,0.0,12.266666666666666,4.6,0.06666666666666667
1378393449,4,10399.998544,197.59997233599998,1.9,1.6703488E7,290804.8,0.0,13.533333333333333,4.733333333333333,0.06666666666666667
1378393749,4,10399.998544,214.93330324266663,2.0666666666666664,1.6703488E7,234880.8,0.0,18.066666666666666,4.733333333333333,0.13333333333333333
1378394050,4,10399.998544,188.93330688266667,1.8166666666666667,1.6703488E7,268435.2,0.0,12.466666666666667,4.733333333333333,0.06666666666666667
1378394350,4,10399.998544,192.399973064,1.85,1.6703488E7,55924.0,0.0,12.533333333333333,4.733333333333333,0.06666666666666667
1378394650,4,10399.998544,194.13330615466666,1.8666666666666665,1.6703488E7,167772.0,0.0,12.466666666666667,4.733333333333333,0.06666666666666667
1378394950,4,10399.998544,188.93330688266667,1.8166666666666667,1.6703488E7,156587.2,0.0,12.733333333333334,4.8,0.06666666666666667
1378395250,4,10399.998544,190.66663997333336,1.8333333333333335,1.6703488E7,134217.6,0.0,13.2,4.8,0.06666666666666667
1378395550,4,10399.998544,188.93330688266667,1.8166666666666667,1.6703488E7,201326.4,0.0,12.6,4.8,0.06666666666666667
1378395850,4,10399.998544,192.399973064,1.85,1.6703488E7,212511.2,0.0,12.533333333333333,4.666666666666667,0.06666666666666667
1378396150,4,10399.998544,190.66663997333336,1.8333333333333335,1.6703488E7,100663.2,0.0,12.466666666666667,4.8,0.06666666666666667
1378396450,4,10399.998544,1592.9331103226668,15.316666666666668,1.6703488E7,984262.4,0.0,19.933333333333334,164.93333333333334,169.26666666666668
1378396750,4,10399.998544,1286.1331532746667,12.366666666666667,1.6703488E7,1744828.8,0.0,19.8,55.0,455.26666666666665
1378397050,4,10399.998544,1696.9330957626669,16.316666666666666,1.6703488E7,1778383.2,0.0,24.6,57.8,29.0
1378397350,4,10399.998544,1826.9330775626668,17.566666666666666,1.6703488E7,2169851.2,0.0,28.066666666666666,58.2,91.4
1378397650,4,10399.998544,199.33330542666667,1.9166666666666665,1.6703488E7,1577056.8,0.0,13.0,4.733333333333333,0.13333333333333333
1378397950,4,10399.998544,194.13330615466666,1.8666666666666665,1.6703488E7,503316.0,0.0,12.333333333333334,4.733333333333333,0.06666666666666667
1378398250,4,10399.998544,187.199973792,1.8,1.6703488E7,134217.6,0.0,12.8,4.666666666666667,0.06666666666666667
1378398550,4,10399.998544,187.199973792,1.8,1.6703488E7,257250.4,0.0,12.8,4.733333333333333,0.06666666666666667
1378398850,4,10399.998544,188.93330688266667,1.8166666666666667,1.6703488E7,402652.8,0.0,13.0,4.666666666666667,0.06666666666666667
1378399150,4,10399.998544,187.199973792,1.8,1.6703488E7,145402.4,0.0,12.466666666666667,4.733333333333333,0.06666666666666667
1378399450,4,10399.998544,201.06663851733333,1.9333333333333333,1.6703488E7,212511.2,0.0,14.266666666666667,5.0,0.4
1378399750,4,10399.998544,188.93330688266667,1.8166666666666667,1.6703488E7,111848.0,0.0,12.2,4.6,0.06666666666666667
1378400050,4,10399.998544,190.66663997333336,1.8333333333333335,1.6703488E7,100663.2,0.0,12.6,4.933333333333334,0.06666666666666667
1378400350,4,10399.998544,194.13330615466666,1.8666666666666665,1.6703488E7,156587.2,0.0,12.4,4.8,0.06666666666666667
1378400650,4,10399.998544,201.06663851733333,1.9333333333333333,1.6703488E7,156587.2,0.0,14.0,5.0,0.06666666666666667
1378400950,4,10399.998544,214.93330324266663,2.0666666666666664,1.6703488E7,290804.8,0.0,18.2,4.8,0.13333333333333333
1378401250,4,10399.998544,190.66663997333336,1.8333333333333335,1.6703488E7,313174.4,0.0,12.466666666666667,4.8,0.06666666666666667
1378401550,4,10399.998544,190.66663997333336,1.8333333333333335,1.6703488E7,167772.0,0.0,12.533333333333333,4.866666666666666,0.06666666666666667
1378401850,4,10399.998544,190.66663997333336,1.8333333333333335,1.6703488E7,167772.0,0.0,12.266666666666666,4.733333333333333,0.06666666666666667
1378402150,4,10399.998544,188.93330688266667,1.8166666666666667,1.6703488E7,201326.4,0.0,12.533333333333333,4.8,0.13333333333333333
1378402450,4,10399.998544,195.86663924533335,1.8833333333333335,1.6703488E7,223696.0,0.0,12.933333333333334,4.733333333333333,0.06666666666666667
1378402750,4,10399.998544,192.399973064,1.85,1.6703488E7,156587.2,0.0,12.4,4.8,0.06666666666666667
1378403050,4,10399.998544,192.399973064,1.85,1.6703488E7,89478.4,0.0,12.733333333333334,4.8,0.06666666666666667
1378403350,4,10399.998544,195.86663924533335,1.8833333333333335,1.6703488E7,145402.4,0.0,12.6,4.666666666666667,0.06666666666666667
1378403650,4,10399.998544,188.93330688266667,1.8166666666666667,1.6703488E7,156587.2,0.0,12.2,4.933333333333334,0.06666666666666667
1378403951,4,10399.998544,195.86663924533335,1.8833333333333335,1.6703488E7,156587.2,0.0,12.733333333333334,4.666666666666667,0.06666666666666667
1378404251,4,10399.998544,197.59997233599998,1.9,1.6703488E7,178956.8,0.0,13.6,5.066666666666666,0.06666666666666667
1378404551,4,10399.998544,220.1333025146667,2.1166666666666667,1.6703488E7,246065.6,0.0,18.133333333333333,4.866666666666666,0.06666666666666667
1378404851,4,10399.998544,568.5332537386666,5.466666666666666,1.6703488E7,1006632.0,0.0,16.266666666666666,93.4,21.866666666666667
1378405151,4,10399.998544,188.93330688266667,1.8166666666666667,1.6703488E7,1062556.0,0.0,12.266666666666666,4.8,0.06666666666666667
1378405451,4,10399.998544,187.199973792,1.8,1.6703488E7,223696.0,0.0,12.733333333333334,4.933333333333334,0.06666666666666667
1378405750,4,10399.998544,190.66663997333336,1.8333333333333335,1.6703488E7,44739.2,0.0,12.399999999999999,4.933333333333334,0.06666666666666667
1378406050,4,10399.998544,192.399973064,1.85,1.6703488E7,391468.0,0.0,12.933333333333334,4.866666666666666,0.06666666666666667
1378406350,4,10399.998544,188.93330688266667,1.8166666666666667,1.6703488E7,413837.6,0.0,12.733333333333334,4.733333333333333,0.06666666666666667
1378406650,4,10399.998544,197.59997233599998,1.9,1.6703488E7,212511.2,0.0,13.866666666666667,5.133333333333334,0.4
1378406950,4,10399.998544,197.59997233599998,1.9,1.6703488E7,145402.4,0.0,13.0,4.866666666666666,0.06666666666666667
1378407250,4,10399.998544,192.399973064,1.85,1.6703488E7,111848.0,0.0,12.733333333333334,4.8,0.0
1378407550,4,10399.998544,192.399973064,1.85,1.6703488E7,55924.0,0.0,12.600000000000001,4.8,0.06666666666666667
1378407850,4,10399.998544,204.53330469866665,1.9666666666666666,1.6703488E7,167772.0,0.0,13.933333333333334,4.933333333333334,0.2
1378408150,4,10399.998544,223.599968696,2.15,1.6703488E7,268435.2,0.0,18.4,4.866666666666666,0.06666666666666667
1378408450,4,10399.998544,185.46664070133335,1.7833333333333334,1.6703488E7,525685.6,0.0,12.533333333333333,4.8,0.06666666666666667
1378408751,4,10399.998544,192.399973064,1.85,1.6703488E7,67108.8,0.0,12.466666666666667,4.933333333333334,0.06666666666666667
1378409051,4,10399.998544,195.86663924533335,1.8833333333333335,1.6703488E7,190141.6,0.0,12.6,4.8,0.06666666666666667
1378409351,4,10399.998544,201.06663851733333,1.9333333333333333,1.6703488E7,100663.2,0.0,12.4,4.8,0.06666666666666667
1378409651,4,10399.998544,199.33330542666667,1.9166666666666665,1.6703488E7,89478.4,0.0,13.0,4.866666666666666,0.06666666666666667
1378409951,4,10399.998544,188.93330688266667,1.8166666666666667,1.6703488E7,223696.0,0.0,12.2,4.8,0.0
1378410251,4,10399.998544,190.66663997333336,1.8333333333333335,1.6703488E7,223696.0,0.0,12.466666666666667,4.8,0.06666666666666667
1378410551,4,10399.998544,190.66663997333336,1.8333333333333335,1.6703488E7,156587.2,0.0,12.133333333333333,4.866666666666666,0.0
1378410851,4,10399.998544,187.199973792,1.8,1.6703488E7,178956.8,0.0,12.933333333333334,4.8,0.0
1378411151,4,10399.998544,190.66663997333336,1.8333333333333335,1.6703488E7,167772.0,0.0,12.666666666666666,4.8,0.06666666666666667
1378411451,4,10399.998544,206.26663778933332,1.9833333333333334,1.6703488E7,223696.0,0.0,13.333333333333332,4.933333333333334,0.06666666666666667
1378411751,4,10399.998544,223.599968696,2.15,1.6703488E7,257250.4,0.0,18.4,4.933333333333334,0.0
1378412051,4,10399.998544,190.66663997333336,1.8333333333333335,1.6703488E7,346728.8,0.0,12.666666666666666,4.866666666666666,0.0
1378412351,4,10399.998544,190.66663997333336,1.8333333333333335,1.6703488E7,167772.0,0.0,12.133333333333333,4.933333333333334,0.0
1378412651,4,10399.998544,190.66663997333336,1.8333333333333335,1.6703488E7,156587.2,0.0,12.866666666666667,4.933333333333334,0.0
1378412951,4,10399.998544,190.66663997333336,1.8333333333333335,1.6703488E7,167772.0,0.0,12.133333333333333,4.866666666666666,0.06666666666666667
1378413251,4,10399.998544,190.66663997333336,1.8333333333333335,1.6703488E7,257250.4,0.0,13.133333333333333,4.933333333333334,0.0
1378413551,4,10399.998544,194.13330615466666,1.8666666666666665,1.6703488E7,290804.8,0.0,12.333333333333332,4.933333333333334,0.0
1378413851,4,10399.998544,190.66663997333336,1.8333333333333335,1.6703488E7,123032.8,0.0,12.666666666666668,4.933333333333334,0.06666666666666667
1378414151,4,10399.998544,187.199973792,1.8,1.6703488E7,246065.6,0.0,12.333333333333332,4.8,0.0
1378414451,4,10399.998544,188.93330688266667,1.8166666666666667,1.6703488E7,89478.4,0.0,12.600000000000001,4.866666666666666,0.06666666666666667
1378414751,4,10399.998544,192.399973064,1.85,1.6703488E7,123032.8,0.0,12.4,4.866666666666666,0.06666666666666667
1378415051,4,10399.998544,228.79996796800003,2.2,1.6703488E7,190141.6,0.0,18.866666666666667,4.8,0.2
1378415351,4,10399.998544,214.93330324266663,2.0666666666666664,1.6703488E7,201326.4,0.0,18.133333333333333,4.8,0.06666666666666667
1378415651,4,10399.998544,190.66663997333336,1.8333333333333335,1.6703488E7,123032.8,0.0,12.533333333333335,4.866666666666666,0.0
1378415951,4,10399.998544,188.93330688266667,1.8166666666666667,1.6703488E7,67108.8,0.0,12.6,4.733333333333333,0.06666666666666667
1378416251,4,10399.998544,190.66663997333336,1.8333333333333335,1.6703488E7,134217.6,0.0,12.8,4.866666666666666,0.0
1378416551,4,10399.998544,194.13330615466666,1.8666666666666665,1.6703488E7,134217.6,0.0,12.4,4.733333333333333,0.0
1378416851,4,10399.998544,187.199973792,1.8,1.6703488E7,190141.6,0.0,12.8,4.8,0.06666666666666667
1378417152,4,10399.998544,192.399973064,1.85,1.6703488E7,369098.4,0.0,12.266666666666666,4.733333333333333,0.06666666666666667
1378417452,4,10399.998544,187.199973792,1.8,1.6703488E7,335544.0,0.0,12.533333333333333,4.8,0.06666666666666667
1378417752,4,10399.998544,190.66663997333336,1.8333333333333335,1.6703488E7,167772.0,0.0,12.399999999999999,4.8,0.0
1378418052,4,10399.998544,192.399973064,1.85,1.6703488E7,78293.6,0.0,13.733333333333334,4.8,0.06666666666666667
1378418352,4,10399.998544,190.66663997333336,1.8333333333333335,1.6703488E7,223696.0,0.0,12.600000000000001,4.666666666666667,0.0
1378418652,4,10399.998544,199.33330542666667,1.9166666666666665,1.6703488E7,279620.0,0.0,14.2,5.133333333333334,0.0
1378418952,4,10399.998544,211.4666370613333,2.033333333333333,1.6703488E7,324359.2,0.0,18.066666666666666,5.0,0.06666666666666667
1378419252,4,10399.998544,188.93330688266667,1.8166666666666667,1.6703488E7,301989.6,0.0,12.666666666666668,4.866666666666666,0.06666666666666667
1378419552,4,10399.998544,192.399973064,1.85,1.6703488E7,0.0,0.0,12.466666666666667,4.933333333333334,0.06666666666666667
1378419852,4,10399.998544,192.399973064,1.85,1.6703488E7,0.0,0.0,12.4,4.8,0.06666666666666667
1378420152,4,10399.998544,195.86663924533335,1.8833333333333335,1.6703488E7,78293.6,0.0,12.6,4.733333333333333,0.06666666666666667
1378420452,4,10399.998544,188.93330688266667,1.8166666666666667,1.6703488E7,234880.8,0.0,12.733333333333334,4.733333333333333,0.0
1378420752,4,10399.998544,190.66663997333336,1.8333333333333335,1.6703488E7,234880.8,0.0,12.600000000000001,4.733333333333333,0.0
1378421052,4,10399.998544,194.13330615466666,1.8666666666666665,1.6703488E7,212511.2,0.0,16.866666666666667,5.733333333333333,0.6666666666666666
1378421352,4,10399.998544,206.26663778933332,1.9833333333333334,1.6703488E7,246065.6,0.0,12.533333333333335,4.866666666666666,0.06666666666666667
1378421652,4,10399.998544,190.66663997333336,1.8333333333333335,1.6703488E7,223696.0,0.0,12.133333333333333,4.8,0.0
1378421952,4,10399.998544,190.66663997333336,1.8333333333333335,1.6703488E7,134217.6,0.0,12.066666666666666,4.733333333333333,0.06666666666666667
1378422252,4,10399.998544,188.93330688266667,1.8166666666666667,1.6703488E7,246065.6,0.0,13.8,4.933333333333334,0.06666666666666667
1378422552,4,10399.998544,214.93330324266663,2.0666666666666664,1.6703488E7,78293.6,0.0,18.266666666666666,4.933333333333334,0.0
1378422852,4,10399.998544,192.399973064,1.85,1.6703488E7,167772.0,0.0,12.333333333333332,4.933333333333334,0.0
1378423152,4,10399.998544,185.46664070133335,1.7833333333333334,1.6703488E7,167772.0,0.0,12.4,4.866666666666666,0.0
1378423452,4,10399.998544,187.199973792,1.8,1.6703488E7,324359.2,0.0,12.466666666666667,4.866666666666666,0.06666666666666667
1378423752,4,10399.998544,185.46664070133335,1.7833333333333334,1.6703488E7,44739.2,0.0,12.466666666666667,4.8,0.06666666666666667
1378424052,4,10399.998544,185.46664070133335,1.7833333333333334,1.6703488E7,145402.4,0.0,12.8,4.933333333333334,0.06666666666666667
1378424352,4,10399.998544,190.66663997333336,1.8333333333333335,1.6703488E7,167772.0,0.0,12.666666666666666,4.8,0.0
1378424653,4,10399.998544,188.93330688266667,1.8166666666666667,1.6703488E7,167772.0,0.0,12.4,4.8,0.0
1378424953,4,10399.998544,195.86663924533335,1.8833333333333335,1.6703488E7,212511.2,0.0,12.733333333333334,5.0,0.0
1378425253,4,10399.998544,195.86663924533335,1.8833333333333335,1.6703488E7,201326.4,0.0,12.600000000000001,4.8,0.0
1378425553,4,10399.998544,190.66663997333336,1.8333333333333335,1.6703488E7,178956.8,0.0,12.533333333333333,4.666666666666667,0.06666666666666667
1378425853,4,10399.998544,194.13330615466666,1.8666666666666665,1.6703488E7,123032.8,0.0,13.533333333333333,4.733333333333333,0.06666666666666667
1378426153,4,10399.998544,213.199970152,2.05,1.6703488E7,268435.2,0.0,18.4,4.866666666666666,0.0
1378426453,4,10399.998544,190.66663997333336,1.8333333333333335,1.6703488E7,212511.2,0.0,12.533333333333335,4.733333333333333,0.0
1378426753,4,10399.998544,185.46664070133335,1.7833333333333334,1.6703488E7,201326.4,0.0,12.666666666666668,4.733333333333333,0.0
1378427053,4,10399.998544,191.28568750571426,1.8392857142857142,1.6703488E7,191739.42857142858,0.0,12.214285714285715,4.428571428571429,0.0
1378427353,4,10399.998544,188.93330688266667,1.8166666666666667,1.6703488E7,167772.0,0.0,12.466666666666667,4.666666666666667,0.06666666666666667
1378427653,4,10399.998544,188.93330688266667,1.8166666666666667,1.6703488E7,55924.0,0.0,13.266666666666666,4.733333333333333,0.06666666666666667
1378427953,4,10399.998544,188.93330688266667,1.8166666666666667,1.6703488E7,123032.8,0.0,12.533333333333333,4.733333333333333,0.06666666666666667
1378428253,4,10399.998544,192.399973064,1.85,1.6703488E7,212511.2,0.0,13.066666666666666,4.8,0.0
1378428553,4,10399.998544,188.93330688266667,1.8166666666666667,1.6703488E7,111848.0,0.0,12.399999999999999,4.666666666666667,0.0
1378428853,4,10399.998544,194.13330615466666,1.8666666666666665,1.6703488E7,190141.6,0.0,12.533333333333333,4.8,0.0
1378429153,4,10399.998544,187.199973792,1.8,1.6703488E7,111848.0,0.0,12.666666666666668,4.733333333333333,0.0
1378429453,4,10399.998544,195.86663924533335,1.8833333333333335,1.6703488E7,190141.6,0.0,14.066666666666666,4.866666666666666,0.06666666666666667
1378429753,4,10399.998544,214.93330324266663,2.0666666666666664,1.6703488E7,559240.0,0.0,18.4,4.933333333333334,0.06666666666666667
1378430053,4,10399.998544,190.66663997333336,1.8333333333333335,1.6703488E7,536870.4,0.0,12.533333333333333,4.8,0.0
1378430353,4,10399.998544,190.66663997333336,1.8333333333333335,1.6703488E7,212511.2,0.0,12.466666666666667,4.866666666666666,0.06666666666666667
1378430653,4,10399.998544,190.66663997333336,1.8333333333333335,1.6703488E7,156587.2,0.0,12.666666666666668,4.8,0.06666666666666667
1378430953,4,10399.998544,188.93330688266667,1.8166666666666667,1.6703488E7,167772.0,0.0,12.533333333333335,4.733333333333333,0.06666666666666667
1378431253,4,10399.998544,190.66663997333336,1.8333333333333335,1.6703488E7,111848.0,0.0,13.133333333333333,4.866666666666666,0.06666666666666667
1378431553,4,10399.998544,265.199962872,2.55,1.6703488E7,324359.2,0.0,77.0,8.066666666666666,178.4
1378431853,4,10399.998544,689.8665700853334,6.633333333333334,1.6703488E7,436207.2,0.0,121.13333333333334,9.533333333333333,50.4
1378432153,4,10399.998544,188.93330688266667,1.8166666666666667,1.6703488E7,201326.4,0.0,13.6,4.733333333333333,0.06666666666666667
1378432453,4,10399.998544,188.93330688266667,1.8166666666666667,1.6703488E7,67108.8,0.0,12.533333333333333,4.666666666666667,0.06666666666666667
1378432753,4,10399.998544,190.66663997333336,1.8333333333333335,1.6703488E7,0.0,0.0,12.533333333333335,4.733333333333333,0.0
1378433054,4,10399.998544,398.66661085333334,3.833333333333333,1.6703488E7,111848.0,0.0,29.799999999999997,13.333333333333334,1.0666666666666667
1378433354,4,10399.998544,218.399969424,2.1,1.6703488E7,290804.8,0.0,19.4,4.8,0.06666666666666667
1378433654,4,10399.998544,192.399973064,1.85,1.6703488E7,212511.2,0.0,12.333333333333334,4.733333333333333,0.0
1378433954,4,10399.998544,188.93330688266667,1.8166666666666667,1.6703488E7,89478.4,0.0,12.733333333333334,4.866666666666666,0.06666666666666667
1378434254,4,10399.998544,190.66663997333336,1.8333333333333335,1.6703488E7,78293.6,0.0,12.533333333333333,4.733333333333333,0.06666666666666667
1378434554,4,10399.998544,188.93330688266667,1.8166666666666667,1.6703488E7,111848.0,0.0,12.733333333333334,5.0,0.06666666666666667
1378434854,4,10399.998544,190.66663997333336,1.8333333333333335,1.6703488E7,212511.2,0.0,12.666666666666668,4.933333333333334,0.06666666666666667
1378435154,4,10399.998544,192.399973064,1.85,1.6703488E7,156587.2,0.0,12.6,4.733333333333333,0.06666666666666667
1378435454,4,10399.998544,197.59997233599998,1.9,1.6703488E7,0.0,0.0,12.4,4.8,0.06666666666666667
1378435754,4,10399.998544,188.93330688266667,1.8166666666666667,1.6703488E7,123032.8,0.0,12.466666666666667,4.8,0.06666666666666667
1378436054,4,10399.998544,204.53330469866665,1.9666666666666666,1.6703488E7,156587.2,0.0,12.666666666666668,4.733333333333333,0.06666666666666667
1378436354,4,10399.998544,194.13330615466666,1.8666666666666665,1.6703488E7,178956.8,0.0,12.466666666666667,4.8,0.0
1378436654,4,10399.998544,195.86663924533335,1.8833333333333335,1.6703488E7,156587.2,0.0,13.666666666666666,4.733333333333333,0.13333333333333333
1378436954,4,10399.998544,220.1333025146667,2.1166666666666667,1.6703488E7,301989.6,0.0,18.066666666666666,4.866666666666666,0.06666666666666667
1378437254,4,10399.998544,188.93330688266667,1.8166666666666667,1.6703488E7,324359.2,0.0,13.066666666666666,4.733333333333333,0.06666666666666667
1378437554,4,10399.998544,194.13330615466666,1.8666666666666665,1.6703488E7,201326.4,0.0,12.533333333333333,4.666666666666667,0.06666666666666667
1378437854,4,10399.998544,190.66663997333336,1.8333333333333335,1.6703488E7,89478.4,0.0,12.733333333333334,4.866666666666666,0.06666666666666667
1378438154,4,10399.998544,192.399973064,1.85,1.6703488E7,67108.8,0.0,12.4,4.666666666666667,0.0
1378438454,4,10399.998544,185.46664070133335,1.7833333333333334,1.6703488E7,145402.4,0.0,13.266666666666666,4.866666666666666,0.06666666666666667
1378438754,4,10399.998544,192.399973064,1.85,1.6703488E7,313174.4,0.0,12.666666666666666,4.866666666666666,0.06666666666666667
1378439053,4,10399.998544,192.399973064,1.85,1.6703488E7,223696.0,0.0,12.4,4.866666666666666,0.06666666666666667
1378439354,4,10399.998544,190.66663997333336,1.8333333333333335,1.6703488E7,178956.8,0.0,12.733333333333334,4.866666666666666,0.06666666666666667
1378439654,4,10399.998544,190.66663997333336,1.8333333333333335,1.6703488E7,111848.0,0.0,12.933333333333334,4.866666666666666,0.06666666666666667
1378439954,4,10399.998544,190.66663997333336,1.8333333333333335,1.6703488E7,111848.0,0.0,12.533333333333333,4.8,0.0
1378440254,4,10399.998544,197.59997233599998,1.9,1.6703488E7,44739.2,0.0,14.533333333333333,4.933333333333334,0.2
1378440554,4,10399.998544,211.4666370613333,2.033333333333333,1.6703488E7,190141.6,0.0,18.53333333333333,4.933333333333334,0.06666666666666667
1378440854,4,10399.998544,187.199973792,1.8,1.6703488E7,167772.0,0.0,12.533333333333333,4.933333333333334,0.06666666666666667
1378441154,4,10399.998544,192.399973064,1.85,1.6703488E7,257250.4,0.0,12.399999999999999,4.866666666666666,0.06666666666666667
1378441454,4,10399.998544,190.66663997333336,1.8333333333333335,1.6703488E7,290804.8,0.0,12.666666666666666,4.866666666666666,0.06666666666666667
1378441754,4,10399.998544,195.86663924533335,1.8833333333333335,1.6703488E7,268435.2,0.0,12.266666666666666,4.733333333333333,0.06666666666666667
1378442054,4,10399.998544,207.99997088,2.0,1.6703488E7,201326.4,0.0,13.066666666666666,4.8,0.06666666666666667
1378442354,4,10399.998544,194.13330615466666,1.8666666666666665,1.6703488E7,134217.6,0.0,12.933333333333334,4.733333333333333,0.06666666666666667
1378442654,4,10399.998544,188.93330688266667,1.8166666666666667,1.6703488E7,67108.8,0.0,12.4,4.733333333333333,0.0
1378442954,4,10399.998544,187.199973792,1.8,1.6703488E7,0.0,0.0,12.399999999999999,4.733333333333333,0.06666666666666667
1378443254,4,10399.998544,192.399973064,1.85,1.6703488E7,257250.4,0.0,12.533333333333333,4.866666666666666,0.0
1378443554,4,10399.998544,192.399973064,1.85,1.6703488E7,268435.2,0.0,12.600000000000001,4.8,0.0
1378443854,4,10399.998544,194.13330615466666,1.8666666666666665,1.6703488E7,301989.6,0.0,13.600000000000001,4.933333333333334,0.13333333333333333
1378444154,4,10399.998544,214.93330324266663,2.0666666666666664,1.6703488E7,167772.0,0.0,17.933333333333334,4.866666666666666,0.06666666666666667
1378444454,4,10399.998544,187.199973792,1.8,1.6703488E7,357913.6,0.0,12.8,5.0,0.0
1378444754,4,10399.998544,188.93330688266667,1.8166666666666667,1.6703488E7,167772.0,0.0,12.733333333333334,4.8,0.0
1378445054,4,10399.998544,187.199973792,1.8,1.6703488E7,279620.0,0.0,12.733333333333334,4.733333333333333,0.06666666666666667
1378445354,4,10399.998544,190.66663997333336,1.8333333333333335,1.6703488E7,100663.2,0.0,12.733333333333334,4.8,0.0
1378445654,4,10399.998544,188.93330688266667,1.8166666666666667,1.6703488E7,89478.4,0.0,12.933333333333334,4.8,0.0
1378445954,4,10399.998544,192.399973064,1.85,1.6703488E7,313174.4,0.0,12.466666666666667,4.933333333333334,0.06666666666666667
1378446254,4,10399.998544,188.93330688266667,1.8166666666666667,1.6703488E7,178956.8,0.0,12.733333333333334,4.733333333333333,0.0
1378446554,4,10399.998544,190.66663997333336,1.8333333333333335,1.6703488E7,134217.6,0.0,12.8,4.8,0.06666666666666667
1378446855,4,10399.998544,192.399973064,1.85,1.6703488E7,268435.2,0.0,12.399999999999999,4.8,0.06666666666666667
1378447155,4,10399.998544,192.399973064,1.85,1.6703488E7,22369.6,0.0,12.733333333333334,4.8,0.06666666666666667
1378447455,4,10399.998544,192.399973064,1.85,1.6703488E7,67108.8,0.0,13.533333333333333,4.8,0.13333333333333333
1378447755,4,10399.998544,213.199970152,2.05,1.6703488E7,178956.8,0.0,18.266666666666666,4.933333333333334,0.13333333333333333
1378448055,4,10399.998544,187.199973792,1.8,1.6703488E7,111848.0,0.0,12.466666666666667,4.8,0.06666666666666667
1378448355,4,10399.998544,192.399973064,1.85,1.6703488E7,134217.6,0.0,12.466666666666667,4.8,0.06666666666666667
1378448655,4,10399.998544,190.66663997333336,1.8333333333333335,1.6703488E7,156587.2,0.0,12.6,4.733333333333333,0.06666666666666667
1378448955,4,10399.998544,190.66663997333336,1.8333333333333335,1.6703488E7,44739.2,0.0,12.6,4.8,0.0
1378449255,4,10399.998544,197.59997233599998,1.9,1.6703488E7,0.0,0.0,13.266666666666666,4.733333333333333,0.06666666666666667
1378449555,4,10399.998544,190.66663997333336,1.8333333333333335,1.6703488E7,55924.0,0.0,12.466666666666667,4.733333333333333,0.06666666666666667
1378449855,4,10399.998544,192.399973064,1.85,1.6703488E7,100663.2,0.0,12.6,4.8,0.06666666666666667
1378450155,4,10399.998544,195.86663924533335,1.8833333333333335,1.6703488E7,100663.2,0.0,12.466666666666667,4.533333333333333,0.06666666666666667
1378450455,4,10399.998544,185.46664070133335,1.7833333333333334,1.6703488E7,178956.8,0.0,12.600000000000001,4.666666666666667,0.06666666666666667
1378450755,4,10399.998544,188.93330688266667,1.8166666666666667,1.6703488E7,11184.8,0.0,12.466666666666667,4.8,0.06666666666666667
1378451055,4,10399.998544,197.59997233599998,1.9,1.6703488E7,257250.4,0.0,14.4,4.866666666666666,0.2
1378451355,4,10399.998544,213.199970152,2.05,1.6703488E7,402652.8,0.0,18.0,4.733333333333333,0.06666666666666667
1378451655,4,10399.998544,190.66663997333336,1.8333333333333335,1.6703488E7,234880.8,0.0,12.4,4.733333333333333,0.06666666666666667
1378451955,4,10399.998544,190.66663997333336,1.8333333333333335,1.6703488E7,201326.4,0.0,12.8,4.733333333333333,0.06666666666666667
1378452255,4,10399.998544,190.66663997333336,1.8333333333333335,1.6703488E7,201326.4,0.0,12.333333333333332,4.8,0.0
1378452555,4,10399.998544,192.399973064,1.85,1.6703488E7,167772.0,0.0,12.533333333333335,4.8,0.06666666666666667
1378452855,4,10399.998544,188.93330688266667,1.8166666666666667,1.6703488E7,234880.8,0.0,13.0,4.733333333333333,0.06666666666666667
1378453155,4,10399.998544,192.399973064,1.85,1.6703488E7,402652.8,0.0,12.600000000000001,4.866666666666666,0.06666666666666667
1378453455,4,10399.998544,202.79997160799996,1.95,1.6703488E7,111848.0,0.0,12.6,4.8,0.06666666666666667
1378453755,4,10399.998544,188.93330688266667,1.8166666666666667,1.6703488E7,268435.2,0.0,12.666666666666668,4.8,0.06666666666666667
1378454055,4,10399.998544,187.199973792,1.8,1.6703488E7,100663.2,0.0,12.6,4.933333333333334,0.06666666666666667
1378454355,4,10399.998544,192.399973064,1.85,1.6703488E7,268435.2,0.0,12.533333333333333,4.733333333333333,0.06666666666666667
1378454655,4,10399.998544,195.86663924533335,1.8833333333333335,1.6703488E7,201326.4,0.0,14.133333333333333,4.866666666666666,0.13333333333333333
1378454955,4,10399.998544,207.99997088,2.0,1.6703488E7,167772.0,0.0,18.733333333333334,4.733333333333333,0.06666666666666667
1378455255,4,10399.998544,192.399973064,1.85,1.6703488E7,190141.6,0.0,12.666666666666668,4.666666666666667,0.06666666666666667
1378455555,4,10399.998544,187.199973792,1.8,1.6703488E7,268435.2,0.0,12.333333333333332,4.733333333333333,0.06666666666666667
1378455855,4,10399.998544,192.399973064,1.85,1.6703488E7,234880.8,0.0,12.733333333333334,4.666666666666667,0.06666666666666667
1378456155,4,10399.998544,190.66663997333336,1.8333333333333335,1.6703488E7,22369.6,0.0,12.533333333333333,4.6,0.0
1378456456,4,10399.998544,188.93330688266667,1.8166666666666667,1.6703488E7,134217.6,0.0,12.933333333333334,4.733333333333333,0.06666666666666667
1378456756,4,10399.998544,188.93330688266667,1.8166666666666667,1.6703488E7,156587.2,0.0,12.333333333333332,4.666666666666667,0.06666666666666667
1378457056,4,10399.998544,190.66663997333336,1.8333333333333335,1.6703488E7,156587.2,0.0,12.6,4.733333333333333,0.06666666666666667
1378457356,4,10399.998544,194.13330615466666,1.8666666666666665,1.6703488E7,301989.6,0.0,12.733333333333334,4.733333333333333,0.06666666666666667
1378457656,4,10399.998544,190.66663997333336,1.8333333333333335,1.6703488E7,0.0,0.0,12.600000000000001,4.666666666666667,0.06666666666666667
1378457956,4,10399.998544,188.93330688266667,1.8166666666666667,1.6703488E7,123032.8,0.0,12.533333333333333,4.8,0.06666666666666667
1378458256,4,10399.998544,197.59997233599998,1.9,1.6703488E7,145402.4,0.0,13.6,4.8,0.06666666666666667
1378458556,4,10399.998544,213.199970152,2.05,1.6703488E7,268435.2,0.0,18.4,4.866666666666666,0.06666666666666667
1378458856,4,10399.998544,190.66663997333336,1.8333333333333335,1.6703488E7,123032.8,0.0,12.533333333333333,4.8,0.06666666666666667
1378459156,4,10399.998544,190.66663997333336,1.8333333333333335,1.6703488E7,78293.6,0.0,12.933333333333334,4.666666666666667,0.06666666666666667
1378459456,4,10399.998544,190.66663997333336,1.8333333333333335,1.6703488E7,33554.4,0.0,12.4,4.8,0.06666666666666667
1378459756,4,10399.998544,188.93330688266667,1.8166666666666667,1.6703488E7,223696.0,0.0,12.533333333333333,4.8,0.06666666666666667
1378460056,4,10399.998544,190.66663997333336,1.8333333333333335,1.6703488E7,145402.4,0.0,13.066666666666666,4.733333333333333,0.06666666666666667
1378460356,4,10399.998544,187.199973792,1.8,1.6703488E7,89478.4,0.0,13.133333333333333,4.733333333333333,0.06666666666666667
1378460656,4,10399.998544,192.399973064,1.85,1.6703488E7,33554.4,0.0,12.6,4.733333333333333,0.06666666666666667
1378460956,4,10399.998544,194.13330615466666,1.8666666666666665,1.6703488E7,167772.0,0.0,12.533333333333333,4.733333333333333,0.0
1378461256,4,10399.998544,190.66663997333336,1.8333333333333335,1.6703488E7,78293.6,0.0,12.666666666666668,4.733333333333333,0.06666666666666667
1378461556,4,10399.998544,188.93330688266667,1.8166666666666667,1.6703488E7,89478.4,0.0,12.333333333333332,4.8,0.06666666666666667
1378461856,4,10399.998544,192.399973064,1.85,1.6703488E7,67108.8,0.0,14.4,4.866666666666666,0.2
1378462156,4,10399.998544,209.73330397066667,2.0166666666666666,1.6703488E7,257250.4,0.0,18.266666666666666,4.933333333333334,0.06666666666666667
1378462456,4,10399.998544,190.66663997333336,1.8333333333333335,1.6703488E7,301989.6,0.0,12.666666666666668,4.8,0.06666666666666667
1378462756,4,10399.998544,194.13330615466666,1.8666666666666665,1.6703488E7,201326.4,0.0,12.533333333333333,4.8,0.06666666666666667
1378463056,4,10399.998544,194.13330615466666,1.8666666666666665,1.6703488E7,178956.8,0.0,12.533333333333333,4.8,0.06666666666666667
1378463356,4,10399.998544,190.66663997333336,1.8333333333333335,1.6703488E7,67108.8,0.0,12.466666666666667,4.733333333333333,0.06666666666666667
1378463657,4,10399.998544,188.93330688266667,1.8166666666666667,1.6703488E7,33554.4,0.0,12.933333333333334,4.866666666666666,0.06666666666666667
1378463957,4,10399.998544,192.399973064,1.85,1.6703488E7,100663.2,0.0,12.533333333333333,4.8,0.06666666666666667
1378464257,4,10399.998544,192.399973064,1.85,1.6703488E7,391468.0,0.0,12.866666666666667,4.866666666666666,0.06666666666666667
1378464557,4,10399.998544,185.46664070133335,1.7833333333333334,1.6703488E7,190141.6,0.0,12.600000000000001,4.8,0.06666666666666667
1378464857,4,10399.998544,188.93330688266667,1.8166666666666667,1.6703488E7,67108.8,0.0,12.933333333333334,4.866666666666666,0.06666666666666667
1378465157,4,10399.998544,188.93330688266667,1.8166666666666667,1.6703488E7,234880.8,0.0,12.466666666666667,4.866666666666666,0.06666666666666667
1378465457,4,10399.998544,197.59997233599998,1.9,1.6703488E7,290804.8,0.0,13.666666666666666,4.866666666666666,0.13333333333333333
1378465757,4,10399.998544,221.86663560533333,2.1333333333333333,1.6703488E7,391468.0,0.0,18.266666666666666,4.933333333333334,0.13333333333333333
1378466057,4,10399.998544,192.399973064,1.85,1.6703488E7,391468.0,0.0,13.066666666666666,4.8,0.06666666666666667
1378466357,4,10399.998544,190.66663997333336,1.8333333333333335,1.6703488E7,234880.8,0.0,13.0,4.933333333333334,0.06666666666666667
1378466657,4,10399.998544,192.399973064,1.85,1.6703488E7,223696.0,0.0,12.6,4.8,0.06666666666666667
1378466957,4,10399.998544,190.66663997333336,1.8333333333333335,1.6703488E7,290804.8,0.0,12.666666666666666,4.8,0.06666666666666667
1378467257,4,10399.998544,194.13330615466666,1.8666666666666665,1.6703488E7,178956.8,0.0,13.333333333333332,4.733333333333333,0.06666666666666667
1378467557,4,10399.998544,187.199973792,1.8,1.6703488E7,246065.6,0.0,12.533333333333333,4.733333333333333,0.06666666666666667
1378467857,4,10399.998544,188.93330688266667,1.8166666666666667,1.6703488E7,44739.2,0.0,12.666666666666668,4.733333333333333,0.06666666666666667
1378468157,4,10399.998544,194.13330615466666,1.8666666666666665,1.6703488E7,178956.8,0.0,12.600000000000001,4.733333333333333,0.06666666666666667
1378468457,4,10399.998544,192.399973064,1.85,1.6703488E7,111848.0,0.0,12.666666666666668,4.733333333333333,0.06666666666666667
1378468757,4,10399.998544,192.399973064,1.85,1.6703488E7,111848.0,0.0,12.6,4.733333333333333,0.06666666666666667
1378469657,4,10399.998544,192.399973064,1.85,1.6703488E7,111848.0,0.0,12.6,4.733333333333333,0.06666666666666667
1378470257,4,10399.998544,188.93330688266667,1.8166666666666667,1.6703488E7,223696.0,0.0,12.733333333333334,4.733333333333333,0.06666666666666667
1378470557,4,10399.998544,194.13330615466666,1.8666666666666665,1.6703488E7,89478.4,0.0,12.333333333333334,4.8,0.06666666666666667
1378470857,4,10399.998544,190.66663997333336,1.8333333333333335,1.6703488E7,100663.2,0.0,13.266666666666666,4.8,0.06666666666666667
1378472057,4,10399.998544,192.399973064,1.85,1.6703488E7,67108.8,0.0,12.4,4.733333333333333,0.06666666666666667
1378472657,4,10399.998544,195.86663924533335,1.8833333333333335,1.6703488E7,279620.0,0.0,14.4,4.866666666666666,0.2
1378472957,4,10399.998544,216.66663633333334,2.0833333333333335,1.6703488E7,313174.4,0.0,18.2,4.8,0.06666666666666667
1378473257,4,10399.998544,185.46664070133335,1.7833333333333334,1.6703488E7,346728.8,0.0,12.533333333333333,4.8,0.06666666666666667
1378473557,4,10399.998544,188.93330688266667,1.8166666666666667,1.6703488E7,156587.2,0.0,12.666666666666668,4.733333333333333,0.06666666666666667
1378473857,4,10399.998544,188.93330688266667,1.8166666666666667,1.6703488E7,167772.0,0.0,12.333333333333332,4.666666666666667,0.06666666666666667
1378474157,4,10399.998544,188.93330688266667,1.8166666666666667,1.6703488E7,100663.2,0.0,12.733333333333334,4.733333333333333,0.06666666666666667
1378474457,4,10399.998544,194.13330615466666,1.8666666666666665,1.6703488E7,301989.6,0.0,12.6,4.666666666666667,0.06666666666666667
1378474757,4,10399.998544,190.66663997333336,1.8333333333333335,1.6703488E7,369098.4,0.0,12.4,4.733333333333333,0.06666666666666667
1378475057,4,10399.998544,192.399973064,1.85,1.6703488E7,201326.4,0.0,12.733333333333334,4.733333333333333,0.06666666666666667
1378475358,4,10399.998544,190.66663997333336,1.8333333333333335,1.6703488E7,67108.8,0.0,12.399999999999999,4.733333333333333,0.06666666666666667
1378475658,4,10399.998544,188.93330688266667,1.8166666666666667,1.6703488E7,123032.8,0.0,12.533333333333333,4.8,0.06666666666666667
1378475958,4,10399.998544,188.93330688266667,1.8166666666666667,1.6703488E7,167772.0,0.0,12.666666666666668,4.733333333333333,0.0
1378476258,4,10399.998544,194.13330615466666,1.8666666666666665,1.6703488E7,167772.0,0.0,13.533333333333333,4.733333333333333,0.13333333333333333
1378476558,4,10399.998544,216.66663633333334,2.0833333333333335,1.6703488E7,268435.2,0.0,18.133333333333333,4.8,0.06666666666666667
1378476858,4,10399.998544,192.399973064,1.85,1.6703488E7,436207.2,0.0,12.4,4.866666666666666,0.06666666666666667
1378477158,4,10399.998544,187.199973792,1.8,1.6703488E7,33554.4,0.0,12.533333333333333,4.866666666666666,0.06666666666666667
1378477458,4,10399.998544,188.93330688266667,1.8166666666666667,1.6703488E7,178956.8,0.0,12.6,4.733333333333333,0.06666666666666667
1378477758,4,10399.998544,192.399973064,1.85,1.6703488E7,67108.8,0.0,12.733333333333334,4.8,0.06666666666666667
1378478058,4,10399.998544,190.66663997333336,1.8333333333333335,1.6703488E7,100663.2,0.0,13.066666666666666,4.733333333333333,0.06666666666666667
1378478358,4,10399.998544,188.93330688266667,1.8166666666666667,1.6703488E7,134217.6,0.0,13.133333333333333,4.733333333333333,0.06666666666666667
1378478658,4,10399.998544,185.46664070133335,1.7833333333333334,1.6703488E7,89478.4,0.0,12.666666666666668,4.733333333333333,0.06666666666666667
1378478958,4,10399.998544,187.199973792,1.8,1.6703488E7,111848.0,0.0,12.466666666666667,4.733333333333333,0.0
1378479258,4,10399.998544,188.93330688266667,1.8166666666666667,1.6703488E7,167772.0,0.0,12.8,4.733333333333333,0.06666666666666667
1378479558,4,10399.998544,188.93330688266667,1.8166666666666667,1.6703488E7,156587.2,0.0,12.600000000000001,4.666666666666667,0.06666666666666667
1378479858,4,10399.998544,195.86663924533335,1.8833333333333335,1.6703488E7,234880.8,0.0,13.733333333333333,4.866666666666666,0.13333333333333333
1378480158,4,10399.998544,209.73330397066667,2.0166666666666666,1.6703488E7,190141.6,0.0,17.866666666666667,4.666666666666667,0.06666666666666667
1378480458,4,10399.998544,190.66663997333336,1.8333333333333335,1.6703488E7,246065.6,0.0,12.733333333333334,4.866666666666666,0.06666666666666667
1378480758,4,10399.998544,187.199973792,1.8,1.6703488E7,268435.2,0.0,12.533333333333333,4.733333333333333,0.06666666666666667
1378481058,4,10399.998544,192.399973064,1.85,1.6703488E7,78293.6,0.0,12.733333333333334,4.8,0.06666666666666667
1378481358,4,10399.998544,188.93330688266667,1.8166666666666667,1.6703488E7,167772.0,0.0,12.466666666666667,4.733333333333333,0.06666666666666667
1378481658,4,10399.998544,187.199973792,1.8,1.6703488E7,234880.8,0.0,13.2,4.666666666666667,0.06666666666666667
1378481958,4,10399.998544,188.93330688266667,1.8166666666666667,1.6703488E7,301989.6,0.0,12.266666666666666,4.733333333333333,0.06666666666666667
1378482258,4,10399.998544,192.399973064,1.85,1.6703488E7,111848.0,0.0,12.733333333333334,4.866666666666666,0.06666666666666667
1378482558,4,10399.998544,187.199973792,1.8,1.6703488E7,156587.2,0.0,12.6,4.8,0.06666666666666667
1378482858,4,10399.998544,188.93330688266667,1.8166666666666667,1.6703488E7,167772.0,0.0,12.6,4.866666666666666,0.06666666666666667
1378483158,4,10399.998544,192.399973064,1.85,1.6703488E7,290804.8,0.0,12.8,4.733333333333333,0.06666666666666667
1378483459,4,10399.998544,192.399973064,1.85,1.6703488E7,391468.0,0.0,14.2,5.0,0.13333333333333333
1378483759,4,10399.998544,214.93330324266663,2.0666666666666664,1.6703488E7,89478.4,0.0,18.333333333333336,4.8,0.06666666666666667
1378484059,4,10399.998544,192.399973064,1.85,1.6703488E7,78293.6,0.0,12.866666666666667,4.733333333333333,0.06666666666666667
1378484359,4,10399.998544,187.199973792,1.8,1.6703488E7,89478.4,0.0,12.8,4.666666666666667,0.06666666666666667
1378484659,4,10399.998544,187.199973792,1.8,1.6703488E7,223696.0,0.0,12.333333333333334,4.8,0.06666666666666667
1378484959,4,10399.998544,192.399973064,1.85,1.6703488E7,346728.8,0.0,12.533333333333335,4.733333333333333,0.06666666666666667
1378485259,4,10399.998544,190.66663997333336,1.8333333333333335,1.6703488E7,201326.4,0.0,12.533333333333333,4.8,0.06666666666666667
1378485559,4,10399.998544,188.93330688266667,1.8166666666666667,1.6703488E7,134217.6,0.0,12.466666666666667,4.8,0.06666666666666667
1378485859,4,10399.998544,188.93330688266667,1.8166666666666667,1.6703488E7,44739.2,0.0,12.533333333333335,4.866666666666666,0.0
1378486159,4,10399.998544,190.66663997333336,1.8333333333333335,1.6703488E7,123032.8,0.0,12.533333333333335,4.733333333333333,0.0
1378486459,4,10399.998544,190.66663997333336,1.8333333333333335,1.6703488E7,11184.8,0.0,12.866666666666667,4.8,0.06666666666666667
1378486759,4,10399.998544,190.66663997333336,1.8333333333333335,1.6703488E7,67108.8,0.0,12.466666666666667,4.8,0.0
1378487059,4,10399.998544,192.399973064,1.85,1.6703488E7,78293.6,0.0,13.866666666666667,4.866666666666666,0.13333333333333333
1378487359,4,10399.998544,213.199970152,2.05,1.6703488E7,279620.0,0.0,17.933333333333334,4.866666666666666,0.0
1378487659,4,10399.998544,187.199973792,1.8,1.6703488E7,380283.2,0.0,12.733333333333334,4.8,0.06666666666666667
1378487959,4,10399.998544,190.66663997333336,1.8333333333333335,1.6703488E7,167772.0,0.0,12.666666666666668,4.8,0.0
1378488259,4,10399.998544,190.66663997333336,1.8333333333333335,1.6703488E7,111848.0,0.0,12.533333333333333,4.8,0.06666666666666667
1378488559,4,10399.998544,188.93330688266667,1.8166666666666667,1.6703488E7,134217.6,0.0,12.4,4.866666666666666,0.06666666666666667
1378488859,4,10399.998544,188.93330688266667,1.8166666666666667,1.6703488E7,100663.2,0.0,12.733333333333334,4.8,0.06666666666666667
1378489159,4,10399.998544,190.66663997333336,1.8333333333333335,1.6703488E7,44739.2,0.0,12.600000000000001,4.8,0.06666666666666667
1378489459,4,10399.998544,190.66663997333336,1.8333333333333335,1.6703488E7,246065.6,0.0,12.466666666666667,4.733333333333333,0.06666666666666667
1378489759,4,10399.998544,187.199973792,1.8,1.6703488E7,257250.4,0.0,12.4,4.733333333333333,0.06666666666666667
1378490059,4,10399.998544,187.199973792,1.8,1.6703488E7,178956.8,0.0,12.666666666666666,4.8,0.06666666666666667
1378490359,4,10399.998544,185.46664070133335,1.7833333333333334,1.6703488E7,89478.4,0.0,12.466666666666667,4.733333333333333,0.06666666666666667
1378490659,4,10399.998544,195.86663924533335,1.8833333333333335,1.6703488E7,279620.0,0.0,13.333333333333332,4.933333333333334,0.06666666666666667
1378490959,4,10399.998544,216.66663633333334,2.0833333333333335,1.6703488E7,301989.6,0.0,17.8,4.733333333333333,0.06666666666666667
1378491259,4,10399.998544,565.0665875573334,5.433333333333334,1.6703488E7,1241512.8,0.0,16.6,91.93333333333334,14.066666666666666
1378491559,4,10399.998544,187.199973792,1.8,1.6703488E7,1364545.6,0.0,12.266666666666666,4.733333333333333,0.06666666666666667
1378491859,4,10399.998544,188.93330688266667,1.8166666666666667,1.6703488E7,346728.8,0.0,12.733333333333334,4.866666666666666,0.06666666666666667
1378492159,4,10399.998544,192.399973064,1.85,1.6703488E7,290804.8,0.0,12.600000000000001,4.8,0.06666666666666667
1378492459,4,10399.998544,190.66663997333336,1.8333333333333335,1.6703488E7,78293.6,0.0,12.8,4.8,0.06666666666666667
1378492759,4,10399.998544,190.66663997333336,1.8333333333333335,1.6703488E7,301989.6,0.0,12.733333333333334,4.733333333333333,0.0
1378493059,4,10399.998544,195.86663924533335,1.8833333333333335,1.6703488E7,234880.8,0.0,13.866666666666667,5.066666666666666,0.4
1378493360,4,10399.998544,190.66663997333336,1.8333333333333335,1.6703488E7,313174.4,0.0,12.466666666666667,4.8,0.06666666666666667
1378493660,4,10399.998544,187.199973792,1.8,1.6703488E7,167772.0,0.0,12.533333333333333,4.866666666666666,0.06666666666666667
1378493960,4,10399.998544,188.93330688266667,1.8166666666666667,1.6703488E7,100663.2,0.0,12.666666666666668,4.933333333333334,0.06666666666666667
1378494260,4,10399.998544,197.59997233599998,1.9,1.6703488E7,67108.8,0.0,14.0,5.066666666666666,0.13333333333333333
1378494560,4,10399.998544,220.1333025146667,2.1166666666666667,1.6703488E7,123032.8,0.0,18.266666666666666,4.8,0.06666666666666667
1378494860,4,10399.998544,188.93330688266667,1.8166666666666667,1.6703488E7,268435.2,0.0,12.466666666666667,4.8,0.06666666666666667
1378495160,4,10399.998544,188.93330688266667,1.8166666666666667,1.6703488E7,201326.4,0.0,12.6,4.933333333333334,0.06666666666666667
1378495460,4,10399.998544,192.399973064,1.85,1.6703488E7,145402.4,0.0,12.666666666666668,4.8,0.06666666666666667
1378495760,4,10399.998544,188.93330688266667,1.8166666666666667,1.6703488E7,190141.6,0.0,12.333333333333334,4.866666666666666,0.06666666666666667
1378496060,4,10399.998544,188.93330688266667,1.8166666666666667,1.6703488E7,78293.6,0.0,13.066666666666666,4.666666666666667,0.06666666666666667
1378496360,4,10399.998544,185.46664070133335,1.7833333333333334,1.6703488E7,234880.8,0.0,12.533333333333335,4.866666666666666,0.06666666666666667
1378496660,4,10399.998544,185.46664070133335,1.7833333333333334,1.6703488E7,156587.2,0.0,12.666666666666668,4.866666666666666,0.06666666666666667
1378496960,4,10399.998544,187.199973792,1.8,1.6703488E7,33554.4,0.0,12.4,4.8,0.06666666666666667
1378497260,4,10399.998544,190.66663997333336,1.8333333333333335,1.6703488E7,78293.6,0.0,12.4,4.866666666666666,0.06666666666666667
1378497560,4,10399.998544,187.199973792,1.8,1.6703488E7,0.0,0.0,12.533333333333333,4.8,0.06666666666666667
1378497860,4,10399.998544,195.86663924533335,1.8833333333333335,1.6703488E7,67108.8,0.0,13.600000000000001,4.8,0.06666666666666667
1378498160,4,10399.998544,214.93330324266663,2.0666666666666664,1.6703488E7,201326.4,0.0,18.066666666666666,4.733333333333333,0.06666666666666667
1378498460,4,10399.998544,188.93330688266667,1.8166666666666667,1.6703488E7,268435.2,0.0,12.666666666666668,4.8,0.06666666666666667
1378498760,4,10399.998544,192.399973064,1.85,1.6703488E7,167772.0,0.0,12.333333333333332,4.866666666666666,0.06666666666666667
1378499060,4,10399.998544,183.73330761066666,1.7666666666666666,1.6703488E7,100663.2,0.0,12.533333333333335,4.733333333333333,0.06666666666666667
1378499360,4,10399.998544,188.93330688266667,1.8166666666666667,1.6703488E7,0.0,0.0,12.466666666666667,4.866666666666666,0.06666666666666667
1378499660,4,10399.998544,188.93330688266667,1.8166666666666667,1.6703488E7,257250.4,0.0,13.0,4.8,0.06666666666666667
1378499960,4,10399.998544,190.66663997333336,1.8333333333333335,1.6703488E7,100663.2,0.0,12.8,4.733333333333333,0.06666666666666667
1378500260,4,10399.998544,188.93330688266667,1.8166666666666667,1.6703488E7,100663.2,0.0,12.333333333333334,4.866666666666666,0.06666666666666667
1378500560,4,10399.998544,188.93330688266667,1.8166666666666667,1.6703488E7,167772.0,0.0,12.533333333333333,4.866666666666666,0.06666666666666667
1378500860,4,10399.998544,190.66663997333336,1.8333333333333335,1.6703488E7,67108.8,0.0,12.466666666666667,4.666666666666667,0.06666666666666667
1378501160,4,10399.998544,188.93330688266667,1.8166666666666667,1.6703488E7,134217.6,0.0,12.600000000000001,4.733333333333333,0.06666666666666667
1378501460,4,10399.998544,192.399973064,1.85,1.6703488E7,111848.0,0.0,13.6,4.866666666666666,0.06666666666666667
1378501760,4,10399.998544,214.93330324266663,2.0666666666666664,1.6703488E7,335544.0,0.0,18.0,4.8,0.13333333333333333
1378502060,4,10399.998544,190.66663997333336,1.8333333333333335,1.6703488E7,335544.0,0.0,12.466666666666667,4.866666666666666,0.06666666666666667
1378502360,4,10399.998544,187.199973792,1.8,1.6703488E7,67108.8,0.0,12.533333333333333,4.666666666666667,0.06666666666666667
1378502660,4,10399.998544,188.93330688266667,1.8166666666666667,1.6703488E7,67108.8,0.0,12.8,4.866666666666666,0.06666666666666667
1378502960,4,10399.998544,190.66663997333336,1.8333333333333335,1.6703488E7,100663.2,0.0,12.466666666666667,4.733333333333333,0.06666666666666667
1378503260,4,10399.998544,190.66663997333336,1.8333333333333335,1.6703488E7,167772.0,0.0,13.066666666666666,4.8,0.06666666666666667
1378503560,4,10399.998544,188.93330688266667,1.8166666666666667,1.6703488E7,100663.2,0.0,12.666666666666668,4.733333333333333,0.06666666666666667
1378503860,4,10399.998544,187.199973792,1.8,1.6703488E7,100663.2,0.0,12.666666666666668,4.866666666666666,0.06666666666666667
1378504160,4,10399.998544,185.46664070133335,1.7833333333333334,1.6703488E7,156587.2,0.0,12.666666666666668,4.8,0.06666666666666667
1378504460,4,10399.998544,188.93330688266667,1.8166666666666667,1.6703488E7,234880.8,0.0,13.666666666666668,4.733333333333333,0.06666666666666667
1378504760,4,10399.998544,188.93330688266667,1.8166666666666667,1.6703488E7,167772.0,0.0,12.6,4.733333333333333,0.06666666666666667
1378505060,4,10399.998544,214.93330324266663,2.0666666666666664,1.6703488E7,134217.6,0.0,19.53333333333333,5.0,0.3333333333333333
1378505360,4,10399.998544,216.66663633333334,2.0833333333333335,1.6703488E7,257250.4,0.0,17.933333333333334,4.933333333333334,0.06666666666666667
1378505660,4,10399.998544,188.93330688266667,1.8166666666666667,1.6703488E7,201326.4,0.0,12.866666666666667,4.8,0.06666666666666667
1378505960,4,10399.998544,190.66663997333336,1.8333333333333335,1.6703488E7,67108.8,0.0,12.600000000000001,4.8,0.06666666666666667
1378506260,4,10399.998544,194.13330615466666,1.8666666666666665,1.6703488E7,145402.4,0.0,12.533333333333333,4.866666666666666,0.06666666666666667
1378506560,4,10399.998544,190.66663997333336,1.8333333333333335,1.6703488E7,100663.2,0.0,12.666666666666668,4.933333333333334,0.06666666666666667
1378506860,4,10399.998544,187.199973792,1.8,1.6703488E7,55924.0,0.0,13.0,4.866666666666666,0.06666666666666667
1378507160,4,10399.998544,188.93330688266667,1.8166666666666667,1.6703488E7,290804.8,0.0,12.6,4.866666666666666,0.06666666666666667
1378507460,4,10399.998544,209.73330397066667,2.0166666666666666,1.6703488E7,357913.6,0.0,31.933333333333334,5.866666666666666,1.6
1378507761,4,10399.998544,190.66663997333336,1.8333333333333335,1.6703488E7,212511.2,0.0,12.533333333333333,4.733333333333333,0.06666666666666667
1378508061,4,10399.998544,192.399973064,1.85,1.6703488E7,33554.4,0.0,12.466666666666667,4.666666666666667,0.06666666666666667
1378508361,4,10399.998544,188.93330688266667,1.8166666666666667,1.6703488E7,100663.2,0.0,12.466666666666667,4.866666666666666,0.06666666666666667
1378508661,4,10399.998544,188.93330688266667,1.8166666666666667,1.6703488E7,33554.4,0.0,13.933333333333334,4.866666666666666,0.06666666666666667
1378508961,4,10399.998544,216.66663633333334,2.0833333333333335,1.6703488E7,156587.2,0.0,18.266666666666666,4.866666666666666,0.06666666666666667
1378509261,4,10399.998544,194.13330615466666,1.8666666666666665,1.6703488E7,178956.8,0.0,12.666666666666668,4.733333333333333,0.06666666666666667
1378509561,4,10399.998544,192.399973064,1.85,1.6703488E7,190141.6,0.0,12.8,4.733333333333333,0.06666666666666667
1378509861,4,10399.998544,188.93330688266667,1.8166666666666667,1.6703488E7,111848.0,0.0,12.466666666666667,4.733333333333333,0.06666666666666667
1378510161,4,10399.998544,188.93330688266667,1.8166666666666667,1.6703488E7,167772.0,0.0,12.533333333333333,4.733333333333333,0.06666666666666667
1378510461,4,10399.998544,190.66663997333336,1.8333333333333335,1.6703488E7,268435.2,0.0,12.933333333333334,4.8,0.06666666666666667
1378510761,4,10399.998544,190.66663997333336,1.8333333333333335,1.6703488E7,279620.0,0.0,12.666666666666668,4.866666666666666,0.06666666666666667
1378511061,4,10399.998544,187.199973792,1.8,1.6703488E7,0.0,0.0,12.533333333333335,4.733333333333333,0.06666666666666667
1378511361,4,10399.998544,188.93330688266667,1.8166666666666667,1.6703488E7,67108.8,0.0,12.733333333333334,4.933333333333334,0.06666666666666667
1378511661,4,10399.998544,190.66663997333336,1.8333333333333335,1.6703488E7,268435.2,0.0,12.533333333333333,4.8,0.06666666666666667
1378511961,4,10399.998544,194.13330615466666,1.8666666666666665,1.6703488E7,123032.8,0.0,12.666666666666668,4.733333333333333,0.06666666666666667
1378512261,4,10399.998544,192.399973064,1.85,1.6703488E7,134217.6,0.0,14.0,4.933333333333334,0.06666666666666667
1378512561,4,10399.998544,214.93330324266663,2.0666666666666664,1.6703488E7,167772.0,0.0,17.933333333333334,4.8,0.13333333333333333
1378512861,4,10399.998544,188.93330688266667,1.8166666666666667,1.6703488E7,89478.4,0.0,12.733333333333334,4.8,0.06666666666666667
1378513161,4,10399.998544,188.93330688266667,1.8166666666666667,1.6703488E7,78293.6,0.0,12.6,4.733333333333333,0.06666666666666667
1378513461,4,10399.998544,201.06663851733333,1.9333333333333333,1.6703488E7,44739.2,0.0,12.533333333333333,4.666666666666667,0.06666666666666667
1378513761,4,10399.998544,197.59997233599998,1.9,1.6703488E7,123032.8,0.0,12.600000000000001,4.8,0.06666666666666667
1378514061,4,10399.998544,187.199973792,1.8,1.6703488E7,167772.0,0.0,12.533333333333333,4.666666666666667,0.06666666666666667
1378514361,4,10399.998544,188.93330688266667,1.8166666666666667,1.6703488E7,268435.2,0.0,12.733333333333334,4.8,0.06666666666666667
1378514661,4,10399.998544,190.66663997333336,1.8333333333333335,1.6703488E7,111848.0,0.0,12.466666666666667,4.733333333333333,0.06666666666666667
1378514961,4,10399.998544,190.66663997333336,1.8333333333333335,1.6703488E7,223696.0,0.0,12.466666666666667,4.733333333333333,0.06666666666666667
1378515261,4,10399.998544,188.93330688266667,1.8166666666666667,1.6703488E7,234880.8,0.0,12.6,4.733333333333333,0.06666666666666667
1378515561,4,10399.998544,185.46664070133335,1.7833333333333334,1.6703488E7,123032.8,0.0,12.466666666666667,4.8,0.06666666666666667
1378515861,4,10399.998544,194.13330615466666,1.8666666666666665,1.6703488E7,201326.4,0.0,14.133333333333333,4.933333333333334,0.06666666666666667
1378516161,4,10399.998544,223.599968696,2.15,1.6703488E7,268435.2,0.0,77.66666666666667,19.933333333333334,0.2
1378516461,4,10399.998544,188.93330688266667,1.8166666666666667,1.6703488E7,279620.0,0.0,12.466666666666667,4.8,0.06666666666666667
1378516761,4,10399.998544,190.66663997333336,1.8333333333333335,1.6703488E7,111848.0,0.0,12.6,4.8,0.06666666666666667
1378517061,4,10399.998544,194.13330615466666,1.8666666666666665,1.6703488E7,145402.4,0.0,12.600000000000001,4.733333333333333,0.06666666666666667
1378517361,4,10399.998544,192.399973064,1.85,1.6703488E7,246065.6,0.0,12.4,4.733333333333333,0.06666666666666667
1378517661,4,10399.998544,192.399973064,1.85,1.6703488E7,190141.6,0.0,13.0,4.733333333333333,0.06666666666666667
1378517961,4,10399.998544,194.13330615466666,1.8666666666666665,1.6703488E7,22369.6,0.0,16.4,4.933333333333334,0.3333333333333333
1378518261,4,10399.998544,277.33329450666673,2.666666666666667,1.6703488E7,201326.4,0.0,71.13333333333333,8.533333333333333,226.93333333333334
1378518561,4,10399.998544,675.99990536,6.5,1.6703488E7,671088.0,0.0,109.6,8.666666666666666,10.2
1378518861,4,10399.998544,187.199973792,1.8,1.6703488E7,290804.8,0.0,13.666666666666666,4.6,0.06666666666666667
1378519161,4,10399.998544,190.66663997333336,1.8333333333333335,1.6703488E7,313174.4,0.0,12.6,4.866666666666666,0.06666666666666667
1378519461,4,10399.998544,365.7332821306667,3.516666666666667,1.6703488E7,480946.4,0.0,16.2,6.333333333333333,0.8666666666666667
1378519761,4,10399.998544,211.4666370613333,2.033333333333333,1.6703488E7,413837.6,0.0,19.46666666666667,4.8,0.06666666666666667
1378520061,4,10399.998544,188.93330688266667,1.8166666666666667,1.6703488E7,346728.8,0.0,12.866666666666667,4.8,0.06666666666666667
1378520361,4,10399.998544,228.79996796800003,2.2,1.6703488E7,514500.8,0.3333333333333333,28.466666666666665,11.733333333333333,0.26666666666666666
1378520662,4,10399.998544,188.93330688266667,1.8166666666666667,1.6703488E7,145402.4,0.0,12.533333333333335,4.866666666666666,0.06666666666666667
1378520962,4,10399.998544,188.93330688266667,1.8166666666666667,1.6703488E7,55924.0,0.0,12.466666666666667,4.666666666666667,0.06666666666666667
1378521262,4,10399.998544,187.199973792,1.8,1.6703488E7,178956.8,0.0,13.0,4.933333333333334,0.06666666666666667
1378521562,4,10399.998544,187.199973792,1.8,1.6703488E7,100663.2,0.0,12.466666666666667,4.933333333333334,0.06666666666666667
1378521862,4,10399.998544,190.66663997333336,1.8333333333333335,1.6703488E7,167772.0,0.0,12.666666666666668,4.666666666666667,0.06666666666666667
1378522162,4,10399.998544,188.93330688266667,1.8166666666666667,1.6703488E7,145402.4,0.0,12.333333333333334,4.666666666666667,0.06666666666666667
1378522462,4,10399.998544,190.66663997333336,1.8333333333333335,1.6703488E7,380283.2,0.0,13.0,4.666666666666667,0.06666666666666667
1378522762,4,10399.998544,188.93330688266667,1.8166666666666667,1.6703488E7,201326.4,0.0,12.466666666666667,4.666666666666667,0.06666666666666667
1378523062,4,10399.998544,195.86663924533335,1.8833333333333335,1.6703488E7,111848.0,0.0,13.8,4.933333333333334,0.06666666666666667
1378523362,4,10399.998544,214.93330324266663,2.0666666666666664,1.6703488E7,290804.8,0.0,18.2,4.8,0.06666666666666667
1378523662,4,10399.998544,190.66663997333336,1.8333333333333335,1.6703488E7,301989.6,0.0,12.4,4.8,0.06666666666666667
1378523962,4,10399.998544,192.399973064,1.85,1.6703488E7,413837.6,0.0,12.533333333333333,4.8,0.06666666666666667
1378524262,4,10399.998544,185.46664070133335,1.7833333333333334,1.6703488E7,67108.8,0.0,12.600000000000001,4.8,0.0
1378524562,4,10399.998544,192.399973064,1.85,1.6703488E7,201326.4,0.0,12.466666666666667,4.733333333333333,0.06666666666666667
1378524862,4,10399.998544,190.66663997333336,1.8333333333333335,1.6703488E7,223696.0,0.0,12.933333333333334,4.733333333333333,0.06666666666666667
1378525162,4,10399.998544,190.66663997333336,1.8333333333333335,1.6703488E7,335544.0,0.0,12.533333333333333,4.8,0.06666666666666667
1378525462,4,10399.998544,190.66663997333336,1.8333333333333335,1.6703488E7,190141.6,0.0,12.666666666666668,4.8,0.06666666666666667
1378525762,4,10399.998544,187.199973792,1.8,1.6703488E7,201326.4,0.0,12.2,4.8,0.06666666666666667
1378526062,4,10399.998544,188.93330688266667,1.8166666666666667,1.6703488E7,134217.6,0.0,12.733333333333334,4.733333333333333,0.06666666666666667
1378526362,4,10399.998544,188.93330688266667,1.8166666666666667,1.6703488E7,134217.6,0.0,12.333333333333332,4.933333333333334,0.06666666666666667
1378526662,4,10399.998544,195.86663924533335,1.8833333333333335,1.6703488E7,201326.4,0.0,14.266666666666667,4.933333333333334,0.13333333333333333
1378527862,4,10399.998544,190.66663997333336,1.8333333333333335,1.6703488E7,536870.4,0.0,12.933333333333334,4.866666666666666,0.06666666666666667
1378528762,4,10399.998544,188.93330688266667,1.8166666666666667,1.6703488E7,257250.4,0.0,12.333333333333332,4.866666666666666,0.06666666666666667
1378529062,4,10399.998544,187.199973792,1.8,1.6703488E7,234880.8,0.0,12.866666666666667,4.8,0.06666666666666667
1378529362,4,10399.998544,190.66663997333336,1.8333333333333335,1.6703488E7,123032.8,0.0,12.533333333333335,4.933333333333334,0.06666666666666667
1378529662,4,10399.998544,190.66663997333336,1.8333333333333335,1.6703488E7,156587.2,0.0,12.466666666666667,4.933333333333334,0.06666666666666667
1378529963,4,10399.998544,194.13330615466666,1.8666666666666665,1.6703488E7,234880.8,0.0,12.466666666666667,4.8,0.0
1378530263,4,10399.998544,197.59997233599998,1.9,1.6703488E7,167772.0,0.0,13.733333333333333,4.866666666666666,0.06666666666666667
1378530563,4,10399.998544,213.199970152,2.05,1.6703488E7,167772.0,0.0,17.866666666666667,4.933333333333334,0.06666666666666667
1378530863,4,10399.998544,195.86663924533335,1.8833333333333335,1.6703488E7,167772.0,0.0,12.666666666666668,5.0,0.06666666666666667
1378531163,4,10399.998544,190.66663997333336,1.8333333333333335,1.6703488E7,100663.2,0.0,12.733333333333334,4.8,0.06666666666666667
1378531463,4,10399.998544,188.93330688266667,1.8166666666666667,1.6703488E7,156587.2,0.0,12.733333333333334,4.666666666666667,0.06666666666666667
1378531763,4,10399.998544,188.93330688266667,1.8166666666666667,1.6703488E7,201326.4,0.0,12.600000000000001,4.666666666666667,0.06666666666666667
1378532063,4,10399.998544,190.66663997333336,1.8333333333333335,1.6703488E7,123032.8,0.0,12.733333333333334,4.8,0.06666666666666667
1378532363,4,10399.998544,192.399973064,1.85,1.6703488E7,167772.0,0.0,12.8,4.666666666666667,0.06666666666666667
1378532663,4,10399.998544,190.66663997333336,1.8333333333333335,1.6703488E7,279620.0,0.0,12.600000000000001,4.8,0.06666666666666667
1378532963,4,10399.998544,187.199973792,1.8,1.6703488E7,335544.0,0.0,12.266666666666666,4.8,0.06666666666666667
1378533263,4,10399.998544,190.66663997333336,1.8333333333333335,1.6703488E7,234880.8,0.0,12.399999999999999,4.8,0.06666666666666667
1378533563,4,10399.998544,188.93330688266667,1.8166666666666667,1.6703488E7,100663.2,0.0,12.466666666666667,4.8,0.06666666666666667
1378533863,4,10399.998544,199.33330542666667,1.9166666666666665,1.6703488E7,223696.0,0.0,13.799999999999999,4.8,0.06666666666666667
1378534163,4,10399.998544,216.66663633333334,2.0833333333333335,1.6703488E7,335544.0,0.0,18.133333333333333,4.866666666666666,0.06666666666666667
1378534463,4,10399.998544,188.93330688266667,1.8166666666666667,1.6703488E7,246065.6,0.0,12.8,4.8,0.06666666666666667
1378534763,4,10399.998544,190.66663997333336,1.8333333333333335,1.6703488E7,134217.6,0.0,12.2,4.733333333333333,0.06666666666666667
1378535063,4,10399.998544,188.93330688266667,1.8166666666666667,1.6703488E7,201326.4,0.0,12.8,4.733333333333333,0.06666666666666667
1378535363,4,10399.998544,188.93330688266667,1.8166666666666667,1.6703488E7,268435.2,0.0,12.333333333333334,4.733333333333333,0.06666666666666667
1378535663,4,10399.998544,185.46664070133335,1.7833333333333334,1.6703488E7,67108.8,0.0,13.133333333333333,4.733333333333333,0.06666666666666667
1378535963,4,10399.998544,188.93330688266667,1.8166666666666667,1.6703488E7,111848.0,0.0,12.133333333333333,4.866666666666666,0.06666666666666667
1378536263,4,10399.998544,190.66663997333336,1.8333333333333335,1.6703488E7,89478.4,0.0,12.466666666666667,4.8,0.06666666666666667
1378536563,4,10399.998544,188.93330688266667,1.8166666666666667,1.6703488E7,100663.2,0.0,12.600000000000001,4.733333333333333,0.06666666666666667
1378536863,4,10399.998544,190.66663997333336,1.8333333333333335,1.6703488E7,111848.0,0.0,12.4,4.666666666666667,0.06666666666666667
1378537163,4,10399.998544,190.66663997333336,1.8333333333333335,1.6703488E7,156587.2,0.0,12.466666666666667,4.866666666666666,0.0
1378537463,4,10399.998544,194.13330615466666,1.8666666666666665,1.6703488E7,234880.8,0.0,13.8,4.866666666666666,0.13333333333333333
1378537763,4,10399.998544,213.199970152,2.05,1.6703488E7,335544.0,0.0,18.266666666666666,4.933333333333334,0.13333333333333333
1378538063,4,10399.998544,187.199973792,1.8,1.6703488E7,246065.6,0.0,12.533333333333335,4.8,0.06666666666666667
1378538363,4,10399.998544,185.46664070133335,1.7833333333333334,1.6703488E7,111848.0,0.0,12.466666666666667,4.866666666666666,0.06666666666666667
1378538663,4,10399.998544,187.199973792,1.8,1.6703488E7,78293.6,0.0,12.600000000000001,4.733333333333333,0.06666666666666667
1378538963,4,10399.998544,188.93330688266667,1.8166666666666667,1.6703488E7,134217.6,0.0,12.4,4.933333333333334,0.0
1378539263,4,10399.998544,192.399973064,1.85,1.6703488E7,134217.6,0.0,12.733333333333334,4.866666666666666,0.06666666666666667
1378539563,4,10399.998544,192.399973064,1.85,1.6703488E7,145402.4,0.0,12.600000000000001,4.933333333333334,0.06666666666666667
1378539863,4,10399.998544,187.199973792,1.8,1.6703488E7,134217.6,0.0,12.8,4.8,0.06666666666666667
1378540163,4,10399.998544,190.66663997333336,1.8333333333333335,1.6703488E7,279620.0,0.0,12.4,4.866666666666666,0.06666666666666667
1378540463,4,10399.998544,192.399973064,1.85,1.6703488E7,134217.6,0.0,12.533333333333333,4.733333333333333,0.0
1378540763,4,10399.998544,188.93330688266667,1.8166666666666667,1.6703488E7,201326.4,0.0,12.266666666666666,4.733333333333333,0.0
1378541063,4,10399.998544,194.13330615466666,1.8666666666666665,1.6703488E7,111848.0,0.0,13.666666666666668,4.933333333333334,0.06666666666666667
1378541363,4,10399.998544,211.4666370613333,2.033333333333333,1.6703488E7,178956.8,0.0,18.333333333333336,4.8,0.06666666666666667
1378541663,4,10399.998544,190.66663997333336,1.8333333333333335,1.6703488E7,268435.2,0.0,12.600000000000001,4.933333333333334,0.06666666666666667
1378541963,4,10399.998544,194.13330615466666,1.8666666666666665,1.6703488E7,279620.0,0.0,12.6,4.8,0.06666666666666667
1378542263,4,10399.998544,188.93330688266667,1.8166666666666667,1.6703488E7,111848.0,0.0,12.666666666666668,4.933333333333334,0.0
1378542563,4,10399.998544,190.66663997333336,1.8333333333333335,1.6703488E7,234880.8,0.0,12.533333333333333,4.8,0.0
1378542863,4,10399.998544,194.13330615466666,1.8666666666666665,1.6703488E7,201326.4,0.0,12.866666666666667,4.933333333333334,0.0
1378543163,4,10399.998544,190.66663997333336,1.8333333333333335,1.6703488E7,201326.4,0.0,12.399999999999999,4.733333333333333,0.06666666666666667
1378543463,4,10399.998544,192.399973064,1.85,1.6703488E7,234880.8,0.0,12.333333333333332,4.866666666666666,0.06666666666666667
1378543763,4,10399.998544,190.66663997333336,1.8333333333333335,1.6703488E7,134217.6,0.0,12.533333333333333,4.866666666666666,0.06666666666666667
1378544063,4,10399.998544,187.199973792,1.8,1.6703488E7,123032.8,0.0,12.866666666666667,4.8,0.0
1378544364,4,10399.998544,199.33330542666667,1.9166666666666665,1.6703488E7,67108.8,0.0,12.266666666666666,4.733333333333333,0.0
1378544664,4,10399.998544,199.33330542666667,1.9166666666666665,1.6703488E7,44739.2,0.0,14.0,4.933333333333334,0.06666666666666667
1378544964,4,10399.998544,216.66663633333334,2.0833333333333335,1.6703488E7,357913.6,0.0,18.133333333333333,5.0,0.06666666666666667
1378545264,4,10399.998544,192.399973064,1.85,1.6703488E7,380283.2,0.0,12.466666666666667,4.733333333333333,0.06666666666666667
1378545564,4,10399.998544,190.66663997333336,1.8333333333333335,1.6703488E7,190141.6,0.0,12.333333333333334,4.933333333333334,0.0
1378545864,4,10399.998544,188.93330688266667,1.8166666666666667,1.6703488E7,67108.8,0.0,12.666666666666668,4.8,0.0
1378546164,4,10399.998544,190.66663997333336,1.8333333333333335,1.6703488E7,111848.0,0.0,12.266666666666666,4.8,0.0
1378546464,4,10399.998544,202.79997160799996,1.95,1.6703488E7,156587.2,0.0,12.666666666666668,4.733333333333333,0.0
1378546764,4,10399.998544,190.66663997333336,1.8333333333333335,1.6703488E7,123032.8,0.0,12.600000000000001,4.8,0.06666666666666667
1378547064,4,10399.998544,190.66663997333336,1.8333333333333335,1.6703488E7,167772.0,0.0,12.266666666666666,4.733333333333333,0.06666666666666667
1378547364,4,10399.998544,190.66663997333336,1.8333333333333335,1.6703488E7,212511.2,0.0,12.666666666666668,4.666666666666667,0.0
1378547664,4,10399.998544,192.399973064,1.85,1.6703488E7,178956.8,0.0,12.666666666666666,4.866666666666666,0.06666666666666667
1378547964,4,10399.998544,188.93330688266667,1.8166666666666667,1.6703488E7,134217.6,0.0,12.533333333333335,4.866666666666666,0.0
1378548264,4,10399.998544,199.33330542666667,1.9166666666666665,1.6703488E7,0.0,0.0,14.066666666666666,4.933333333333334,0.13333333333333333
1378548564,4,10399.998544,214.93330324266663,2.0666666666666664,1.6703488E7,223696.0,0.0,18.133333333333333,4.933333333333334,0.06666666666666667
1378548864,4,10399.998544,190.66663997333336,1.8333333333333335,1.6703488E7,279620.0,0.0,12.533333333333333,4.866666666666666,0.06666666666666667
1378549164,4,10399.998544,187.199973792,1.8,1.6703488E7,33554.4,0.0,12.533333333333335,4.866666666666666,0.06666666666666667
1378549464,4,10399.998544,183.73330761066666,1.7666666666666666,1.6703488E7,223696.0,0.0,12.600000000000001,4.8,0.06666666666666667
1378549764,4,10399.998544,190.66663997333336,1.8333333333333335,1.6703488E7,167772.0,0.0,12.533333333333333,4.866666666666666,0.06666666666666667
1378550064,4,10399.998544,188.93330688266667,1.8166666666666667,1.6703488E7,67108.8,0.0,12.666666666666666,4.8,0.06666666666666667
1378550364,4,10399.998544,192.399973064,1.85,1.6703488E7,178956.8,0.0,12.866666666666667,4.8,0.06666666666666667
1378550664,4,10399.998544,187.199973792,1.8,1.6703488E7,268435.2,0.0,12.6,4.733333333333333,0.06666666666666667
1378550964,4,10399.998544,194.13330615466666,1.8666666666666665,1.6703488E7,78293.6,0.0,12.666666666666668,4.8,0.06666666666666667
1378551264,4,10399.998544,187.199973792,1.8,1.6703488E7,234880.8,0.0,12.466666666666667,4.733333333333333,0.06666666666666667
1378551564,4,10399.998544,190.66663997333336,1.8333333333333335,1.6703488E7,246065.6,0.0,12.333333333333332,4.666666666666667,0.06666666666666667
1378551864,4,10399.998544,195.86663924533335,1.8833333333333335,1.6703488E7,145402.4,0.0,13.6,4.933333333333334,0.13333333333333333
1378552164,4,10399.998544,218.399969424,2.1,1.6703488E7,246065.6,0.0,18.46666666666667,4.8,0.06666666666666667
1378552464,4,10399.998544,192.399973064,1.85,1.6703488E7,335544.0,0.0,12.533333333333333,4.933333333333334,0.06666666666666667
1378552764,4,10399.998544,185.46664070133335,1.7833333333333334,1.6703488E7,100663.2,0.0,12.666666666666668,4.8,0.06666666666666667
1378553064,4,10399.998544,187.199973792,1.8,1.6703488E7,279620.0,0.0,12.733333333333334,4.866666666666666,0.06666666666666667
1378553364,4,10399.998544,188.93330688266667,1.8166666666666667,1.6703488E7,156587.2,0.0,12.466666666666667,4.866666666666666,0.06666666666666667
1378553664,4,10399.998544,188.93330688266667,1.8166666666666667,1.6703488E7,134217.6,0.0,13.333333333333332,4.8,0.06666666666666667
1378553964,4,10399.998544,190.66663997333336,1.8333333333333335,1.6703488E7,78293.6,0.0,12.6,4.866666666666666,0.06666666666666667
1378554264,4,10399.998544,187.199973792,1.8,1.6703488E7,134217.6,0.0,12.733333333333334,4.866666666666666,0.06666666666666667
1378554564,4,10399.998544,188.93330688266667,1.8166666666666667,1.6703488E7,223696.0,0.0,12.666666666666666,4.733333333333333,0.06666666666666667
1378554865,4,10399.998544,192.399973064,1.85,1.6703488E7,268435.2,0.0,12.666666666666666,4.8,0.06666666666666667
1378555165,4,10399.998544,190.66663997333336,1.8333333333333335,1.6703488E7,201326.4,0.0,12.6,4.866666666666666,0.06666666666666667
1378555465,4,10399.998544,192.399973064,1.85,1.6703488E7,201326.4,0.0,13.6,4.733333333333333,0.13333333333333333
1378555765,4,10399.998544,213.199970152,2.05,1.6703488E7,257250.4,0.0,18.066666666666666,5.066666666666666,0.13333333333333333
1378556065,4,10399.998544,190.66663997333336,1.8333333333333335,1.6703488E7,369098.4,0.0,12.466666666666667,4.8,0.06666666666666667
1378556365,4,10399.998544,192.399973064,1.85,1.6703488E7,346728.8,0.0,12.6,4.8,0.06666666666666667
1378556665,4,10399.998544,187.199973792,1.8,1.6703488E7,324359.2,0.0,12.666666666666668,4.8,0.06666666666666667
1378556965,4,10399.998544,187.199973792,1.8,1.6703488E7,156587.2,0.0,12.600000000000001,4.866666666666666,0.06666666666666667
1378557265,4,10399.998544,190.66663997333336,1.8333333333333335,1.6703488E7,33554.4,0.0,12.933333333333334,4.8,0.06666666666666667
1378557565,4,10399.998544,187.199973792,1.8,1.6703488E7,290804.8,0.0,12.666666666666668,4.866666666666666,0.06666666666666667
1378557865,4,10399.998544,194.13330615466666,1.8666666666666665,1.6703488E7,335544.0,0.0,12.733333333333334,4.866666666666666,0.06666666666666667
1378558165,4,10399.998544,192.399973064,1.85,1.6703488E7,78293.6,0.0,12.466666666666667,4.666666666666667,0.06666666666666667
1378558465,4,10399.998544,190.66663997333336,1.8333333333333335,1.6703488E7,201326.4,0.0,12.2,4.8,0.06666666666666667
1378558765,4,10399.998544,199.33330542666667,1.9166666666666665,1.6703488E7,324359.2,0.0,12.4,4.733333333333333,0.06666666666666667
1378559065,4,10399.998544,202.79997160799996,1.95,1.6703488E7,44739.2,0.0,14.066666666666666,4.866666666666666,0.2
1378559365,4,10399.998544,216.66663633333334,2.0833333333333335,1.6703488E7,111848.0,0.0,18.2,4.8,0.06666666666666667
1378559665,4,10399.998544,190.66663997333336,1.8333333333333335,1.6703488E7,369098.4,0.0,12.466666666666667,4.733333333333333,0.06666666666666667
1378559965,4,10399.998544,194.13330615466666,1.8666666666666665,1.6703488E7,201326.4,0.0,12.4,4.733333333333333,0.06666666666666667
1378560265,4,10399.998544,190.66663997333336,1.8333333333333335,1.6703488E7,167772.0,0.0,12.733333333333334,4.6,0.06666666666666667
1378560565,4,10399.998544,195.86663924533335,1.8833333333333335,1.6703488E7,78293.6,0.0,12.533333333333333,4.8,0.06666666666666667
1378560865,4,10399.998544,194.13330615466666,1.8666666666666665,1.6703488E7,100663.2,0.0,12.933333333333334,4.733333333333333,0.06666666666666667
1378561165,4,10399.998544,194.13330615466666,1.8666666666666665,1.6703488E7,380283.2,0.0,12.733333333333334,4.733333333333333,0.06666666666666667
1378561465,4,10399.998544,192.399973064,1.85,1.6703488E7,11184.8,0.0,12.666666666666668,4.866666666666666,0.06666666666666667
1378561765,4,10399.998544,190.66663997333336,1.8333333333333335,1.6703488E7,123032.8,0.0,12.4,4.733333333333333,0.06666666666666667
1378562065,4,10399.998544,187.199973792,1.8,1.6703488E7,268435.2,0.0,12.666666666666668,4.8,0.06666666666666667
1378562366,4,10399.998544,192.399973064,1.85,1.6703488E7,223696.0,0.0,12.466666666666667,4.8,0.06666666666666667
1378562666,4,10399.998544,197.59997233599998,1.9,1.6703488E7,301989.6,0.0,13.466666666666667,4.933333333333334,0.13333333333333333
1378562966,4,10399.998544,216.66663633333334,2.0833333333333335,1.6703488E7,145402.4,0.0,18.46666666666667,4.933333333333334,0.06666666666666667
1378563266,4,10399.998544,188.93330688266667,1.8166666666666667,1.6703488E7,190141.6,0.0,12.2,4.866666666666666,0.06666666666666667
1378563566,4,10399.998544,188.93330688266667,1.8166666666666667,1.6703488E7,167772.0,0.0,12.333333333333332,4.933333333333334,0.06666666666666667
1378563866,4,10399.998544,188.93330688266667,1.8166666666666667,1.6703488E7,201326.4,0.0,12.600000000000001,4.8,0.06666666666666667
1378564166,4,10399.998544,188.93330688266667,1.8166666666666667,1.6703488E7,167772.0,0.0,12.4,4.866666666666666,0.06666666666666667
1378564466,4,10399.998544,194.13330615466666,1.8666666666666665,1.6703488E7,212511.2,0.0,12.933333333333334,4.933333333333334,0.06666666666666667
1378564766,4,10399.998544,190.66663997333336,1.8333333333333335,1.6703488E7,190141.6,0.0,12.600000000000001,4.866666666666666,0.06666666666666667
1378565066,4,10399.998544,185.46664070133335,1.7833333333333334,1.6703488E7,11184.8,0.0,12.666666666666668,5.0,0.06666666666666667
1378565366,4,10399.998544,187.199973792,1.8,1.6703488E7,167772.0,0.0,12.399999999999999,4.866666666666666,0.06666666666666667
1378565666,4,10399.998544,188.93330688266667,1.8166666666666667,1.6703488E7,234880.8,0.0,12.399999999999999,4.8,0.06666666666666667
1378565966,4,10399.998544,190.66663997333336,1.8333333333333335,1.6703488E7,123032.8,0.0,12.533333333333333,4.933333333333334,0.06666666666666667
1378566266,4,10399.998544,194.13330615466666,1.8666666666666665,1.6703488E7,145402.4,0.0,13.666666666666666,4.933333333333334,0.13333333333333333
1378566566,4,10399.998544,209.73330397066667,2.0166666666666666,1.6703488E7,335544.0,0.0,18.6,4.866666666666666,0.06666666666666667
1378566866,4,10399.998544,187.199973792,1.8,1.6703488E7,369098.4,0.0,12.666666666666668,4.8,0.06666666666666667
1378567166,4,10399.998544,190.66663997333336,1.8333333333333335,1.6703488E7,190141.6,0.0,12.666666666666668,4.866666666666666,0.06666666666666667
1378567466,4,10399.998544,192.399973064,1.85,1.6703488E7,167772.0,0.0,12.466666666666667,4.666666666666667,0.06666666666666667
1378567766,4,10399.998544,185.46664070133335,1.7833333333333334,1.6703488E7,78293.6,0.0,12.466666666666667,4.866666666666666,0.06666666666666667
1378568066,4,10399.998544,188.93330688266667,1.8166666666666667,1.6703488E7,55924.0,0.0,12.666666666666666,4.8,0.06666666666666667
1378568366,4,10399.998544,188.93330688266667,1.8166666666666667,1.6703488E7,11184.8,0.0,12.866666666666667,4.933333333333334,0.06666666666666667
1378568666,4,10399.998544,188.93330688266667,1.8166666666666667,1.6703488E7,212511.2,0.0,12.4,5.066666666666666,0.06666666666666667
1378568966,4,10399.998544,190.66663997333336,1.8333333333333335,1.6703488E7,246065.6,0.0,12.8,4.866666666666666,0.06666666666666667
1378569266,4,10399.998544,188.93330688266667,1.8166666666666667,1.6703488E7,100663.2,0.0,12.533333333333335,4.733333333333333,0.06666666666666667
1378569566,4,10399.998544,190.66663997333336,1.8333333333333335,1.6703488E7,134217.6,0.0,12.600000000000001,4.733333333333333,0.06666666666666667
1378569866,4,10399.998544,202.79997160799996,1.95,1.6703488E7,111848.0,0.0,13.933333333333334,4.866666666666666,0.2
1378570166,4,10399.998544,213.199970152,2.05,1.6703488E7,290804.8,0.0,18.133333333333333,4.666666666666667,0.06666666666666667
1378570466,4,10399.998544,190.66663997333336,1.8333333333333335,1.6703488E7,324359.2,0.0,12.466666666666667,4.866666666666666,0.06666666666666667
1378570766,4,10399.998544,194.13330615466666,1.8666666666666665,1.6703488E7,201326.4,0.0,12.466666666666667,4.866666666666666,0.06666666666666667
1378571066,4,10399.998544,188.93330688266667,1.8166666666666667,1.6703488E7,145402.4,0.0,12.600000000000001,4.866666666666666,0.06666666666666667
1378571366,4,10399.998544,185.46664070133335,1.7833333333333334,1.6703488E7,78293.6,0.0,12.333333333333332,4.666666666666667,0.06666666666666667
1378571666,4,10399.998544,187.199973792,1.8,1.6703488E7,123032.8,0.0,12.933333333333334,4.8,0.06666666666666667
1378571966,4,10399.998544,190.66663997333336,1.8333333333333335,1.6703488E7,145402.4,0.0,12.666666666666666,4.8,0.06666666666666667
1378572266,4,10399.998544,190.66663997333336,1.8333333333333335,1.6703488E7,89478.4,0.0,12.933333333333334,4.933333333333334,0.06666666666666667
1378572566,4,10399.998544,187.199973792,1.8,1.6703488E7,212511.2,0.0,12.266666666666666,4.866666666666666,0.06666666666666667
1378572866,4,10399.998544,187.199973792,1.8,1.6703488E7,246065.6,0.0,12.6,4.866666666666666,0.06666666666666667
1378573166,4,10399.998544,187.199973792,1.8,1.6703488E7,201326.4,0.0,12.466666666666667,4.866666666666666,0.06666666666666667
1378573466,4,10399.998544,195.86663924533335,1.8833333333333335,1.6703488E7,246065.6,0.0,13.533333333333333,4.866666666666666,0.13333333333333333
1378573766,4,10399.998544,211.4666370613333,2.033333333333333,1.6703488E7,100663.2,0.0,17.866666666666667,5.0,0.13333333333333333
1378574066,4,10399.998544,187.199973792,1.8,1.6703488E7,436207.2,0.0,12.666666666666668,4.866666666666666,0.06666666666666667
1378574367,4,10399.998544,187.199973792,1.8,1.6703488E7,78293.6,0.0,12.466666666666667,4.866666666666666,0.06666666666666667
1378574667,4,10399.998544,187.199973792,1.8,1.6703488E7,145402.4,0.0,12.866666666666667,4.933333333333334,0.06666666666666667
1378574967,4,10399.998544,190.66663997333336,1.8333333333333335,1.6703488E7,268435.2,0.0,12.399999999999999,4.866666666666666,0.06666666666666667
1378575267,4,10399.998544,192.399973064,1.85,1.6703488E7,134217.6,0.0,12.8,4.866666666666666,0.06666666666666667
1378575567,4,10399.998544,192.399973064,1.85,1.6703488E7,223696.0,0.0,12.466666666666667,4.866666666666666,0.06666666666666667
1378575867,4,10399.998544,188.93330688266667,1.8166666666666667,1.6703488E7,201326.4,0.0,12.4,4.933333333333334,0.06666666666666667
1378576167,4,10399.998544,190.66663997333336,1.8333333333333335,1.6703488E7,134217.6,0.0,12.733333333333334,4.866666666666666,0.06666666666666667
1378576467,4,10399.998544,190.66663997333336,1.8333333333333335,1.6703488E7,201326.4,0.0,12.6,5.066666666666666,0.06666666666666667
1378576767,4,10399.998544,187.199973792,1.8,1.6703488E7,201326.4,0.0,12.533333333333335,4.933333333333334,0.06666666666666667
1378577067,4,10399.998544,194.13330615466666,1.8666666666666665,1.6703488E7,279620.0,0.0,13.666666666666668,4.866666666666666,0.13333333333333333
1378577367,4,10399.998544,213.199970152,2.05,1.6703488E7,301989.6,0.0,18.266666666666666,4.933333333333334,0.06666666666666667
1378577667,4,10399.998544,187.199973792,1.8,1.6703488E7,369098.4,0.0,12.600000000000001,5.0,0.06666666666666667
1378577967,4,10399.998544,188.93330688266667,1.8166666666666667,1.6703488E7,134217.6,0.0,12.266666666666666,4.933333333333334,0.06666666666666667
1378578267,4,10399.998544,190.66663997333336,1.8333333333333335,1.6703488E7,246065.6,0.0,12.666666666666668,4.866666666666666,0.06666666666666667
1378578567,4,10399.998544,192.399973064,1.85,1.6703488E7,100663.2,0.0,12.466666666666667,5.0,0.06666666666666667
1378578867,4,10399.998544,194.13330615466666,1.8666666666666665,1.6703488E7,100663.2,0.0,12.666666666666668,4.8,0.06666666666666667
1378579167,4,10399.998544,187.199973792,1.8,1.6703488E7,167772.0,0.0,12.6,4.933333333333334,0.06666666666666667
1378579467,4,10399.998544,187.199973792,1.8,1.6703488E7,167772.0,0.0,12.666666666666668,4.866666666666666,0.06666666666666667
1378579767,4,10399.998544,192.399973064,1.85,1.6703488E7,89478.4,0.0,12.666666666666668,4.733333333333333,0.06666666666666667
1378580067,4,10399.998544,192.399973064,1.85,1.6703488E7,145402.4,0.0,12.6,4.933333333333334,0.06666666666666667
1378580367,4,10399.998544,187.199973792,1.8,1.6703488E7,167772.0,0.0,12.466666666666667,4.8,0.06666666666666667
1378580667,4,10399.998544,197.59997233599998,1.9,1.6703488E7,167772.0,0.0,14.333333333333332,5.0,0.2
1378580967,4,10399.998544,213.199970152,2.05,1.6703488E7,380283.2,0.0,18.066666666666666,4.8,0.06666666666666667
1378581267,4,10399.998544,194.13330615466666,1.8666666666666665,1.6703488E7,659903.2,0.0,12.533333333333335,4.666666666666667,0.06666666666666667
1378581567,4,10399.998544,192.399973064,1.85,1.6703488E7,134217.6,0.0,12.933333333333334,4.866666666666666,0.06666666666666667
1378581867,4,10399.998544,188.93330688266667,1.8166666666666667,1.6703488E7,178956.8,0.0,12.666666666666668,4.666666666666667,0.06666666666666667
1378582167,4,10399.998544,187.199973792,1.8,1.6703488E7,234880.8,0.0,12.466666666666667,4.666666666666667,0.06666666666666667
1378582467,4,10399.998544,190.66663997333336,1.8333333333333335,1.6703488E7,0.0,0.0,12.866666666666667,4.866666666666666,0.06666666666666667
1378582767,4,10399.998544,192.399973064,1.85,1.6703488E7,22369.6,0.0,12.666666666666668,4.8,0.06666666666666667
1378583067,4,10399.998544,190.66663997333336,1.8333333333333335,1.6703488E7,167772.0,0.0,12.8,4.733333333333333,0.06666666666666667
1378583368,4,10399.998544,190.66663997333336,1.8333333333333335,1.6703488E7,134217.6,0.0,12.533333333333335,4.8,0.06666666666666667
1378583668,4,10399.998544,187.199973792,1.8,1.6703488E7,11184.8,0.0,12.666666666666668,4.933333333333334,0.06666666666666667
1378583968,4,10399.998544,187.199973792,1.8,1.6703488E7,0.0,0.0,12.533333333333333,4.933333333333334,0.06666666666666667
1378584268,4,10399.998544,195.86663924533335,1.8833333333333335,1.6703488E7,123032.8,0.0,13.866666666666667,5.066666666666666,0.13333333333333333
1378584568,4,10399.998544,221.86663560533333,2.1333333333333333,1.6703488E7,290804.8,0.0,18.133333333333333,4.933333333333334,0.13333333333333333
1378584868,4,10399.998544,195.86663924533335,1.8833333333333335,1.6703488E7,190141.6,0.0,12.600000000000001,4.866666666666666,0.06666666666666667
1378585168,4,10399.998544,190.66663997333336,1.8333333333333335,1.6703488E7,111848.0,0.0,12.733333333333334,4.866666666666666,0.06666666666666667
1378585468,4,10399.998544,190.66663997333336,1.8333333333333335,1.6703488E7,178956.8,0.0,12.666666666666668,4.733333333333333,0.06666666666666667
1378585768,4,10399.998544,188.93330688266667,1.8166666666666667,1.6703488E7,246065.6,0.0,12.733333333333334,4.866666666666666,0.06666666666666667
1378586068,4,10399.998544,192.399973064,1.85,1.6703488E7,100663.2,0.0,13.0,5.0,0.06666666666666667
1378586368,4,10399.998544,190.66663997333336,1.8333333333333335,1.6703488E7,134217.6,0.0,12.866666666666667,4.933333333333334,0.06666666666666667
1378586668,4,10399.998544,188.93330688266667,1.8166666666666667,1.6703488E7,156587.2,0.0,12.733333333333334,4.866666666666666,0.06666666666666667
1378586968,4,10399.998544,185.46664070133335,1.7833333333333334,1.6703488E7,134217.6,0.0,12.666666666666668,4.866666666666666,0.06666666666666667
1378587268,4,10399.998544,188.93330688266667,1.8166666666666667,1.6703488E7,212511.2,0.0,12.600000000000001,5.0,0.06666666666666667
1378587568,4,10399.998544,192.399973064,1.85,1.6703488E7,257250.4,0.0,12.533333333333333,4.8,0.06666666666666667
1378587868,4,10399.998544,192.399973064,1.85,1.6703488E7,89478.4,0.0,13.600000000000001,4.866666666666666,0.13333333333333333
1378588168,4,10399.998544,214.93330324266663,2.0666666666666664,1.6703488E7,123032.8,0.0,17.866666666666667,5.066666666666666,0.06666666666666667
1378588468,4,10399.998544,187.199973792,1.8,1.6703488E7,301989.6,0.0,12.466666666666667,4.933333333333334,0.06666666666666667
1378588768,4,10399.998544,188.93330688266667,1.8166666666666667,1.6703488E7,123032.8,0.0,12.666666666666668,4.933333333333334,0.06666666666666667
1378589068,4,10399.998544,194.13330615466666,1.8666666666666665,1.6703488E7,134217.6,0.0,12.466666666666667,4.866666666666666,0.06666666666666667
1378589368,4,10399.998544,192.399973064,1.85,1.6703488E7,279620.0,0.0,12.6,4.733333333333333,0.06666666666666667
1378589668,4,10399.998544,185.46664070133335,1.7833333333333334,1.6703488E7,301989.6,0.0,12.466666666666667,4.733333333333333,0.06666666666666667
1378589968,4,10399.998544,192.399973064,1.85,1.6703488E7,268435.2,0.0,12.533333333333333,4.8,0.06666666666666667
1378590268,4,10399.998544,187.199973792,1.8,1.6703488E7,190141.6,0.0,12.600000000000001,4.866666666666666,0.06666666666666667
1378590568,4,10399.998544,192.399973064,1.85,1.6703488E7,223696.0,0.0,12.4,4.8,0.06666666666666667
1378590868,4,10399.998544,192.399973064,1.85,1.6703488E7,190141.6,0.0,13.866666666666667,4.933333333333334,0.06666666666666667
1378591168,4,10399.998544,187.199973792,1.8,1.6703488E7,111848.0,0.0,12.533333333333333,4.866666666666666,0.06666666666666667
1378591468,4,10399.998544,199.33330542666667,1.9166666666666665,1.6703488E7,201326.4,0.0,14.333333333333334,5.0,0.13333333333333333
1378591768,4,10399.998544,209.73330397066667,2.0166666666666666,1.6703488E7,301989.6,0.0,18.066666666666666,4.933333333333334,0.13333333333333333
1378592068,4,10399.998544,190.66663997333336,1.8333333333333335,1.6703488E7,357913.6,0.0,12.733333333333334,4.8,0.06666666666666667
1378592368,4,10399.998544,194.13330615466666,1.8666666666666665,1.6703488E7,100663.2,0.0,12.600000000000001,4.8,0.0
1378592668,4,10399.998544,188.93330688266667,1.8166666666666667,1.6703488E7,111848.0,0.0,12.333333333333332,4.733333333333333,0.06666666666666667
1378592968,4,10399.998544,183.73330761066666,1.7666666666666666,1.6703488E7,145402.4,0.0,12.600000000000001,4.666666666666667,0.0
1378593269,4,10399.998544,187.199973792,1.8,1.6703488E7,111848.0,0.0,12.866666666666667,4.733333333333333,0.06666666666666667
1378593569,4,10399.998544,188.93330688266667,1.8166666666666667,1.6703488E7,111848.0,0.0,12.533333333333335,4.8,0.0
1378593869,4,10399.998544,197.59997233599998,1.9,1.6703488E7,425022.4,0.0,16.6,5.6,0.8
1378594169,4,10399.998544,188.93330688266667,1.8166666666666667,1.6703488E7,78293.6,0.0,12.333333333333332,4.666666666666667,0.06666666666666667
1378594469,4,10399.998544,190.66663997333336,1.8333333333333335,1.6703488E7,44739.2,0.0,12.600000000000001,4.666666666666667,0.06666666666666667
1378594769,4,10399.998544,187.199973792,1.8,1.6703488E7,134217.6,0.0,12.333333333333332,4.666666666666667,0.06666666666666667
1378595069,4,10399.998544,211.4666370613333,2.033333333333333,1.6703488E7,301989.6,0.0,18.6,4.866666666666666,0.26666666666666666
1378595369,4,10399.998544,220.1333025146667,2.1166666666666667,1.6703488E7,167772.0,0.0,18.133333333333333,4.866666666666666,0.13333333333333333
1378595669,4,10399.998544,188.93330688266667,1.8166666666666667,1.6703488E7,178956.8,0.0,12.8,4.8,0.06666666666666667
1378595969,4,10399.998544,188.93330688266667,1.8166666666666667,1.6703488E7,190141.6,0.0,12.533333333333335,4.933333333333334,0.06666666666666667
1378596269,4,10399.998544,188.93330688266667,1.8166666666666667,1.6703488E7,212511.2,0.0,12.600000000000001,4.8,0.06666666666666667
1378596569,4,10399.998544,190.66663997333336,1.8333333333333335,1.6703488E7,33554.4,0.0,12.666666666666668,4.8,0.06666666666666667
1378596869,4,10399.998544,194.13330615466666,1.8666666666666665,1.6703488E7,89478.4,0.0,12.600000000000001,4.733333333333333,0.06666666666666667
1378597169,4,10399.998544,194.13330615466666,1.8666666666666665,1.6703488E7,134217.6,0.0,12.533333333333335,4.8,0.06666666666666667
1378597469,4,10399.998544,188.93330688266667,1.8166666666666667,1.6703488E7,268435.2,0.0,12.466666666666667,4.866666666666666,0.06666666666666667
1378597769,4,10399.998544,195.86663924533335,1.8833333333333335,1.6703488E7,167772.0,0.0,12.533333333333333,4.866666666666666,0.06666666666666667
1378598069,4,10399.998544,201.06663851733333,1.9333333333333333,1.6703488E7,212511.2,0.0,12.266666666666666,4.733333333333333,0.06666666666666667
1378598369,4,10399.998544,195.86663924533335,1.8833333333333335,1.6703488E7,167772.0,0.0,12.533333333333333,4.733333333333333,0.06666666666666667
1378598669,4,10399.998544,195.86663924533335,1.8833333333333335,1.6703488E7,268435.2,0.0,13.8,4.866666666666666,0.06666666666666667
1378598969,4,10399.998544,213.199970152,2.05,1.6703488E7,33554.4,0.0,18.066666666666666,4.933333333333334,0.0
1378599269,4,10399.998544,188.93330688266667,1.8166666666666667,1.6703488E7,167772.0,0.0,12.866666666666667,4.866666666666666,0.06666666666666667
1378599569,4,10399.998544,194.13330615466666,1.8666666666666665,1.6703488E7,67108.8,0.0,12.600000000000001,4.866666666666666,0.0
1378599869,4,10399.998544,188.93330688266667,1.8166666666666667,1.6703488E7,167772.0,0.0,12.533333333333335,4.733333333333333,0.06666666666666667
1378600169,4,10399.998544,187.199973792,1.8,1.6703488E7,134217.6,0.0,12.8,4.666666666666667,0.0
1378600469,4,10399.998544,190.66663997333336,1.8333333333333335,1.6703488E7,134217.6,0.0,13.0,4.866666666666666,0.0
1378600769,4,10399.998544,190.66663997333336,1.8333333333333335,1.6703488E7,167772.0,0.0,12.600000000000001,4.8,0.0
1378601069,4,10399.998544,190.66663997333336,1.8333333333333335,1.6703488E7,234880.8,0.0,12.666666666666668,4.8,0.0
1378601369,4,10399.998544,192.399973064,1.85,1.6703488E7,301989.6,0.0,12.8,4.8,0.06666666666666667
1378601669,4,10399.998544,190.66663997333336,1.8333333333333335,1.6703488E7,0.0,0.0,12.666666666666668,4.8,0.0
1378601970,4,10399.998544,188.93330688266667,1.8166666666666667,1.6703488E7,167772.0,0.0,12.466666666666667,4.866666666666666,0.06666666666666667
1378602269,4,10399.998544,199.33330542666667,1.9166666666666665,1.6703488E7,134217.6,0.0,14.0,4.866666666666666,0.13333333333333333
1378602569,4,10399.998544,214.93330324266663,2.0666666666666664,1.6703488E7,234880.8,0.0,18.2,4.8,0.0
1378602869,4,10399.998544,192.399973064,1.85,1.6703488E7,369098.4,0.0,12.666666666666666,4.8,0.0
1378603169,4,10399.998544,188.93330688266667,1.8166666666666667,1.6703488E7,167772.0,0.0,12.466666666666667,4.733333333333333,0.06666666666666667
1378603469,4,10399.998544,188.93330688266667,1.8166666666666667,1.6703488E7,167772.0,0.0,12.600000000000001,4.666666666666667,0.0
1378603769,4,10399.998544,190.66663997333336,1.8333333333333335,1.6703488E7,178956.8,0.0,12.399999999999999,4.733333333333333,0.0
1378604069,4,10399.998544,192.399973064,1.85,1.6703488E7,234880.8,0.0,13.2,4.733333333333333,0.0
1378604369,4,10399.998544,190.66663997333336,1.8333333333333335,1.6703488E7,111848.0,0.0,13.066666666666666,4.8,0.0
1378604669,4,10399.998544,190.66663997333336,1.8333333333333335,1.6703488E7,55924.0,0.0,12.600000000000001,4.733333333333333,0.0
1378604969,4,10399.998544,216.66663633333334,2.0833333333333335,1.6703488E7,268435.2,0.0,35.333333333333336,6.266666666666667,65.4
1378605269,4,10399.998544,580.6665853733334,5.583333333333334,1.6703488E7,369098.4,0.0,134.73333333333332,10.666666666666666,172.26666666666668
1378605569,4,10399.998544,363.99994904,3.5,1.6703488E7,469761.6,0.0,38.333333333333336,5.4,1.8
1378605869,4,10399.998544,393.4666115813333,3.783333333333333,1.6703488E7,178956.8,0.0,16.133333333333333,6.333333333333333,0.8666666666666667
1378606169,4,10399.998544,216.66663633333334,2.0833333333333335,1.6703488E7,78293.6,0.0,19.46666666666667,4.933333333333334,0.0
1378606469,4,10399.998544,201.06663851733333,1.9333333333333333,1.6703488E7,357913.6,0.0,12.8,4.866666666666666,0.0
1378606769,4,10399.998544,202.79997160799996,1.95,1.6703488E7,391468.0,0.0,12.266666666666666,4.666666666666667,0.0
1378607069,4,10399.998544,565.0665875573334,5.433333333333334,1.6703488E7,436207.2,0.0,34.4,11.866666666666667,13.666666666666666
1378607369,4,10399.998544,188.93330688266667,1.8166666666666667,1.6703488E7,212511.2,0.0,12.466666666666667,4.866666666666666,0.0
1378607669,4,10399.998544,188.93330688266667,1.8166666666666667,1.6703488E7,33554.4,0.0,12.866666666666667,4.666666666666667,0.0
1378607970,4,10399.998544,194.13330615466666,1.8666666666666665,1.6703488E7,111848.0,0.0,12.466666666666667,4.866666666666666,0.0
1378608270,4,10399.998544,194.13330615466666,1.8666666666666665,1.6703488E7,145402.4,0.0,12.533333333333333,4.733333333333333,0.0
1378608570,4,10399.998544,192.399973064,1.85,1.6703488E7,279620.0,0.0,12.733333333333334,4.866666666666666,0.0
1378608870,4,10399.998544,192.399973064,1.85,1.6703488E7,246065.6,0.0,12.8,4.866666666666666,0.06666666666666667
1378609170,4,10399.998544,207.99997088,2.0,1.6703488E7,167772.0,0.0,12.333333333333332,4.866666666666666,0.0
1378609470,4,10399.998544,206.26663778933332,1.9833333333333334,1.6703488E7,178956.8,0.0,13.8,4.8,0.13333333333333333
1378609770,4,10399.998544,220.1333025146667,2.1166666666666667,1.6703488E7,268435.2,0.0,18.799999999999997,4.733333333333333,0.0
1378610070,4,10399.998544,192.399973064,1.85,1.6703488E7,212511.2,0.0,12.333333333333332,4.8,0.06666666666666667
1378610370,4,10399.998544,188.93330688266667,1.8166666666666667,1.6703488E7,201326.4,0.0,12.333333333333332,4.733333333333333,0.0
1378610670,4,10399.998544,195.86663924533335,1.8833333333333335,1.6703488E7,111848.0,0.0,12.8,4.933333333333334,0.0
1378610970,4,10399.998544,201.06663851733333,1.9333333333333333,1.6703488E7,111848.0,0.0,12.533333333333333,4.933333333333334,0.0
1378611270,4,10399.998544,201.06663851733333,1.9333333333333333,1.6703488E7,78293.6,0.0,13.266666666666666,4.866666666666666,0.0
1378611570,4,10399.998544,195.86663924533335,1.8833333333333335,1.6703488E7,55924.0,0.0,12.666666666666668,4.866666666666666,0.0
1378611870,4,10399.998544,190.66663997333336,1.8333333333333335,1.6703488E7,44739.2,0.0,12.8,4.8,0.0
1378612170,4,10399.998544,201.06663851733333,1.9333333333333333,1.6703488E7,167772.0,0.0,12.666666666666668,4.866666666666666,0.0
1378612470,4,10399.998544,197.59997233599998,1.9,1.6703488E7,134217.6,0.0,12.466666666666667,4.866666666666666,0.0
1378612770,4,10399.998544,199.33330542666667,1.9166666666666665,1.6703488E7,123032.8,0.0,12.600000000000001,4.733333333333333,0.0
1378613070,4,10399.998544,201.06663851733333,1.9333333333333333,1.6703488E7,212511.2,0.0,14.133333333333333,4.933333333333334,0.13333333333333333
1378613370,4,10399.998544,218.399969424,2.1,1.6703488E7,346728.8,0.0,18.2,4.866666666666666,0.0
1378613670,4,10399.998544,192.399973064,1.85,1.6703488E7,391468.0,0.0,12.533333333333333,4.8,0.06666666666666667
1378613970,4,10399.998544,197.59997233599998,1.9,1.6703488E7,201326.4,0.0,12.4,4.733333333333333,0.0
1378614270,4,10399.998544,199.33330542666667,1.9166666666666665,1.6703488E7,156587.2,0.0,12.533333333333333,4.8,0.0
1378614570,4,10399.998544,195.86663924533335,1.8833333333333335,1.6703488E7,44739.2,0.0,12.600000000000001,4.733333333333333,0.0
1378614870,4,10399.998544,199.33330542666667,1.9166666666666665,1.6703488E7,123032.8,0.0,13.333333333333332,4.6,0.0
1378615170,4,10399.998544,195.86663924533335,1.8833333333333335,1.6703488E7,78293.6,0.0,12.533333333333333,4.8,0.06666666666666667
1378615470,4,10399.998544,192.399973064,1.85,1.6703488E7,167772.0,0.0,12.733333333333334,4.933333333333334,0.06666666666666667
1378615770,4,10399.998544,195.86663924533335,1.8833333333333335,1.6703488E7,167772.0,0.0,12.666666666666668,4.733333333333333,0.0
1378616070,4,10399.998544,197.59997233599998,1.9,1.6703488E7,223696.0,0.0,12.466666666666667,4.8,0.06666666666666667
1378616370,4,10399.998544,190.66663997333336,1.8333333333333335,1.6703488E7,257250.4,0.0,12.533333333333335,4.866666666666666,0.06666666666666667
1378616670,4,10399.998544,204.53330469866665,1.9666666666666666,1.6703488E7,324359.2,0.0,13.533333333333331,4.8,0.13333333333333333
1378616970,4,10399.998544,220.1333025146667,2.1166666666666667,1.6703488E7,145402.4,0.0,17.933333333333334,4.866666666666666,0.06666666666666667
1378617270,4,10399.998544,197.59997233599998,1.9,1.6703488E7,257250.4,0.0,12.8,5.0,0.06666666666666667
1378617570,4,10399.998544,197.59997233599998,1.9,1.6703488E7,190141.6,0.0,12.466666666666667,4.733333333333333,0.0
1378617871,4,10399.998544,197.59997233599998,1.9,1.6703488E7,257250.4,0.0,12.666666666666666,4.933333333333334,0.0
1378618171,4,10399.998544,192.399973064,1.85,1.6703488E7,380283.2,0.0,12.666666666666668,4.8,0.0
1378618471,4,10399.998544,199.33330542666667,1.9166666666666665,1.6703488E7,190141.6,0.0,13.0,4.866666666666666,0.0
1378618771,4,10399.998544,199.33330542666667,1.9166666666666665,1.6703488E7,190141.6,0.0,12.866666666666667,4.8,0.0
1378619071,4,10399.998544,195.86663924533335,1.8833333333333335,1.6703488E7,190141.6,0.0,12.600000000000001,4.933333333333334,0.0
1378619371,4,10399.998544,195.86663924533335,1.8833333333333335,1.6703488E7,123032.8,0.0,12.4,4.933333333333334,0.0
1378619671,4,10399.998544,207.99997088,2.0,1.6703488E7,257250.4,0.0,12.6,4.8,0.0
1378619971,4,10399.998544,197.59997233599998,1.9,1.6703488E7,167772.0,0.0,12.266666666666666,4.733333333333333,0.06666666666666667
1378620271,4,10399.998544,206.26663778933332,1.9833333333333334,1.6703488E7,44739.2,0.0,13.8,4.933333333333334,0.06666666666666667
1378620571,4,10399.998544,220.1333025146667,2.1166666666666667,1.6703488E7,201326.4,0.0,18.266666666666666,4.933333333333334,0.0
1378620871,4,10399.998544,194.13330615466666,1.8666666666666665,1.6703488E7,324359.2,0.0,12.6,4.8,0.0
1378621171,4,10399.998544,194.13330615466666,1.8666666666666665,1.6703488E7,156587.2,0.0,12.666666666666668,4.8,0.06666666666666667
1378621471,4,10399.998544,195.86663924533335,1.8833333333333335,1.6703488E7,268435.2,0.0,12.466666666666667,4.733333333333333,0.0
1378621771,4,10399.998544,207.99997088,2.0,1.6703488E7,178956.8,0.0,12.733333333333334,4.733333333333333,0.0
1378622071,4,10399.998544,202.79997160799996,1.95,1.6703488E7,346728.8,0.0,12.733333333333334,4.866666666666666,0.06666666666666667
1378622371,4,10399.998544,197.59997233599998,1.9,1.6703488E7,201326.4,0.0,12.8,4.733333333333333,0.0
1378622671,4,10399.998544,195.86663924533335,1.8833333333333335,1.6703488E7,201326.4,0.0,12.8,4.8,0.06666666666666667
1378622971,4,10399.998544,199.33330542666667,1.9166666666666665,1.6703488E7,167772.0,0.0,12.533333333333333,4.733333333333333,0.0
1378623271,4,10399.998544,199.33330542666667,1.9166666666666665,1.6703488E7,167772.0,0.0,12.533333333333333,4.8,0.0
1378623571,4,10399.998544,199.33330542666667,1.9166666666666665,1.6703488E7,123032.8,0.0,12.466666666666667,4.933333333333334,0.06666666666666667
1378623871,4,10399.998544,202.79997160799996,1.95,1.6703488E7,369098.4,0.0,14.399999999999999,4.8,0.13333333333333333
1378624171,4,10399.998544,221.86663560533333,2.1333333333333333,1.6703488E7,212511.2,0.0,18.533333333333335,4.866666666666666,0.06666666666666667
1378624472,4,10399.998544,199.33330542666667,1.9166666666666665,1.6703488E7,369098.4,0.0,12.466666666666667,4.8,0.06666666666666667
1378624772,4,10399.998544,197.59997233599998,1.9,1.6703488E7,190141.6,0.0,12.533333333333333,4.733333333333333,0.06666666666666667
1378625072,4,10399.998544,197.59997233599998,1.9,1.6703488E7,301989.6,0.0,12.466666666666667,4.866666666666666,0.06666666666666667
1378625372,4,10399.998544,197.59997233599998,1.9,1.6703488E7,178956.8,0.0,12.466666666666667,4.933333333333334,0.06666666666666667
1378625672,4,10399.998544,195.86663924533335,1.8833333333333335,1.6703488E7,100663.2,0.0,13.133333333333333,4.866666666666666,0.06666666666666667
1378625972,4,10399.998544,206.26663778933332,1.9833333333333334,1.6703488E7,234880.8,0.0,12.399999999999999,4.8,0.06666666666666667
1378626272,4,10399.998544,202.79997160799996,1.95,1.6703488E7,268435.2,0.0,12.733333333333334,4.866666666666666,0.0
1378626572,4,10399.998544,194.13330615466666,1.8666666666666665,1.6703488E7,134217.6,0.0,12.600000000000001,4.733333333333333,0.06666666666666667
1378626872,4,10399.998544,195.86663924533335,1.8833333333333335,1.6703488E7,134217.6,0.0,12.533333333333333,4.866666666666666,0.06666666666666667
1378627172,4,10399.998544,195.86663924533335,1.8833333333333335,1.6703488E7,201326.4,0.0,12.4,4.933333333333334,0.06666666666666667
1378627472,4,10399.998544,204.53330469866665,1.9666666666666666,1.6703488E7,234880.8,0.0,13.6,5.066666666666666,0.13333333333333333
1378627772,4,10399.998544,218.399969424,2.1,1.6703488E7,178956.8,0.0,18.4,4.933333333333334,0.13333333333333333
1378628072,4,10399.998544,199.33330542666667,1.9166666666666665,1.6703488E7,201326.4,0.0,12.666666666666668,4.933333333333334,0.06666666666666667
1378628372,4,10399.998544,197.59997233599998,1.9,1.6703488E7,78293.6,0.0,12.266666666666666,4.733333333333333,0.06666666666666667
1378628672,4,10399.998544,195.86663924533335,1.8833333333333335,1.6703488E7,201326.4,0.0,12.666666666666668,4.733333333333333,0.06666666666666667
1378628972,4,10399.998544,201.06663851733333,1.9333333333333333,1.6703488E7,123032.8,0.0,12.466666666666667,4.866666666666666,0.06666666666666667
1378629272,4,10399.998544,202.79997160799996,1.95,1.6703488E7,167772.0,0.0,12.8,4.866666666666666,0.06666666666666667
1378629572,4,10399.998544,199.33330542666667,1.9166666666666665,1.6703488E7,212511.2,0.0,12.4,4.8,0.06666666666666667
1378629872,4,10399.998544,194.13330615466666,1.8666666666666665,1.6703488E7,33554.4,0.0,12.600000000000001,4.8,0.06666666666666667
1378630172,4,10399.998544,195.86663924533335,1.8833333333333335,1.6703488E7,167772.0,0.0,12.466666666666667,4.8,0.06666666666666667
1378630472,4,10399.998544,197.59997233599998,1.9,1.6703488E7,100663.2,0.0,12.6,4.8,0.06666666666666667
1378630772,4,10399.998544,194.13330615466666,1.8666666666666665,1.6703488E7,212511.2,0.0,12.399999999999999,4.866666666666666,0.06666666666666667
1378631073,4,10399.998544,204.53330469866665,1.9666666666666666,1.6703488E7,301989.6,0.0,13.866666666666667,5.066666666666666,0.06666666666666667
1378631373,4,10399.998544,218.399969424,2.1,1.6703488E7,391468.0,0.0,18.266666666666666,4.933333333333334,0.13333333333333333
1378631673,4,10399.998544,195.86663924533335,1.8833333333333335,1.6703488E7,279620.0,0.0,12.666666666666668,4.933333333333334,0.06666666666666667
1378631973,4,10399.998544,195.86663924533335,1.8833333333333335,1.6703488E7,346728.8,0.0,12.399999999999999,4.866666666666666,0.06666666666666667
1378632273,4,10399.998544,195.86663924533335,1.8833333333333335,1.6703488E7,201326.4,0.0,12.600000000000001,4.933333333333334,0.06666666666666667
1378632573,4,10399.998544,194.13330615466666,1.8666666666666665,1.6703488E7,100663.2,0.0,12.666666666666668,4.866666666666666,0.06666666666666667
1378632873,4,10399.998544,204.53330469866665,1.9666666666666666,1.6703488E7,22369.6,0.0,12.866666666666667,4.866666666666666,0.06666666666666667
1378633173,4,10399.998544,197.59997233599998,1.9,1.6703488E7,134217.6,0.0,12.4,4.866666666666666,0.06666666666666667
1378633473,4,10399.998544,195.86663924533335,1.8833333333333335,1.6703488E7,111848.0,0.0,12.600000000000001,4.933333333333334,0.06666666666666667
1378633773,4,10399.998544,194.13330615466666,1.8666666666666665,1.6703488E7,257250.4,0.0,12.399999999999999,4.866666666666666,0.06666666666666667
1378634073,4,10399.998544,192.399973064,1.85,1.6703488E7,391468.0,0.0,12.266666666666666,4.8,0.06666666666666667
1378634373,4,10399.998544,195.86663924533335,1.8833333333333335,1.6703488E7,301989.6,0.0,12.466666666666667,4.733333333333333,0.06666666666666667
1378634673,4,10399.998544,204.53330469866665,1.9666666666666666,1.6703488E7,246065.6,0.0,14.066666666666666,4.933333333333334,0.13333333333333333
1378634973,4,10399.998544,216.66663633333334,2.0833333333333335,1.6703488E7,268435.2,0.0,18.0,5.0,0.06666666666666667
1378635273,4,10399.998544,197.59997233599998,1.9,1.6703488E7,313174.4,0.0,12.666666666666668,4.933333333333334,0.06666666666666667
1378635573,4,10399.998544,197.59997233599998,1.9,1.6703488E7,78293.6,0.0,12.533333333333335,4.933333333333334,0.06666666666666667
1378635873,4,10399.998544,195.86663924533335,1.8833333333333335,1.6703488E7,100663.2,0.0,12.866666666666667,4.866666666666666,0.06666666666666667
1378636173,4,10399.998544,194.13330615466666,1.8666666666666665,1.6703488E7,257250.4,0.0,12.466666666666667,4.933333333333334,0.06666666666666667
1378636473,4,10399.998544,199.33330542666667,1.9166666666666665,1.6703488E7,201326.4,0.0,12.933333333333334,4.866666666666666,0.06666666666666667
1378636773,4,10399.998544,197.59997233599998,1.9,1.6703488E7,89478.4,0.0,12.533333333333335,4.866666666666666,0.06666666666666667
1378637073,4,10399.998544,195.86663924533335,1.8833333333333335,1.6703488E7,223696.0,0.0,12.399999999999999,4.733333333333333,0.06666666666666667
1378637373,4,10399.998544,192.399973064,1.85,1.6703488E7,67108.8,0.0,12.733333333333334,4.8,0.06666666666666667
1378637673,4,10399.998544,195.86663924533335,1.8833333333333335,1.6703488E7,145402.4,0.0,12.466666666666667,4.8,0.06666666666666667
1378637973,4,10399.998544,199.33330542666667,1.9166666666666665,1.6703488E7,268435.2,0.0,12.4,4.866666666666666,0.06666666666666667
1378638273,4,10399.998544,199.33330542666667,1.9166666666666665,1.6703488E7,234880.8,0.0,13.466666666666667,4.866666666666666,0.13333333333333333
1378638573,4,10399.998544,216.66663633333334,2.0833333333333335,1.6703488E7,134217.6,0.0,18.066666666666666,4.933333333333334,0.06666666666666667
1378638873,4,10399.998544,194.13330615466666,1.8666666666666665,1.6703488E7,167772.0,0.0,12.666666666666668,4.933333333333334,0.06666666666666667
1378639173,4,10399.998544,195.86663924533335,1.8833333333333335,1.6703488E7,201326.4,0.0,12.4,4.866666666666666,0.06666666666666667
1378639473,4,10399.998544,197.59997233599998,1.9,1.6703488E7,223696.0,0.0,12.666666666666668,5.0,0.06666666666666667
1378639773,4,10399.998544,194.13330615466666,1.8666666666666665,1.6703488E7,212511.2,0.0,12.600000000000001,4.8,0.06666666666666667
1378640073,4,10399.998544,201.06663851733333,1.9333333333333333,1.6703488E7,0.0,0.0,12.533333333333335,4.866666666666666,0.06666666666666667
1378640373,4,10399.998544,197.59997233599998,1.9,1.6703488E7,223696.0,0.0,12.933333333333334,4.866666666666666,0.06666666666666667
1378640673,4,10399.998544,197.59997233599998,1.9,1.6703488E7,246065.6,0.0,12.666666666666668,4.933333333333334,0.06666666666666667
1378640973,4,10399.998544,195.86663924533335,1.8833333333333335,1.6703488E7,134217.6,0.0,12.4,4.866666666666666,0.06666666666666667
1378641273,4,10399.998544,195.86663924533335,1.8833333333333335,1.6703488E7,167772.0,0.0,12.4,4.866666666666666,0.06666666666666667
1378641573,4,10399.998544,195.86663924533335,1.8833333333333335,1.6703488E7,111848.0,0.0,12.2,4.866666666666666,0.06666666666666667
1378641873,4,10399.998544,197.59997233599998,1.9,1.6703488E7,145402.4,0.0,13.533333333333333,4.933333333333334,0.13333333333333333
1378642173,4,10399.998544,223.599968696,2.15,1.6703488E7,301989.6,0.0,18.066666666666666,4.933333333333334,0.06666666666666667
1378642473,4,10399.998544,199.33330542666667,1.9166666666666665,1.6703488E7,357913.6,0.0,12.399999999999999,4.8,0.06666666666666667
1378642774,4,10399.998544,194.13330615466666,1.8666666666666665,1.6703488E7,55924.0,0.0,12.533333333333335,4.8,0.06666666666666667
1378643074,4,10399.998544,195.86663924533335,1.8833333333333335,1.6703488E7,145402.4,0.0,12.4,4.8,0.06666666666666667
1378643374,4,10399.998544,194.13330615466666,1.8666666666666665,1.6703488E7,167772.0,0.0,12.466666666666667,4.8,0.06666666666666667
1378643674,4,10399.998544,204.53330469866665,1.9666666666666666,1.6703488E7,167772.0,0.0,12.866666666666667,4.733333333333333,0.06666666666666667
1378643974,4,10399.998544,202.79997160799996,1.95,1.6703488E7,156587.2,0.0,12.600000000000001,4.733333333333333,0.06666666666666667
1378644274,4,10399.998544,192.399973064,1.85,1.6703488E7,313174.4,0.0,12.866666666666667,4.733333333333333,0.06666666666666667
1378644574,4,10399.998544,192.399973064,1.85,1.6703488E7,223696.0,0.0,12.266666666666666,4.666666666666667,0.06666666666666667
1378644874,4,10399.998544,194.13330615466666,1.8666666666666665,1.6703488E7,145402.4,0.0,12.733333333333334,4.733333333333333,0.06666666666666667
1378645174,4,10399.998544,194.13330615466666,1.8666666666666665,1.6703488E7,212511.2,0.0,12.399999999999999,4.733333333333333,0.06666666666666667
1378645474,4,10399.998544,202.79997160799996,1.95,1.6703488E7,67108.8,0.0,14.4,4.866666666666666,0.2
1378645774,4,10399.998544,213.199970152,2.05,1.6703488E7,167772.0,0.0,18.46666666666667,4.866666666666666,0.06666666666666667
1378646074,4,10399.998544,199.33330542666667,1.9166666666666665,1.6703488E7,268435.2,0.0,12.533333333333333,4.666666666666667,0.06666666666666667
1378646374,4,10399.998544,206.26663778933332,1.9833333333333334,1.6703488E7,167772.0,0.0,12.8,4.733333333333333,0.06666666666666667
1378646674,4,10399.998544,201.06663851733333,1.9333333333333333,1.6703488E7,268435.2,0.0,12.466666666666667,4.8,0.06666666666666667
1378646974,4,10399.998544,197.59997233599998,1.9,1.6703488E7,212511.2,0.0,12.6,4.733333333333333,0.06666666666666667
1378647274,4,10399.998544,197.59997233599998,1.9,1.6703488E7,78293.6,0.0,13.0,4.8,0.06666666666666667
1378647574,4,10399.998544,201.06663851733333,1.9333333333333333,1.6703488E7,268435.2,0.0,12.533333333333333,4.8,0.06666666666666667
1378647874,4,10399.998544,195.86663924533335,1.8833333333333335,1.6703488E7,67108.8,0.0,12.666666666666668,4.866666666666666,0.06666666666666667
1378648174,4,10399.998544,197.59997233599998,1.9,1.6703488E7,0.0,0.0,12.466666666666667,4.666666666666667,0.06666666666666667
1378648474,4,10399.998544,197.59997233599998,1.9,1.6703488E7,201326.4,0.0,12.933333333333334,4.866666666666666,0.06666666666666667
1378648774,4,10399.998544,194.13330615466666,1.8666666666666665,1.6703488E7,134217.6,0.0,12.333333333333334,4.733333333333333,0.06666666666666667
1378649074,4,10399.998544,202.79997160799996,1.95,1.6703488E7,33554.4,0.0,13.866666666666667,4.933333333333334,0.13333333333333333
1378649374,4,10399.998544,220.1333025146667,2.1166666666666667,1.6703488E7,246065.6,0.0,18.266666666666666,4.933333333333334,0.06666666666666667
1378649674,4,10399.998544,194.13330615466666,1.8666666666666665,1.6703488E7,335544.0,0.0,12.733333333333334,4.6,0.06666666666666667
1378649974,4,10399.998544,201.06663851733333,1.9333333333333333,1.6703488E7,335544.0,0.0,12.466666666666667,4.866666666666666,0.06666666666666667
1378650274,4,10399.998544,197.59997233599998,1.9,1.6703488E7,100663.2,0.0,12.666666666666668,4.866666666666666,0.06666666666666667
1378650574,4,10399.998544,197.59997233599998,1.9,1.6703488E7,145402.4,0.0,12.4,4.8,0.06666666666666667
1378650874,4,10399.998544,197.59997233599998,1.9,1.6703488E7,246065.6,0.0,12.866666666666667,4.733333333333333,0.06666666666666667
1378651174,4,10399.998544,194.13330615466666,1.8666666666666665,1.6703488E7,301989.6,0.0,12.666666666666668,4.733333333333333,0.06666666666666667
1378651474,4,10399.998544,197.59997233599998,1.9,1.6703488E7,201326.4,0.0,12.466666666666667,4.866666666666666,0.06666666666666667
1378651775,4,10399.998544,195.86663924533335,1.8833333333333335,1.6703488E7,212511.2,0.0,12.6,4.8,0.06666666666666667
1378652075,4,10399.998544,194.13330615466666,1.8666666666666665,1.6703488E7,201326.4,0.0,12.333333333333332,4.866666666666666,0.06666666666666667
1378652375,4,10399.998544,192.399973064,1.85,1.6703488E7,234880.8,0.0,12.600000000000001,4.733333333333333,0.06666666666666667
1378652675,4,10399.998544,204.53330469866665,1.9666666666666666,1.6703488E7,201326.4,0.0,13.666666666666666,4.8,0.13333333333333333
1378652975,4,10399.998544,218.399969424,2.1,1.6703488E7,89478.4,0.0,18.266666666666666,4.8,0.06666666666666667
1378653275,4,10399.998544,197.59997233599998,1.9,1.6703488E7,190141.6,0.0,12.933333333333334,4.8,0.06666666666666667
1378653575,4,10399.998544,194.13330615466666,1.8666666666666665,1.6703488E7,190141.6,0.0,12.600000000000001,4.733333333333333,0.06666666666666667
1378653875,4,10399.998544,197.59997233599998,1.9,1.6703488E7,246065.6,0.0,12.8,4.733333333333333,0.06666666666666667
1378654175,4,10399.998544,195.86663924533335,1.8833333333333335,1.6703488E7,223696.0,0.0,12.466666666666667,4.933333333333334,0.06666666666666667
1378654475,4,10399.998544,195.86663924533335,1.8833333333333335,1.6703488E7,301989.6,0.0,13.0,4.8,0.06666666666666667
1378654775,4,10399.998544,199.33330542666667,1.9166666666666665,1.6703488E7,234880.8,0.0,12.6,4.866666666666666,0.06666666666666667
1378655075,4,10399.998544,195.86663924533335,1.8833333333333335,1.6703488E7,145402.4,0.0,12.466666666666667,4.866666666666666,0.06666666666666667
1378655375,4,10399.998544,199.33330542666667,1.9166666666666665,1.6703488E7,167772.0,0.0,12.733333333333334,4.866666666666666,0.06666666666666667
1378655675,4,10399.998544,192.399973064,1.85,1.6703488E7,201326.4,0.0,12.533333333333333,4.866666666666666,0.06666666666666667
1378655975,4,10399.998544,192.399973064,1.85,1.6703488E7,55924.0,0.0,12.6,4.733333333333333,0.06666666666666667
1378656275,4,10399.998544,204.53330469866665,1.9666666666666666,1.6703488E7,234880.8,0.0,14.066666666666666,4.933333333333334,0.2
1378656575,4,10399.998544,218.399969424,2.1,1.6703488E7,290804.8,0.0,18.066666666666666,5.0,0.06666666666666667
1378656875,4,10399.998544,197.59997233599998,1.9,1.6703488E7,279620.0,0.0,12.533333333333333,4.933333333333334,0.06666666666666667
1378657175,4,10399.998544,199.33330542666667,1.9166666666666665,1.6703488E7,167772.0,0.0,12.4,4.933333333333334,0.06666666666666667
1378657475,4,10399.998544,194.13330615466666,1.8666666666666665,1.6703488E7,178956.8,0.0,12.666666666666668,4.866666666666666,0.06666666666666667
1378657775,4,10399.998544,194.13330615466666,1.8666666666666665,1.6703488E7,167772.0,0.0,12.4,4.733333333333333,0.06666666666666667
1378658076,4,10399.998544,197.59997233599998,1.9,1.6703488E7,33554.4,0.0,12.933333333333334,4.733333333333333,0.06666666666666667
1378658376,4,10399.998544,199.33330542666667,1.9166666666666665,1.6703488E7,134217.6,0.0,12.666666666666668,4.866666666666666,0.06666666666666667
1378658676,4,10399.998544,194.13330615466666,1.8666666666666665,1.6703488E7,201326.4,0.0,12.600000000000001,4.733333333333333,0.06666666666666667
1378658976,4,10399.998544,194.13330615466666,1.8666666666666665,1.6703488E7,257250.4,0.0,12.533333333333333,4.866666666666666,0.06666666666666667
1378659276,4,10399.998544,195.86663924533335,1.8833333333333335,1.6703488E7,257250.4,0.0,12.733333333333334,4.866666666666666,0.06666666666666667
1378659576,4,10399.998544,197.59997233599998,1.9,1.6703488E7,268435.2,0.0,12.600000000000001,4.8,0.06666666666666667
1378659876,4,10399.998544,207.99997088,2.0,1.6703488E7,246065.6,0.0,13.6,4.866666666666666,0.13333333333333333
1378660176,4,10399.998544,225.33330178666662,2.1666666666666665,1.6703488E7,436207.2,0.0,18.133333333333333,4.8,0.06666666666666667
1378660476,4,10399.998544,197.59997233599998,1.9,1.6703488E7,234880.8,0.0,12.466666666666667,4.666666666666667,0.06666666666666667
1378660776,4,10399.998544,199.33330542666667,1.9166666666666665,1.6703488E7,201326.4,0.0,12.600000000000001,4.8,0.06666666666666667
1378661076,4,10399.998544,195.86663924533335,1.8833333333333335,1.6703488E7,167772.0,0.0,12.466666666666667,4.733333333333333,0.06666666666666667
1378661376,4,10399.998544,192.399973064,1.85,1.6703488E7,67108.8,0.0,12.8,4.8,0.06666666666666667
1378661676,4,10399.998544,199.33330542666667,1.9166666666666665,1.6703488E7,78293.6,0.0,12.533333333333333,4.8,0.06666666666666667
1378661976,4,10399.998544,194.13330615466666,1.8666666666666665,1.6703488E7,246065.6,0.0,12.600000000000001,4.8,0.06666666666666667
1378662276,4,10399.998544,192.399973064,1.85,1.6703488E7,268435.2,0.0,12.333333333333332,4.733333333333333,0.06666666666666667
1378662576,4,10399.998544,194.13330615466666,1.8666666666666665,1.6703488E7,134217.6,0.0,12.4,4.8,0.06666666666666667
1378662876,4,10399.998544,194.13330615466666,1.8666666666666665,1.6703488E7,67108.8,0.0,12.733333333333334,4.666666666666667,0.06666666666666667
1378663176,4,10399.998544,192.399973064,1.85,1.6703488E7,178956.8,0.0,12.2,4.6,0.06666666666666667
1378663476,4,10399.998544,204.53330469866665,1.9666666666666666,1.6703488E7,212511.2,0.0,13.666666666666668,4.733333333333333,0.13333333333333333
1378663776,4,10399.998544,220.1333025146667,2.1166666666666667,1.6703488E7,257250.4,0.0,18.133333333333333,4.733333333333333,0.06666666666666667
1378664076,4,10399.998544,192.399973064,1.85,1.6703488E7,234880.8,0.0,12.6,4.733333333333333,0.06666666666666667
1378664376,4,10399.998544,197.59997233599998,1.9,1.6703488E7,156587.2,0.0,12.533333333333333,4.733333333333333,0.06666666666666667
1378664676,4,10399.998544,192.399973064,1.85,1.6703488E7,167772.0,0.0,12.600000000000001,4.733333333333333,0.06666666666666667
1378664976,4,10399.998544,192.399973064,1.85,1.6703488E7,178956.8,0.0,12.8,4.666666666666667,0.06666666666666667
1378665276,4,10399.998544,201.06663851733333,1.9333333333333333,1.6703488E7,0.0,0.0,12.866666666666667,4.8,0.06666666666666667
1378665576,4,10399.998544,195.86663924533335,1.8833333333333335,1.6703488E7,167772.0,0.0,12.333333333333332,4.733333333333333,0.06666666666666667
1378665876,4,10399.998544,195.86663924533335,1.8833333333333335,1.6703488E7,357913.6,0.0,12.600000000000001,4.6,0.06666666666666667
1378666176,4,10399.998544,190.66663997333336,1.8333333333333335,1.6703488E7,223696.0,0.0,12.4,4.666666666666667,0.06666666666666667
1378666476,4,10399.998544,197.59997233599998,1.9,1.6703488E7,458576.8,0.0,12.6,4.733333333333333,0.06666666666666667
1378666776,4,10399.998544,190.66663997333336,1.8333333333333335,1.6703488E7,257250.4,0.0,12.4,4.733333333333333,0.06666666666666667
1378667076,4,10399.998544,202.79997160799996,1.95,1.6703488E7,357913.6,0.0,14.266666666666667,4.8,0.13333333333333333
1378667377,4,10399.998544,218.399969424,2.1,1.6703488E7,391468.0,0.0,17.933333333333334,4.733333333333333,0.06666666666666667
1378667677,4,10399.998544,194.13330615466666,1.8666666666666665,1.6703488E7,324359.2,0.0,13.0,4.6,0.06666666666666667
1378667976,4,10399.998544,197.59997233599998,1.9,1.6703488E7,134217.6,0.0,12.733333333333334,4.733333333333333,0.06666666666666667
1378668276,4,10399.998544,195.86663924533335,1.8833333333333335,1.6703488E7,145402.4,0.0,12.600000000000001,4.533333333333333,0.06666666666666667
1378668576,4,10399.998544,199.33330542666667,1.9166666666666665,1.6703488E7,89478.4,0.0,12.600000000000001,4.8,0.06666666666666667
1378668876,4,10399.998544,201.06663851733333,1.9333333333333333,1.6703488E7,145402.4,0.0,12.666666666666666,4.733333333333333,0.06666666666666667
1378669176,4,10399.998544,195.86663924533335,1.8833333333333335,1.6703488E7,257250.4,0.0,12.466666666666667,4.6,0.06666666666666667
1378669476,4,10399.998544,197.59997233599998,1.9,1.6703488E7,313174.4,0.0,12.666666666666668,4.733333333333333,0.06666666666666667
1378669776,4,10399.998544,195.86663924533335,1.8833333333333335,1.6703488E7,167772.0,0.0,12.333333333333332,4.733333333333333,0.06666666666666667
1378670076,4,10399.998544,195.86663924533335,1.8833333333333335,1.6703488E7,167772.0,0.0,12.933333333333334,4.733333333333333,0.06666666666666667
1378670376,4,10399.998544,197.59997233599998,1.9,1.6703488E7,11184.8,0.0,12.533333333333333,4.733333333333333,0.06666666666666667
1378670676,4,10399.998544,202.79997160799996,1.95,1.6703488E7,223696.0,0.0,13.466666666666667,4.8,0.13333333333333333
1378670976,4,10399.998544,218.399969424,2.1,1.6703488E7,357913.6,0.0,18.333333333333336,4.8,0.13333333333333333
1378671276,4,10399.998544,197.59997233599998,1.9,1.6703488E7,447392.0,0.0,12.8,4.866666666666666,0.0
1378671576,4,10399.998544,199.33330542666667,1.9166666666666665,1.6703488E7,156587.2,0.0,12.333333333333332,4.733333333333333,0.06666666666666667
1378671876,4,10399.998544,195.86663924533335,1.8833333333333335,1.6703488E7,67108.8,0.0,12.466666666666667,4.733333333333333,0.06666666666666667
1378672176,4,10399.998544,199.33330542666667,1.9166666666666665,1.6703488E7,167772.0,0.0,12.399999999999999,4.866666666666666,0.0
1378672477,4,10399.998544,197.59997233599998,1.9,1.6703488E7,301989.6,0.0,13.066666666666666,4.733333333333333,0.0
1378672777,4,10399.998544,199.33330542666667,1.9166666666666665,1.6703488E7,156587.2,0.0,12.600000000000001,4.8,0.06666666666666667
1378673077,4,10399.998544,197.59997233599998,1.9,1.6703488E7,55924.0,0.0,12.533333333333333,4.733333333333333,0.0
1378673377,4,10399.998544,201.06663851733333,1.9333333333333333,1.6703488E7,100663.2,0.0,12.466666666666667,4.733333333333333,0.06666666666666667
1378673677,4,10399.998544,199.33330542666667,1.9166666666666665,1.6703488E7,134217.6,0.0,12.8,4.733333333333333,0.06666666666666667
1378673977,4,10399.998544,195.86663924533335,1.8833333333333335,1.6703488E7,156587.2,0.0,12.600000000000001,4.666666666666667,0.0
1378674277,4,10399.998544,204.53330469866665,1.9666666666666666,1.6703488E7,67108.8,0.0,13.733333333333333,5.0,0.13333333333333333
1378674577,4,10399.998544,220.1333025146667,2.1166666666666667,1.6703488E7,234880.8,0.0,18.333333333333336,4.866666666666666,0.0
1378674877,4,10399.998544,199.33330542666667,1.9166666666666665,1.6703488E7,324359.2,0.0,12.733333333333334,4.8,0.0
1378675177,4,10399.998544,197.59997233599998,1.9,1.6703488E7,123032.8,0.0,12.466666666666667,4.666666666666667,0.0
1378675477,4,10399.998544,197.59997233599998,1.9,1.6703488E7,212511.2,0.0,12.600000000000001,4.6,0.06666666666666667
1378675777,4,10399.998544,197.59997233599998,1.9,1.6703488E7,190141.6,0.0,12.533333333333333,4.866666666666666,0.0
1378676077,4,10399.998544,201.06663851733333,1.9333333333333333,1.6703488E7,190141.6,0.0,13.2,4.733333333333333,0.0
1378676377,4,10399.998544,199.33330542666667,1.9166666666666665,1.6703488E7,301989.6,0.0,12.866666666666667,4.8,0.06666666666666667
1378676677,4,10399.998544,197.59997233599998,1.9,1.6703488E7,190141.6,0.0,12.533333333333335,4.8,0.06666666666666667
1378676977,4,10399.998544,197.59997233599998,1.9,1.6703488E7,156587.2,0.0,12.4,4.866666666666666,0.06666666666666667
1378677277,4,10399.998544,199.33330542666667,1.9166666666666665,1.6703488E7,123032.8,0.0,13.933333333333334,4.8,0.06666666666666667
1378677577,4,10399.998544,192.399973064,1.85,1.6703488E7,44739.2,0.0,12.533333333333333,4.733333333333333,0.0
1378677877,4,10399.998544,207.99997088,2.0,1.6703488E7,100663.2,0.0,14.2,4.8,0.13333333333333333
1378678177,4,10399.998544,218.399969424,2.1,1.6703488E7,223696.0,0.0,18.333333333333332,4.733333333333333,0.06666666666666667
1378678477,4,10399.998544,195.86663924533335,1.8833333333333335,1.6703488E7,234880.8,0.0,12.8,4.666666666666667,0.0
1378678777,4,10399.998544,190.66663997333336,1.8333333333333335,1.6703488E7,257250.4,0.0,12.466666666666667,4.733333333333333,0.0
1378679077,4,10399.998544,195.86663924533335,1.8833333333333335,1.6703488E7,201326.4,0.0,12.600000000000001,4.733333333333333,0.0
1378679377,4,10399.998544,192.399973064,1.85,1.6703488E7,223696.0,0.0,12.466666666666667,4.8,0.0
1378679677,4,10399.998544,201.06663851733333,1.9333333333333333,1.6703488E7,156587.2,0.0,13.2,4.666666666666667,0.0
1378679977,4,10399.998544,197.59997233599998,1.9,1.6703488E7,201326.4,0.0,12.600000000000001,4.733333333333333,0.06666666666666667
1378680277,4,10399.998544,230.5333010586667,2.216666666666667,1.6703488E7,246065.6,0.0,32.06666666666666,5.933333333333334,1.2
1378680577,4,10399.998544,194.13330615466666,1.8666666666666665,1.6703488E7,469761.6,0.0,12.333333333333332,4.733333333333333,0.0
1378680877,4,10399.998544,194.13330615466666,1.8666666666666665,1.6703488E7,100663.2,0.0,12.733333333333334,4.666666666666667,0.0
1378681178,4,10399.998544,195.86663924533335,1.8833333333333335,1.6703488E7,123032.8,0.0,12.333333333333332,4.733333333333333,0.0
1378681478,4,10399.998544,204.53330469866665,1.9666666666666666,1.6703488E7,290804.8,0.0,13.6,4.733333333333333,0.0
1378681778,4,10399.998544,221.86663560533333,2.1333333333333333,1.6703488E7,167772.0,0.0,18.066666666666666,4.8,0.06666666666666667
1378682078,4,10399.998544,202.79997160799996,1.95,1.6703488E7,201326.4,0.0,12.733333333333334,4.8,0.0
1378682378,4,10399.998544,202.79997160799996,1.95,1.6703488E7,33554.4,0.0,12.866666666666667,4.8,0.0
1378682678,4,10399.998544,192.399973064,1.85,1.6703488E7,167772.0,0.0,12.533333333333335,4.666666666666667,0.0
1378682978,4,10399.998544,195.86663924533335,1.8833333333333335,1.6703488E7,67108.8,0.0,12.266666666666666,4.733333333333333,0.0
1378683278,4,10399.998544,195.86663924533335,1.8833333333333335,1.6703488E7,156587.2,0.0,13.133333333333333,4.733333333333333,0.0
1378683578,4,10399.998544,199.33330542666667,1.9166666666666665,1.6703488E7,268435.2,0.0,12.533333333333333,4.8,0.0
1378683878,4,10399.998544,197.59997233599998,1.9,1.6703488E7,100663.2,0.0,12.8,4.733333333333333,0.0
1378684178,4,10399.998544,192.399973064,1.85,1.6703488E7,123032.8,0.0,12.466666666666667,4.8,0.06666666666666667
1378684478,4,10399.998544,197.59997233599998,1.9,1.6703488E7,257250.4,0.0,12.533333333333333,4.866666666666666,0.0
1378684778,4,10399.998544,195.86663924533335,1.8833333333333335,1.6703488E7,89478.4,0.0,12.533333333333333,4.8,0.06666666666666667
1378685078,4,10399.998544,218.399969424,2.1,1.6703488E7,279620.0,0.0,18.733333333333334,4.933333333333334,0.2
1378685378,4,10399.998544,218.399969424,2.1,1.6703488E7,369098.4,0.0,18.133333333333333,4.8,0.0
1378685678,4,10399.998544,192.399973064,1.85,1.6703488E7,201326.4,0.0,12.600000000000001,4.866666666666666,0.06666666666666667
1378685978,4,10399.998544,192.399973064,1.85,1.6703488E7,436207.2,0.0,12.466666666666667,4.8,0.0
1378686278,4,10399.998544,199.33330542666667,1.9166666666666665,1.6703488E7,268435.2,0.0,12.933333333333334,4.8,0.06666666666666667
1378686578,4,10399.998544,190.66663997333336,1.8333333333333335,1.6703488E7,246065.6,0.0,12.733333333333334,4.8,0.0
1378686878,4,10399.998544,192.399973064,1.85,1.6703488E7,167772.0,0.0,12.8,4.8,0.0
1378687178,4,10399.998544,194.13330615466666,1.8666666666666665,1.6703488E7,212511.2,0.0,12.533333333333335,4.8,0.0
1378687478,4,10399.998544,194.13330615466666,1.8666666666666665,1.6703488E7,100663.2,0.0,12.666666666666666,4.8,0.0
1378687778,4,10399.998544,195.86663924533335,1.8833333333333335,1.6703488E7,201326.4,0.0,12.333333333333332,4.666666666666667,0.0
1378688078,4,10399.998544,195.86663924533335,1.8833333333333335,1.6703488E7,234880.8,0.0,12.733333333333334,4.8,0.0
1378688378,4,10399.998544,194.13330615466666,1.8666666666666665,1.6703488E7,0.0,0.0,12.333333333333332,4.8,0.0
1378688678,4,10399.998544,202.79997160799996,1.95,1.6703488E7,100663.2,0.0,14.266666666666666,4.8,0.13333333333333333
1378688978,4,10399.998544,228.79996796800003,2.2,1.6703488E7,178956.8,0.0,77.86666666666666,19.933333333333334,0.26666666666666666
1378689278,4,10399.998544,195.86663924533335,1.8833333333333335,1.6703488E7,167772.0,0.0,12.399999999999999,4.8,0.06666666666666667
1378689578,4,10399.998544,199.33330542666667,1.9166666666666665,1.6703488E7,246065.6,0.0,12.866666666666667,4.8,0.0
1378689878,4,10399.998544,195.86663924533335,1.8833333333333335,1.6703488E7,145402.4,0.0,12.533333333333335,4.866666666666666,0.0
1378690178,4,10399.998544,201.06663851733333,1.9333333333333333,1.6703488E7,67108.8,0.0,12.600000000000001,4.933333333333334,0.0
1378690478,4,10399.998544,195.86663924533335,1.8833333333333335,1.6703488E7,223696.0,0.0,13.0,4.8,0.0
1378690778,4,10399.998544,199.33330542666667,1.9166666666666665,1.6703488E7,313174.4,0.0,12.333333333333332,4.8,0.0
1378691079,4,10399.998544,194.13330615466666,1.8666666666666665,1.6703488E7,190141.6,0.0,12.8,4.733333333333333,0.0
1378691379,4,10399.998544,197.59997233599998,1.9,1.6703488E7,123032.8,0.0,12.399999999999999,4.733333333333333,0.0
1378691679,4,10399.998544,195.86663924533335,1.8833333333333335,1.6703488E7,145402.4,0.0,12.533333333333333,4.733333333333333,0.0
1378691979,4,10399.998544,195.86663924533335,1.8833333333333335,1.6703488E7,190141.6,0.0,12.466666666666667,4.8,0.0
1378692279,4,10399.998544,370.9332814026667,3.566666666666667,1.6703488E7,190141.6,0.0,16.266666666666666,6.4,0.8666666666666667
1378692579,4,10399.998544,230.5333010586667,2.216666666666667,1.6703488E7,246065.6,0.0,78.93333333333334,19.866666666666667,0.3333333333333333
1378692879,4,10399.998544,230.5333010586667,2.216666666666667,1.6703488E7,425022.4,0.0,26.733333333333334,11.733333333333333,0.26666666666666666
1378693179,4,10399.998544,194.13330615466666,1.8666666666666665,1.6703488E7,335544.0,0.0,12.666666666666668,4.8,0.06666666666666667
1378693479,4,10399.998544,202.79997160799996,1.95,1.6703488E7,134217.6,0.0,12.6,4.8,0.06666666666666667
1378693779,4,10399.998544,204.53330469866665,1.9666666666666666,1.6703488E7,89478.4,0.0,12.866666666666667,4.866666666666666,0.06666666666666667
1378694079,4,10399.998544,197.59997233599998,1.9,1.6703488E7,167772.0,0.0,12.933333333333334,4.733333333333333,0.06666666666666667
1378694379,4,10399.998544,192.399973064,1.85,1.6703488E7,145402.4,0.0,12.8,4.866666666666666,0.06666666666666667
1378694679,4,10399.998544,194.13330615466666,1.8666666666666665,1.6703488E7,44739.2,0.0,13.0,4.866666666666666,0.06666666666666667
1378694979,4,10399.998544,194.13330615466666,1.8666666666666665,1.6703488E7,134217.6,0.0,12.266666666666666,4.866666666666666,0.06666666666666667
1378695279,4,10399.998544,197.59997233599998,1.9,1.6703488E7,178956.8,0.0,12.8,4.866666666666666,0.06666666666666667
1378695579,4,10399.998544,199.33330542666667,1.9166666666666665,1.6703488E7,201326.4,0.0,12.466666666666667,4.866666666666666,0.06666666666666667
1378695879,4,10399.998544,202.79997160799996,1.95,1.6703488E7,123032.8,0.0,13.799999999999999,4.866666666666666,0.13333333333333333
1378696179,4,10399.998544,214.93330324266663,2.0666666666666664,1.6703488E7,123032.8,0.0,18.266666666666666,4.8,0.13333333333333333
1378696479,4,10399.998544,192.399973064,1.85,1.6703488E7,123032.8,0.0,12.733333333333334,4.733333333333333,0.06666666666666667
1378696779,4,10399.998544,197.59997233599998,1.9,1.6703488E7,178956.8,0.0,12.600000000000001,4.8,0.06666666666666667
1378697079,4,10399.998544,194.13330615466666,1.8666666666666665,1.6703488E7,290804.8,0.0,12.733333333333334,4.866666666666666,0.06666666666666667
1378697379,4,10399.998544,197.59997233599998,1.9,1.6703488E7,178956.8,0.0,12.666666666666666,4.733333333333333,0.06666666666666667
1378697679,4,10399.998544,197.59997233599998,1.9,1.6703488E7,290804.8,0.0,13.266666666666666,4.866666666666666,0.06666666666666667
1378697979,4,10399.998544,195.86663924533335,1.8833333333333335,1.6703488E7,167772.0,0.0,12.466666666666667,4.866666666666666,0.06666666666666667
1378698279,4,10399.998544,192.399973064,1.85,1.6703488E7,134217.6,0.0,12.8,4.866666666666666,0.06666666666666667
1378698579,4,10399.998544,195.86663924533335,1.8833333333333335,1.6703488E7,212511.2,0.0,12.666666666666668,4.733333333333333,0.06666666666666667
1378698879,4,10399.998544,197.59997233599998,1.9,1.6703488E7,369098.4,0.0,12.466666666666667,4.733333333333333,0.06666666666666667
1378699180,4,10399.998544,194.13330615466666,1.8666666666666665,1.6703488E7,290804.8,0.0,12.533333333333333,5.0,0.06666666666666667
1378699480,4,10399.998544,201.06663851733333,1.9333333333333333,1.6703488E7,134217.6,0.0,14.2,4.933333333333334,0.2
1378699780,4,10399.998544,221.86663560533333,2.1333333333333333,1.6703488E7,156587.2,0.0,18.133333333333333,5.0,0.13333333333333333
1378700080,4,10399.998544,192.399973064,1.85,1.6703488E7,201326.4,0.0,12.333333333333332,4.8,0.06666666666666667
1378700380,4,10399.998544,195.86663924533335,1.8833333333333335,1.6703488E7,156587.2,0.0,12.466666666666667,4.8,0.06666666666666667
1378700679,4,10399.998544,197.59997233599998,1.9,1.6703488E7,156587.2,0.0,12.600000000000001,4.8,0.06666666666666667
1378700979,4,10399.998544,201.06663851733333,1.9333333333333333,1.6703488E7,268435.2,0.0,12.6,4.866666666666666,0.06666666666666667
1378701279,4,10399.998544,199.33330542666667,1.9166666666666665,1.6703488E7,369098.4,0.0,13.0,4.866666666666666,0.06666666666666667
1378701579,4,10399.998544,192.399973064,1.85,1.6703488E7,201326.4,0.0,12.600000000000001,4.866666666666666,0.06666666666666667
1378701879,4,10399.998544,194.13330615466666,1.8666666666666665,1.6703488E7,279620.0,0.0,12.4,4.8,0.06666666666666667
1378702179,4,10399.998544,197.59997233599998,1.9,1.6703488E7,357913.6,0.0,12.6,4.866666666666666,0.06666666666666667
1378702479,4,10399.998544,194.13330615466666,1.8666666666666665,1.6703488E7,167772.0,0.0,12.8,4.866666666666666,0.06666666666666667
1378702779,4,10399.998544,190.66663997333336,1.8333333333333335,1.6703488E7,201326.4,0.0,12.333333333333334,4.866666666666666,0.06666666666666667
1378703079,4,10399.998544,202.79997160799996,1.95,1.6703488E7,290804.8,0.0,13.8,4.866666666666666,0.13333333333333333
1378703379,4,10399.998544,220.1333025146667,2.1166666666666667,1.6703488E7,313174.4,0.0,18.266666666666666,4.933333333333334,0.13333333333333333
1378703680,4,10399.998544,197.59997233599998,1.9,1.6703488E7,268435.2,0.0,12.933333333333334,4.933333333333334,0.06666666666666667
1378703980,4,10399.998544,192.399973064,1.85,1.6703488E7,212511.2,0.0,12.266666666666666,4.933333333333334,0.06666666666666667
1378704280,4,10399.998544,194.13330615466666,1.8666666666666665,1.6703488E7,246065.6,0.0,12.600000000000001,4.933333333333334,0.06666666666666667
1378704580,4,10399.998544,195.86663924533335,1.8833333333333335,1.6703488E7,100663.2,0.0,12.533333333333333,4.733333333333333,0.06666666666666667
1378704880,4,10399.998544,204.53330469866665,1.9666666666666666,1.6703488E7,100663.2,0.0,13.333333333333332,4.8,0.06666666666666667
1378705180,4,10399.998544,204.53330469866665,1.9666666666666666,1.6703488E7,156587.2,0.0,12.399999999999999,4.933333333333334,0.06666666666666667
1378705480,4,10399.998544,195.86663924533335,1.8833333333333335,1.6703488E7,167772.0,0.0,12.399999999999999,4.8,0.06666666666666667
1378705780,4,10399.998544,199.33330542666667,1.9166666666666665,1.6703488E7,33554.4,0.0,12.333333333333332,4.733333333333333,0.06666666666666667
1378706080,4,10399.998544,202.79997160799996,1.95,1.6703488E7,67108.8,0.0,12.4,4.733333333333333,0.06666666666666667
1378706380,4,10399.998544,206.26663778933332,1.9833333333333334,1.6703488E7,167772.0,0.0,12.600000000000001,4.733333333333333,0.06666666666666667
1378706680,4,10399.998544,209.73330397066667,2.0166666666666666,1.6703488E7,134217.6,0.0,13.6,4.733333333333333,0.06666666666666667
1378706980,4,10399.998544,223.599968696,2.15,1.6703488E7,234880.8,0.0,18.2,4.8,0.06666666666666667
1378707280,4,10399.998544,199.33330542666667,1.9166666666666665,1.6703488E7,301989.6,0.0,12.733333333333334,4.733333333333333,0.06666666666666667
1378707580,4,10399.998544,197.59997233599998,1.9,1.6703488E7,167772.0,0.0,12.4,4.8,0.06666666666666667
1378707880,4,10399.998544,204.53330469866665,1.9666666666666666,1.6703488E7,134217.6,0.0,12.666666666666666,4.666666666666667,0.06666666666666667
1378708180,4,10399.998544,201.06663851733333,1.9333333333333333,1.6703488E7,246065.6,0.0,12.466666666666667,4.733333333333333,0.06666666666666667
1378708480,4,10399.998544,197.59997233599998,1.9,1.6703488E7,201326.4,0.0,13.133333333333333,4.666666666666667,0.06666666666666667
1378708780,4,10399.998544,204.53330469866665,1.9666666666666666,1.6703488E7,167772.0,0.0,12.600000000000001,4.8,0.06666666666666667
1378709080,4,10399.998544,207.99997088,2.0,1.6703488E7,201326.4,0.0,12.600000000000001,4.733333333333333,0.06666666666666667
1378709380,4,10399.998544,204.53330469866665,1.9666666666666666,1.6703488E7,201326.4,0.0,12.466666666666667,4.733333333333333,0.06666666666666667
1378709680,4,10399.998544,199.33330542666667,1.9166666666666665,1.6703488E7,201326.4,0.0,12.8,4.866666666666666,0.06666666666666667
1378709980,4,10399.998544,206.26663778933332,1.9833333333333334,1.6703488E7,89478.4,0.0,12.533333333333333,4.8,0.06666666666666667
1378710280,4,10399.998544,220.1333025146667,2.1166666666666667,1.6703488E7,100663.2,0.0,14.333333333333332,4.733333333333333,0.2
1378710580,4,10399.998544,223.599968696,2.15,1.6703488E7,301989.6,0.0,18.2,4.8,0.13333333333333333
1378710880,4,10399.998544,201.06663851733333,1.9333333333333333,1.6703488E7,548055.2,0.0,12.733333333333334,4.733333333333333,0.06666666666666667
1378711180,4,10399.998544,202.79997160799996,1.95,1.6703488E7,145402.4,0.0,12.666666666666668,4.8,0.06666666666666667
1378711481,4,10399.998544,201.06663851733333,1.9333333333333333,1.6703488E7,145402.4,0.0,12.533333333333335,4.666666666666667,0.06666666666666667
1378711781,4,10399.998544,195.86663924533335,1.8833333333333335,1.6703488E7,123032.8,0.0,12.6,4.8,0.06666666666666667
1378712081,4,10399.998544,204.53330469866665,1.9666666666666666,1.6703488E7,257250.4,0.0,13.2,4.8,0.06666666666666667
1378712381,4,10399.998544,204.53330469866665,1.9666666666666666,1.6703488E7,301989.6,0.0,12.600000000000001,4.8,0.06666666666666667
1378712681,4,10399.998544,207.99997088,2.0,1.6703488E7,246065.6,0.0,12.466666666666667,4.666666666666667,0.06666666666666667
1378712981,4,10399.998544,201.06663851733333,1.9333333333333333,1.6703488E7,201326.4,0.0,12.733333333333334,4.666666666666667,0.06666666666666667
1378713281,4,10399.998544,199.33330542666667,1.9166666666666665,1.6703488E7,246065.6,0.0,12.733333333333334,4.733333333333333,0.06666666666666667
1378713581,4,10399.998544,201.06663851733333,1.9333333333333333,1.6703488E7,212511.2,0.0,12.666666666666668,4.666666666666667,0.06666666666666667
1378713881,4,10399.998544,206.26663778933332,1.9833333333333334,1.6703488E7,279620.0,0.0,13.666666666666668,4.733333333333333,0.13333333333333333
1378714181,4,10399.998544,227.06663487733334,2.1833333333333336,1.6703488E7,357913.6,0.0,18.200000000000003,4.8,0.13333333333333333
1378714481,4,10399.998544,201.06663851733333,1.9333333333333333,1.6703488E7,458576.8,0.0,12.533333333333333,4.8,0.06666666666666667
1378714781,4,10399.998544,195.86663924533335,1.8833333333333335,1.6703488E7,402652.8,0.0,12.466666666666667,4.733333333333333,0.06666666666666667
1378715081,4,10399.998544,202.79997160799996,1.95,1.6703488E7,178956.8,0.0,12.4,4.666666666666667,0.06666666666666667
1378715381,4,10399.998544,195.86663924533335,1.8833333333333335,1.6703488E7,44739.2,0.0,12.600000000000001,4.666666666666667,0.06666666666666667
1378715681,4,10399.998544,202.79997160799996,1.95,1.6703488E7,346728.8,0.0,12.666666666666666,4.866666666666666,0.06666666666666667
1378715981,4,10399.998544,207.99997088,2.0,1.6703488E7,335544.0,0.0,12.8,4.933333333333334,0.06666666666666667
1378716281,4,10399.998544,207.99997088,2.0,1.6703488E7,234880.8,0.0,12.399999999999999,4.8,0.06666666666666667
1378716581,4,10399.998544,201.06663851733333,1.9333333333333333,1.6703488E7,156587.2,0.0,12.733333333333334,4.866666666666666,0.06666666666666667
1378716881,4,10399.998544,201.06663851733333,1.9333333333333333,1.6703488E7,134217.6,0.0,12.533333333333333,4.866666666666666,0.06666666666666667
1378717181,4,10399.998544,201.06663851733333,1.9333333333333333,1.6703488E7,134217.6,0.0,12.8,4.866666666666666,0.06666666666666667
1378717481,4,10399.998544,206.26663778933332,1.9833333333333334,1.6703488E7,178956.8,0.0,14.066666666666666,4.933333333333334,0.13333333333333333
1378717782,4,10399.998544,221.86663560533333,2.1333333333333333,1.6703488E7,313174.4,0.0,18.266666666666666,5.0,0.13333333333333333
1378718082,4,10399.998544,204.53330469866665,1.9666666666666666,1.6703488E7,290804.8,0.0,12.866666666666667,4.866666666666666,0.06666666666666667
1378718382,4,10399.998544,206.26663778933332,1.9833333333333334,1.6703488E7,67108.8,0.0,12.399999999999999,4.8,0.06666666666666667
1378718682,4,10399.998544,223.599968696,2.15,1.6703488E7,190141.6,0.0,17.4,4.8,0.06666666666666667
1378718982,4,10399.998544,199.33330542666667,1.9166666666666665,1.6703488E7,257250.4,0.0,12.466666666666667,4.866666666666666,0.06666666666666667
1378719282,4,10399.998544,201.06663851733333,1.9333333333333333,1.6703488E7,167772.0,0.0,12.933333333333334,4.866666666666666,0.06666666666666667
1378719582,4,10399.998544,207.99997088,2.0,1.6703488E7,123032.8,0.0,12.866666666666667,4.933333333333334,0.06666666666666667
1378719882,4,10399.998544,206.26663778933332,1.9833333333333334,1.6703488E7,22369.6,0.0,12.600000000000001,4.933333333333334,0.06666666666666667
1378720182,4,10399.998544,207.99997088,2.0,1.6703488E7,156587.2,0.0,13.0,4.933333333333334,0.06666666666666667
1378720482,4,10399.998544,209.73330397066667,2.0166666666666666,1.6703488E7,301989.6,0.0,12.866666666666667,4.933333333333334,0.06666666666666667
1378720782,4,10399.998544,206.26663778933332,1.9833333333333334,1.6703488E7,246065.6,0.0,13.2,4.866666666666666,0.06666666666666667
1378721082,4,10399.998544,211.4666370613333,2.033333333333333,1.6703488E7,167772.0,0.0,14.733333333333333,5.0,0.13333333333333333
1378721382,4,10399.998544,223.599968696,2.15,1.6703488E7,223696.0,0.0,18.46666666666667,5.0,0.06666666666666667
1378721682,4,10399.998544,209.73330397066667,2.0166666666666666,1.6703488E7,313174.4,0.0,13.066666666666666,4.8,0.06666666666666667
1378721982,4,10399.998544,209.73330397066667,2.0166666666666666,1.6703488E7,123032.8,0.0,12.600000000000001,4.933333333333334,0.06666666666666667
1378722282,4,10399.998544,202.79997160799996,1.95,1.6703488E7,78293.6,0.0,13.2,4.933333333333334,0.06666666666666667
1378722582,4,10399.998544,201.06663851733333,1.9333333333333333,1.6703488E7,156587.2,0.0,12.866666666666667,4.866666666666666,0.06666666666666667
1378722882,4,10399.998544,206.26663778933332,1.9833333333333334,1.6703488E7,111848.0,0.0,13.266666666666666,4.866666666666666,0.06666666666666667
1378723182,4,10399.998544,206.26663778933332,1.9833333333333334,1.6703488E7,100663.2,0.0,12.933333333333334,4.933333333333334,0.06666666666666667
1378723482,4,10399.998544,206.26663778933332,1.9833333333333334,1.6703488E7,145402.4,0.0,12.733333333333334,4.933333333333334,0.06666666666666667
1378723782,4,10399.998544,206.26663778933332,1.9833333333333334,1.6703488E7,201326.4,0.0,13.066666666666666,4.866666666666666,0.06666666666666667
1378724082,4,10399.998544,206.26663778933332,1.9833333333333334,1.6703488E7,167772.0,0.0,12.933333333333334,4.866666666666666,0.06666666666666667
1378724382,4,10399.998544,202.79997160799996,1.95,1.6703488E7,123032.8,0.0,12.733333333333334,5.0,0.06666666666666667
1378724682,4,10399.998544,207.99997088,2.0,1.6703488E7,223696.0,0.0,14.066666666666666,5.0,0.13333333333333333
1378724982,4,10399.998544,227.06663487733334,2.1833333333333336,1.6703488E7,380283.2,0.0,18.333333333333332,4.933333333333334,0.06666666666666667
1378725282,4,10399.998544,204.53330469866665,1.9666666666666666,1.6703488E7,257250.4,0.0,13.0,4.8,0.06666666666666667
1378725582,4,10399.998544,197.59997233599998,1.9,1.6703488E7,44739.2,0.0,12.866666666666667,4.866666666666666,0.06666666666666667
1378725882,4,10399.998544,201.06663851733333,1.9333333333333333,1.6703488E7,123032.8,0.0,12.933333333333334,4.8,0.06666666666666667
1378726182,4,10399.998544,202.79997160799996,1.95,1.6703488E7,123032.8,0.0,12.933333333333334,4.866666666666666,0.06666666666666667
1378726482,4,10399.998544,204.53330469866665,1.9666666666666666,1.6703488E7,167772.0,0.0,13.466666666666665,4.866666666666666,0.06666666666666667
1378726782,4,10399.998544,202.79997160799996,1.95,1.6703488E7,201326.4,0.0,12.600000000000001,4.8,0.06666666666666667
1378727082,4,10399.998544,204.53330469866665,1.9666666666666666,1.6703488E7,525685.6,0.0,12.933333333333334,4.8,0.06666666666666667
1378727382,4,10399.998544,202.79997160799996,1.95,1.6703488E7,223696.0,0.0,12.666666666666668,4.866666666666666,0.06666666666666667
1378727682,4,10399.998544,207.99997088,2.0,1.6703488E7,55924.0,0.0,12.8,4.8,0.06666666666666667
1378727983,4,10399.998544,213.199970152,2.05,1.6703488E7,279620.0,0.0,12.8,4.866666666666666,0.06666666666666667
1378728283,4,10399.998544,213.199970152,2.05,1.6703488E7,413837.6,0.0,13.933333333333334,4.933333333333334,0.06666666666666667
1378728583,4,10399.998544,230.5333010586667,2.216666666666667,1.6703488E7,335544.0,0.0,18.466666666666665,5.0,0.06666666666666667
1378728883,4,10399.998544,213.199970152,2.05,1.6703488E7,436207.2,0.0,13.0,4.8,0.06666666666666667
1378729183,4,10399.998544,207.99997088,2.0,1.6703488E7,111848.0,0.0,13.0,4.933333333333334,0.06666666666666667
1378729483,4,10399.998544,209.73330397066667,2.0166666666666666,1.6703488E7,134217.6,0.0,13.133333333333333,4.733333333333333,0.06666666666666667
1378729783,4,10399.998544,209.73330397066667,2.0166666666666666,1.6703488E7,212511.2,0.0,12.866666666666667,4.933333333333334,0.06666666666666667
1378730083,4,10399.998544,207.99997088,2.0,1.6703488E7,201326.4,0.0,13.666666666666666,4.933333333333334,0.06666666666666667
1378730383,4,10399.998544,209.73330397066667,2.0166666666666666,1.6703488E7,78293.6,0.0,13.466666666666665,4.933333333333334,0.06666666666666667
1378730683,4,10399.998544,206.26663778933332,1.9833333333333334,1.6703488E7,100663.2,0.0,13.066666666666666,4.866666666666666,0.06666666666666667
1378730983,4,10399.998544,207.99997088,2.0,1.6703488E7,89478.4,0.0,12.866666666666667,5.0,0.06666666666666667
1378731283,4,10399.998544,206.26663778933332,1.9833333333333334,1.6703488E7,234880.8,0.0,13.066666666666666,4.933333333333334,0.06666666666666667
1378731583,4,10399.998544,199.33330542666667,1.9166666666666665,1.6703488E7,100663.2,0.0,12.866666666666667,5.0,0.06666666666666667
1378731883,4,10399.998544,206.26663778933332,1.9833333333333334,1.6703488E7,212511.2,0.0,14.866666666666667,5.133333333333334,0.13333333333333333
1378732183,4,10399.998544,223.599968696,2.15,1.6703488E7,178956.8,0.0,18.666666666666668,4.866666666666666,0.06666666666666667
1378732483,4,10399.998544,204.53330469866665,1.9666666666666666,1.6703488E7,279620.0,0.0,13.266666666666666,4.866666666666666,0.06666666666666667
1378732783,4,10399.998544,202.79997160799996,1.95,1.6703488E7,234880.8,0.0,12.933333333333334,4.933333333333334,0.06666666666666667
1378733083,4,10399.998544,197.59997233599998,1.9,1.6703488E7,100663.2,0.0,13.0,4.866666666666666,0.06666666666666667
1378733383,4,10399.998544,199.33330542666667,1.9166666666666665,1.6703488E7,44739.2,0.0,12.666666666666668,4.866666666666666,0.06666666666666667
1378733683,4,10399.998544,199.33330542666667,1.9166666666666665,1.6703488E7,279620.0,0.0,13.466666666666665,4.8,0.06666666666666667
1378733983,4,10399.998544,204.53330469866665,1.9666666666666666,1.6703488E7,167772.0,0.0,12.933333333333334,4.933333333333334,0.06666666666666667
1378734283,4,10399.998544,1683.0664310373334,16.183333333333334,1.6703488E7,1532317.6,0.0,22.266666666666666,181.2,45.13333333333333
1378734583,4,10399.998544,1655.333101586667,15.916666666666668,1.6703488E7,1677720.0,0.0,22.06666666666667,76.93333333333334,455.6666666666667
1378734883,4,10399.998544,1745.4664223013333,16.78333333333333,1.6703488E7,1700089.6,0.0,22.333333333333332,70.46666666666667,258.73333333333335
1378735183,4,10399.998544,1112.799844208,10.7,1.6703488E7,1677720.0,0.0,19.46666666666667,39.86666666666667,45.06666666666667
1378735483,4,10399.998544,206.26663778933332,1.9833333333333334,1.6703488E7,1084925.6,0.0,14.2,4.866666666666666,0.13333333333333333
1378735783,4,10399.998544,227.06663487733334,2.1833333333333336,1.6703488E7,301989.6,0.0,18.53333333333333,5.0,0.06666666666666667
1378736083,4,10399.998544,221.86663560533333,2.1333333333333333,1.6703488E7,268435.2,0.0,13.933333333333334,8.866666666666667,5.666666666666667
1378736383,4,10399.998544,594.5332500986666,5.716666666666666,1.6703488E7,1912600.8,0.0,15.733333333333333,100.86666666666666,152.33333333333334
1378736683,4,10399.998544,197.59997233599998,1.9,1.6703488E7,659903.2,0.0,12.866666666666667,4.933333333333334,0.06666666666666667
1378736983,4,10399.998544,201.06663851733333,1.9333333333333333,1.6703488E7,324359.2,0.0,13.466666666666665,5.0,0.13333333333333333
1378737283,4,10399.998544,207.99997088,2.0,1.6703488E7,111848.0,0.0,14.133333333333333,5.066666666666666,0.06666666666666667
1378737583,4,10399.998544,202.79997160799996,1.95,1.6703488E7,190141.6,0.0,12.8,4.866666666666666,0.06666666666666667
1378737883,4,10399.998544,202.79997160799996,1.95,1.6703488E7,100663.2,0.0,12.8,4.8,0.06666666666666667
1378738183,4,10399.998544,207.99997088,2.0,1.6703488E7,167772.0,0.0,13.866666666666667,5.133333333333334,0.4
1378738483,4,10399.998544,214.93330324266663,2.0666666666666664,1.6703488E7,178956.8,0.0,12.866666666666667,4.866666666666666,0.06666666666666667
1378738783,4,10399.998544,206.26663778933332,1.9833333333333334,1.6703488E7,167772.0,0.0,12.600000000000001,4.866666666666666,0.06666666666666667
1378739083,4,10399.998544,209.73330397066667,2.0166666666666666,1.6703488E7,223696.0,0.0,14.066666666666666,5.0,0.06666666666666667
1378739383,4,10399.998544,216.66663633333334,2.0833333333333335,1.6703488E7,369098.4,0.0,18.4,5.0,0.13333333333333333
1378739683,4,10399.998544,197.59997233599998,1.9,1.6703488E7,223696.0,0.0,12.933333333333334,4.933333333333334,0.06666666666666667
1378739983,4,10399.998544,192.399973064,1.85,1.6703488E7,100663.2,0.0,13.0,4.933333333333334,0.06666666666666667
1378740283,4,10399.998544,195.86663924533335,1.8833333333333335,1.6703488E7,111848.0,0.0,12.533333333333335,5.0,0.06666666666666667
1378740583,4,10399.998544,192.399973064,1.85,1.6703488E7,234880.8,0.0,12.866666666666667,4.933333333333334,0.0
1378740883,4,10399.998544,194.13330615466666,1.8666666666666665,1.6703488E7,246065.6,0.0,13.0,4.933333333333334,0.06666666666666667
1378741183,4,10399.998544,195.86663924533335,1.8833333333333335,1.6703488E7,134217.6,0.0,13.2,4.933333333333334,0.06666666666666667
1378741483,4,10399.998544,195.86663924533335,1.8833333333333335,1.6703488E7,313174.4,0.0,12.866666666666667,4.933333333333334,0.06666666666666667
1378741783,4,10399.998544,194.13330615466666,1.8666666666666665,1.6703488E7,55924.0,0.0,12.733333333333334,4.8,0.0
1378742084,4,10399.998544,192.399973064,1.85,1.6703488E7,0.0,0.0,12.866666666666667,4.866666666666666,0.06666666666666667
1378742384,4,10399.998544,192.399973064,1.85,1.6703488E7,67108.8,0.0,12.466666666666667,4.8,0.06666666666666667
1378742684,4,10399.998544,201.06663851733333,1.9333333333333333,1.6703488E7,246065.6,0.0,14.4,4.933333333333334,0.2
1378742984,4,10399.998544,214.93330324266663,2.0666666666666664,1.6703488E7,290804.8,0.0,17.6,5.0,0.0
1378743284,4,10399.998544,190.66663997333336,1.8333333333333335,1.6703488E7,212511.2,0.0,12.333333333333332,4.933333333333334,0.0
1378743584,4,10399.998544,194.13330615466666,1.8666666666666665,1.6703488E7,0.0,0.0,12.533333333333333,4.933333333333334,0.0
1378743884,4,10399.998544,192.399973064,1.85,1.6703488E7,111848.0,0.0,12.333333333333332,4.933333333333334,0.0
1378744184,4,10399.998544,194.13330615466666,1.8666666666666665,1.6703488E7,279620.0,0.0,12.6,4.8,0.06666666666666667
1378744484,4,10399.998544,195.86663924533335,1.8833333333333335,1.6703488E7,380283.2,0.0,12.666666666666668,4.866666666666666,0.0
1378744784,4,10399.998544,195.86663924533335,1.8833333333333335,1.6703488E7,257250.4,0.0,12.533333333333333,4.933333333333334,0.0
1378745084,4,10399.998544,192.399973064,1.85,1.6703488E7,134217.6,0.0,12.4,4.866666666666666,0.0
1378745384,4,10399.998544,192.399973064,1.85,1.6703488E7,167772.0,0.0,12.533333333333333,4.866666666666666,0.0
1378745684,4,10399.998544,194.13330615466666,1.8666666666666665,1.6703488E7,67108.8,0.0,12.666666666666668,4.866666666666666,0.0
1378745984,4,10399.998544,192.399973064,1.85,1.6703488E7,167772.0,0.0,12.2,4.8,0.06666666666666667
1378746284,4,10399.998544,209.73330397066667,2.0166666666666666,1.6703488E7,324359.2,0.0,13.866666666666667,4.933333333333334,0.06666666666666667
1378746584,4,10399.998544,216.66663633333334,2.0833333333333335,1.6703488E7,279620.0,0.0,17.8,4.8,0.06666666666666667
1378746884,4,10399.998544,188.93330688266667,1.8166666666666667,1.6703488E7,156587.2,0.0,12.399999999999999,4.933333333333334,0.0
1378747184,4,10399.998544,194.13330615466666,1.8666666666666665,1.6703488E7,201326.4,0.0,12.733333333333334,4.733333333333333,0.06666666666666667
1378747484,4,10399.998544,195.86663924533335,1.8833333333333335,1.6703488E7,100663.2,0.0,12.4,4.8,0.06666666666666667
1378747784,4,10399.998544,197.59997233599998,1.9,1.6703488E7,145402.4,0.0,12.733333333333334,4.8,0.0
1378748084,4,10399.998544,192.399973064,1.85,1.6703488E7,212511.2,0.0,12.666666666666666,4.8,0.06666666666666667
1378748384,4,10399.998544,192.399973064,1.85,1.6703488E7,111848.0,0.0,12.733333333333334,4.866666666666666,0.0
1378748684,4,10399.998544,194.13330615466666,1.8666666666666665,1.6703488E7,145402.4,0.0,12.4,4.933333333333334,0.0
1378748984,4,10399.998544,195.86663924533335,1.8833333333333335,1.6703488E7,279620.0,0.0,12.466666666666667,4.8,0.06666666666666667
1378749284,4,10399.998544,192.399973064,1.85,1.6703488E7,391468.0,0.0,12.466666666666667,4.866666666666666,0.0
1378749584,4,10399.998544,195.86663924533335,1.8833333333333335,1.6703488E7,223696.0,0.0,12.266666666666666,4.866666666666666,0.0
1378749884,4,10399.998544,199.33330542666667,1.9166666666666665,1.6703488E7,178956.8,0.0,13.333333333333332,4.933333333333334,0.0
1378750184,4,10399.998544,214.93330324266663,2.0666666666666664,1.6703488E7,156587.2,0.0,17.933333333333334,4.933333333333334,0.06666666666666667
1378750484,4,10399.998544,197.59997233599998,1.9,1.6703488E7,145402.4,0.0,12.666666666666668,4.8,0.0
1378750784,4,10399.998544,202.79997160799996,1.95,1.6703488E7,212511.2,0.0,12.133333333333333,4.8,0.06666666666666667
1378751084,4,10399.998544,192.399973064,1.85,1.6703488E7,178956.8,0.0,12.6,4.866666666666666,0.06666666666666667
1378751384,4,10399.998544,194.13330615466666,1.8666666666666665,1.6703488E7,55924.0,0.0,12.4,4.866666666666666,0.06666666666666667
1378751684,4,10399.998544,194.13330615466666,1.8666666666666665,1.6703488E7,145402.4,0.0,12.333333333333334,4.866666666666666,0.0
1378751984,4,10399.998544,192.399973064,1.85,1.6703488E7,134217.6,0.0,12.533333333333333,4.8,0.06666666666666667
1378752284,4,10399.998544,195.86663924533335,1.8833333333333335,1.6703488E7,123032.8,0.0,12.466666666666667,4.933333333333334,0.0
1378752585,4,10399.998544,197.59997233599998,1.9,1.6703488E7,134217.6,0.0,12.333333333333332,4.733333333333333,0.06666666666666667
1378752885,4,10399.998544,192.399973064,1.85,1.6703488E7,78293.6,0.0,12.4,4.866666666666666,0.0
1378753185,4,10399.998544,190.66663997333336,1.8333333333333335,1.6703488E7,134217.6,0.0,12.600000000000001,4.666666666666667,0.06666666666666667
1378753485,4,10399.998544,199.33330542666667,1.9166666666666665,1.6703488E7,234880.8,0.0,14.0,4.933333333333334,0.0
1378753785,4,10399.998544,214.93330324266663,2.0666666666666664,1.6703488E7,190141.6,0.0,18.266666666666666,4.933333333333334,0.06666666666666667
1378754085,4,10399.998544,195.86663924533335,1.8833333333333335,1.6703488E7,301989.6,0.0,12.266666666666666,4.8,0.0
1378754385,4,10399.998544,188.93330688266667,1.8166666666666667,1.6703488E7,33554.4,0.0,12.333333333333332,4.866666666666666,0.0
1378754685,4,10399.998544,190.66663997333336,1.8333333333333335,1.6703488E7,44739.2,0.0,12.533333333333333,4.8,0.0
1378754985,4,10399.998544,194.13330615466666,1.8666666666666665,1.6703488E7,100663.2,0.0,12.533333333333333,4.733333333333333,0.0
1378755285,4,10399.998544,197.59997233599998,1.9,1.6703488E7,167772.0,0.0,12.866666666666667,4.866666666666666,0.0
1378755585,4,10399.998544,197.59997233599998,1.9,1.6703488E7,313174.4,0.0,12.533333333333333,4.8,0.06666666666666667
1378755885,4,10399.998544,194.13330615466666,1.8666666666666665,1.6703488E7,268435.2,0.0,12.466666666666667,4.8,0.06666666666666667
1378756185,4,10399.998544,192.399973064,1.85,1.6703488E7,234880.8,0.0,12.600000000000001,4.8,0.06666666666666667
1378756485,4,10399.998544,201.06663851733333,1.9333333333333333,1.6703488E7,313174.4,0.0,12.533333333333335,4.666666666666667,0.06666666666666667
1378756785,4,10399.998544,195.86663924533335,1.8833333333333335,1.6703488E7,301989.6,0.0,12.533333333333333,4.733333333333333,0.06666666666666667
1378757085,4,10399.998544,202.79997160799996,1.95,1.6703488E7,67108.8,0.0,13.466666666666667,4.866666666666666,0.13333333333333333
1378757385,4,10399.998544,216.66663633333334,2.0833333333333335,1.6703488E7,268435.2,0.0,18.066666666666666,4.933333333333334,0.0
1378757685,4,10399.998544,199.33330542666667,1.9166666666666665,1.6703488E7,301989.6,0.0,12.4,4.733333333333333,0.0
1378757985,4,10399.998544,188.93330688266667,1.8166666666666667,1.6703488E7,246065.6,0.0,12.4,4.866666666666666,0.06666666666666667
1378758285,4,10399.998544,192.399973064,1.85,1.6703488E7,402652.8,0.0,12.600000000000001,4.8,0.0
1378758585,4,10399.998544,194.13330615466666,1.8666666666666665,1.6703488E7,290804.8,0.0,12.4,4.8,0.0
1378758885,4,10399.998544,197.59997233599998,1.9,1.6703488E7,190141.6,0.0,12.733333333333334,4.8,0.06666666666666667
1378759185,4,10399.998544,192.399973064,1.85,1.6703488E7,290804.8,0.0,12.4,4.733333333333333,0.0
1378759485,4,10399.998544,192.399973064,1.85,1.6703488E7,0.0,0.0,12.399999999999999,4.8,0.06666666666666667
1378759785,4,10399.998544,188.93330688266667,1.8166666666666667,1.6703488E7,190141.6,0.0,12.666666666666668,4.8,0.0
1378760085,4,10399.998544,199.33330542666667,1.9166666666666665,1.6703488E7,123032.8,0.0,12.666666666666666,4.8,0.0
1378760385,4,10399.998544,192.399973064,1.85,1.6703488E7,268435.2,0.0,12.466666666666667,4.866666666666666,0.0
1378760685,4,10399.998544,199.33330542666667,1.9166666666666665,1.6703488E7,234880.8,0.0,13.533333333333333,5.0,0.06666666666666667
1378760985,4,10399.998544,214.93330324266663,2.0666666666666664,1.6703488E7,167772.0,0.0,18.133333333333333,4.866666666666666,0.0
1378761285,4,10399.998544,192.399973064,1.85,1.6703488E7,212511.2,0.0,12.6,4.866666666666666,0.06666666666666667
1378761585,4,10399.998544,192.399973064,1.85,1.6703488E7,123032.8,0.0,12.266666666666666,4.866666666666666,0.06666666666666667
1378761885,4,10399.998544,192.399973064,1.85,1.6703488E7,100663.2,0.0,12.4,4.866666666666666,0.06666666666666667
1378762185,4,10399.998544,192.399973064,1.85,1.6703488E7,145402.4,0.0,12.333333333333332,4.866666666666666,0.0
1378762485,4,10399.998544,194.13330615466666,1.8666666666666665,1.6703488E7,111848.0,0.0,12.666666666666668,4.933333333333334,0.0
1378762785,4,10399.998544,194.13330615466666,1.8666666666666665,1.6703488E7,234880.8,0.0,12.4,4.933333333333334,0.06666666666666667
1378763086,4,10399.998544,195.86663924533335,1.8833333333333335,1.6703488E7,167772.0,0.0,12.466666666666667,4.933333333333334,0.0
1378763386,4,10399.998544,194.13330615466666,1.8666666666666665,1.6703488E7,167772.0,0.0,12.466666666666667,4.8,0.0
1378763686,4,10399.998544,195.86663924533335,1.8833333333333335,1.6703488E7,290804.8,0.0,13.399999999999999,4.666666666666667,0.06666666666666667
1378763986,4,10399.998544,195.86663924533335,1.8833333333333335,1.6703488E7,279620.0,0.0,12.533333333333333,4.733333333333333,0.06666666666666667
1378764286,4,10399.998544,204.53330469866665,1.9666666666666666,1.6703488E7,156587.2,0.0,13.933333333333334,5.0,0.0
1378764586,4,10399.998544,220.1333025146667,2.1166666666666667,1.6703488E7,201326.4,0.0,18.133333333333333,4.933333333333334,0.06666666666666667
1378764886,4,10399.998544,197.59997233599998,1.9,1.6703488E7,234880.8,0.0,12.266666666666666,4.733333333333333,0.06666666666666667
1378765186,4,10399.998544,195.86663924533335,1.8833333333333335,1.6703488E7,279620.0,0.0,12.466666666666667,4.666666666666667,0.0
1378765486,4,10399.998544,192.399973064,1.85,1.6703488E7,313174.4,0.0,12.133333333333333,4.733333333333333,0.06666666666666667
1378765786,4,10399.998544,187.199973792,1.8,1.6703488E7,67108.8,0.0,12.266666666666666,4.866666666666666,0.0
1378766086,4,10399.998544,192.399973064,1.85,1.6703488E7,402652.8,0.0,13.066666666666666,4.866666666666666,0.0
1378766385,4,10399.998544,197.59997233599998,1.9,1.6703488E7,201326.4,0.0,12.533333333333333,4.933333333333334,0.0
1378766685,4,10399.998544,259.9999636,2.5,1.6703488E7,346728.8,0.0,47.66666666666667,6.266666666666667,2.0
1378766985,4,10399.998544,192.399973064,1.85,1.6703488E7,369098.4,0.0,12.533333333333333,4.866666666666666,0.06666666666666667
1378767285,4,10399.998544,190.66663997333336,1.8333333333333335,1.6703488E7,145402.4,0.0,12.333333333333334,4.866666666666666,0.0
1378767585,4,10399.998544,195.86663924533335,1.8833333333333335,1.6703488E7,301989.6,0.0,12.533333333333335,4.866666666666666,0.0
1378767885,4,10399.998544,202.79997160799996,1.95,1.6703488E7,201326.4,0.0,13.066666666666666,4.933333333333334,0.06666666666666667
1378768185,4,10399.998544,218.399969424,2.1,1.6703488E7,257250.4,0.0,18.2,4.933333333333334,0.06666666666666667
1378768486,4,10399.998544,199.33330542666667,1.9166666666666665,1.6703488E7,369098.4,0.0,12.266666666666666,4.933333333333334,0.06666666666666667
1378768786,4,10399.998544,195.86663924533335,1.8833333333333335,1.6703488E7,123032.8,0.0,12.4,4.8,0.0
1378769086,4,10399.998544,190.66663997333336,1.8333333333333335,1.6703488E7,246065.6,0.0,12.333333333333334,4.933333333333334,0.06666666666666667
1378769386,4,10399.998544,192.399973064,1.85,1.6703488E7,44739.2,0.0,12.266666666666666,4.8,0.0
1378769686,4,10399.998544,192.399973064,1.85,1.6703488E7,78293.6,0.0,12.866666666666667,4.8,0.0
1378769986,4,10399.998544,192.399973064,1.85,1.6703488E7,123032.8,0.0,12.333333333333332,4.933333333333334,0.06666666666666667
1378770286,4,10399.998544,192.399973064,1.85,1.6703488E7,111848.0,0.0,12.333333333333332,4.8,0.0
1378770586,4,10399.998544,188.93330688266667,1.8166666666666667,1.6703488E7,279620.0,0.0,12.666666666666668,4.866666666666666,0.06666666666666667
1378770886,4,10399.998544,194.13330615466666,1.8666666666666665,1.6703488E7,246065.6,0.0,12.2,4.733333333333333,0.0
1378771186,4,10399.998544,197.59997233599998,1.9,1.6703488E7,89478.4,0.0,12.399999999999999,4.8,0.06666666666666667
1378771486,4,10399.998544,201.06663851733333,1.9333333333333333,1.6703488E7,167772.0,0.0,13.266666666666666,4.8,0.0
1378771786,4,10399.998544,213.199970152,2.05,1.6703488E7,301989.6,0.0,18.066666666666666,4.8,0.06666666666666667
1378772086,4,10399.998544,197.59997233599998,1.9,1.6703488E7,480946.4,0.0,12.533333333333335,4.866666666666666,0.06666666666666667
1378772386,4,10399.998544,192.399973064,1.85,1.6703488E7,234880.8,0.0,12.533333333333333,5.0,0.0
1378772686,4,10399.998544,195.86663924533335,1.8833333333333335,1.6703488E7,134217.6,0.0,12.533333333333335,4.8,0.0
1378772986,4,10399.998544,190.66663997333336,1.8333333333333335,1.6703488E7,268435.2,0.0,12.333333333333334,4.8,0.06666666666666667
1378773286,4,10399.998544,194.13330615466666,1.8666666666666665,1.6703488E7,212511.2,0.0,13.066666666666666,4.8,0.06666666666666667
1378773586,4,10399.998544,192.399973064,1.85,1.6703488E7,234880.8,0.0,12.4,4.666666666666667,0.06666666666666667
1378773886,4,10399.998544,197.59997233599998,1.9,1.6703488E7,67108.8,0.0,12.600000000000001,4.866666666666666,0.06666666666666667
1378774186,4,10399.998544,206.26663778933332,1.9833333333333334,1.6703488E7,44739.2,0.0,12.466666666666667,4.8,0.06666666666666667
1378774486,4,10399.998544,192.399973064,1.85,1.6703488E7,167772.0,0.0,12.4,4.8,0.06666666666666667
1378774786,4,10399.998544,192.399973064,1.85,1.6703488E7,201326.4,0.0,12.533333333333333,4.8,0.06666666666666667
1378775086,4,10399.998544,220.1333025146667,2.1166666666666667,1.6703488E7,425022.4,0.0,18.666666666666668,5.0,0.3333333333333333
1378775386,4,10399.998544,218.399969424,2.1,1.6703488E7,301989.6,0.0,18.4,4.933333333333334,0.06666666666666667
1378775686,4,10399.998544,204.53330469866665,1.9666666666666666,1.6703488E7,413837.6,0.0,12.466666666666667,4.8,0.06666666666666667
1378775986,4,10399.998544,195.86663924533335,1.8833333333333335,1.6703488E7,268435.2,0.0,12.6,4.866666666666666,0.06666666666666667
1378776286,4,10399.998544,195.86663924533335,1.8833333333333335,1.6703488E7,167772.0,0.0,12.666666666666668,4.866666666666666,0.06666666666666667
1378776586,4,10399.998544,192.399973064,1.85,1.6703488E7,67108.8,0.0,12.533333333333333,4.866666666666666,0.2
1378776886,4,10399.998544,285.99995996,2.75,1.6703488E7,369098.4,0.0,77.33333333333333,8.8,231.66666666666666
1378777186,4,10399.998544,677.7332384506667,6.516666666666667,1.6703488E7,603979.2,0.0,96.46666666666667,8.866666666666667,11.4
1378777486,4,10399.998544,195.86663924533335,1.8833333333333335,1.6703488E7,268435.2,0.0,13.733333333333334,4.8,0.06666666666666667
1378777787,4,10399.998544,194.13330615466666,1.8666666666666665,1.6703488E7,100663.2,0.0,12.133333333333333,4.8,0.06666666666666667
1378778087,4,10399.998544,188.93330688266667,1.8166666666666667,1.6703488E7,212511.2,0.0,12.466666666666667,4.8,0.06666666666666667
1378778387,4,10399.998544,194.13330615466666,1.8666666666666665,1.6703488E7,167772.0,0.0,12.533333333333333,4.666666666666667,0.06666666666666667
1378778687,4,10399.998544,369.199948312,3.55,1.6703488E7,380283.2,0.0,15.600000000000001,6.466666666666667,0.8666666666666667
1378778987,4,10399.998544,218.399969424,2.1,1.6703488E7,335544.0,0.0,19.066666666666666,4.866666666666666,0.06666666666666667
1378779287,4,10399.998544,192.399973064,1.85,1.6703488E7,369098.4,0.0,12.533333333333333,4.6,0.06666666666666667
1378779587,4,10399.998544,199.33330542666667,1.9166666666666665,1.6703488E7,67108.8,0.0,12.466666666666667,4.866666666666666,0.06666666666666667
1378779887,4,10399.998544,228.79996796800003,2.2,1.6703488E7,178956.8,0.0,20.066666666666666,4.933333333333334,0.13333333333333333
1378780187,4,10399.998544,195.86663924533335,1.8833333333333335,1.6703488E7,357913.6,0.0,12.733333333333334,4.733333333333333,0.06666666666666667
1378780487,4,10399.998544,195.86663924533335,1.8833333333333335,1.6703488E7,123032.8,0.0,12.733333333333334,4.933333333333334,0.06666666666666667
1378780787,4,10399.998544,194.13330615466666,1.8666666666666665,1.6703488E7,212511.2,0.0,12.6,4.733333333333333,0.06666666666666667
1378781087,4,10399.998544,194.13330615466666,1.8666666666666665,1.6703488E7,212511.2,0.0,12.6,4.8,0.06666666666666667
1378781387,4,10399.998544,194.13330615466666,1.8666666666666665,1.6703488E7,67108.8,0.0,12.0,4.666666666666667,0.06666666666666667
1378781687,4,10399.998544,197.59997233599998,1.9,1.6703488E7,156587.2,0.0,12.733333333333334,4.866666666666666,0.06666666666666667
1378781987,4,10399.998544,195.86663924533335,1.8833333333333335,1.6703488E7,156587.2,0.0,12.066666666666666,4.8,0.06666666666666667
1378782287,4,10399.998544,201.06663851733333,1.9333333333333333,1.6703488E7,212511.2,0.0,13.533333333333333,5.0,0.13333333333333333
1378782587,4,10399.998544,221.86663560533333,2.1333333333333333,1.6703488E7,335544.0,0.0,17.933333333333334,4.933333333333334,0.06666666666666667
1378782887,4,10399.998544,199.33330542666667,1.9166666666666665,1.6703488E7,167772.0,0.0,12.933333333333334,4.933333333333334,0.06666666666666667
1378783187,4,10399.998544,207.99997088,2.0,1.6703488E7,78293.6,0.0,12.8,4.8,0.06666666666666667
1378783487,4,10399.998544,194.13330615466666,1.8666666666666665,1.6703488E7,123032.8,0.0,12.533333333333333,4.866666666666666,0.06666666666666667
1378783787,4,10399.998544,195.86663924533335,1.8833333333333335,1.6703488E7,167772.0,0.0,12.666666666666668,4.866666666666666,0.06666666666666667
1378784087,4,10399.998544,192.399973064,1.85,1.6703488E7,301989.6,0.0,12.4,4.733333333333333,0.06666666666666667
1378784387,4,10399.998544,188.93330688266667,1.8166666666666667,1.6703488E7,145402.4,0.0,12.733333333333334,4.733333333333333,0.06666666666666667
1378784687,4,10399.998544,192.399973064,1.85,1.6703488E7,22369.6,0.0,12.466666666666667,4.8,0.06666666666666667
1378784987,4,10399.998544,195.86663924533335,1.8833333333333335,1.6703488E7,11184.8,0.0,12.600000000000001,4.866666666666666,0.06666666666666667
1378785287,4,10399.998544,197.59997233599998,1.9,1.6703488E7,223696.0,0.0,12.399999999999999,4.733333333333333,0.06666666666666667
1378785587,4,10399.998544,197.59997233599998,1.9,1.6703488E7,257250.4,0.0,12.333333333333334,4.866666666666666,0.06666666666666667
1378785887,4,10399.998544,209.73330397066667,2.0166666666666666,1.6703488E7,223696.0,0.0,13.933333333333334,5.066666666666666,0.2
1378786187,4,10399.998544,221.86663560533333,2.1333333333333333,1.6703488E7,425022.4,0.0,17.866666666666667,4.866666666666666,0.06666666666666667
1378786487,4,10399.998544,206.26663778933332,1.9833333333333334,1.6703488E7,391468.0,0.0,12.6,4.8,0.06666666666666667
1378786787,4,10399.998544,197.59997233599998,1.9,1.6703488E7,123032.8,0.0,12.466666666666667,4.866666666666666,0.06666666666666667
1378787088,4,10399.998544,197.59997233599998,1.9,1.6703488E7,178956.8,0.0,12.266666666666666,4.8,0.06666666666666667
1378787388,4,10399.998544,197.59997233599998,1.9,1.6703488E7,223696.0,0.0,12.533333333333335,4.8,0.06666666666666667
1378787688,4,10399.998544,213.199970152,2.05,1.6703488E7,78293.6,0.0,12.6,4.866666666666666,0.06666666666666667
1378787988,4,10399.998544,194.13330615466666,1.8666666666666665,1.6703488E7,234880.8,0.0,12.533333333333335,4.866666666666666,0.06666666666666667
1378788288,4,10399.998544,194.13330615466666,1.8666666666666665,1.6703488E7,178956.8,0.0,12.266666666666666,4.866666666666666,0.06666666666666667
1378788588,4,10399.998544,192.399973064,1.85,1.6703488E7,178956.8,0.0,12.533333333333333,4.933333333333334,0.06666666666666667
1378788888,4,10399.998544,194.13330615466666,1.8666666666666665,1.6703488E7,111848.0,0.0,12.266666666666666,4.933333333333334,0.06666666666666667
1378789188,4,10399.998544,199.33330542666667,1.9166666666666665,1.6703488E7,78293.6,0.0,12.666666666666668,4.866666666666666,0.06666666666666667
1378789488,4,10399.998544,202.79997160799996,1.95,1.6703488E7,134217.6,0.0,13.466666666666665,5.0,0.13333333333333333
1378789788,4,10399.998544,213.199970152,2.05,1.6703488E7,223696.0,0.0,17.8,4.933333333333334,0.06666666666666667
1378790088,4,10399.998544,199.33330542666667,1.9166666666666665,1.6703488E7,201326.4,0.0,12.466666666666667,4.866666666666666,0.06666666666666667
1378790388,4,10399.998544,197.59997233599998,1.9,1.6703488E7,145402.4,0.0,12.533333333333333,4.8,0.06666666666666667
1378790688,4,10399.998544,195.86663924533335,1.8833333333333335,1.6703488E7,301989.6,0.0,12.666666666666668,4.866666666666666,0.06666666666666667
1378790988,4,10399.998544,197.59997233599998,1.9,1.6703488E7,178956.8,0.0,12.600000000000001,4.8,0.06666666666666667
1378791288,4,10399.998544,197.59997233599998,1.9,1.6703488E7,290804.8,0.0,12.6,4.866666666666666,0.06666666666666667
1378791588,4,10399.998544,199.33330542666667,1.9166666666666665,1.6703488E7,156587.2,0.0,12.333333333333332,4.6,0.06666666666666667
1378791888,4,10399.998544,199.33330542666667,1.9166666666666665,1.6703488E7,167772.0,0.0,12.266666666666666,4.8,0.06666666666666667
1378792188,4,10399.998544,190.66663997333336,1.8333333333333335,1.6703488E7,190141.6,0.0,12.6,4.666666666666667,0.06666666666666667
1378792488,4,10399.998544,202.79997160799996,1.95,1.6703488E7,190141.6,0.0,12.4,4.666666666666667,0.06666666666666667
1378792788,4,10399.998544,213.199970152,2.05,1.6703488E7,145402.4,0.0,12.533333333333333,4.8,0.06666666666666667
1378793088,4,10399.998544,214.93330324266663,2.0666666666666664,1.6703488E7,134217.6,0.0,13.533333333333333,4.933333333333334,0.13333333333333333
1378793388,4,10399.998544,228.79996796800003,2.2,1.6703488E7,212511.2,0.0,17.933333333333334,4.866666666666666,0.06666666666666667
1378793688,4,10399.998544,199.33330542666667,1.9166666666666665,1.6703488E7,324359.2,0.0,12.8,4.866666666666666,0.06666666666666667
1378793988,4,10399.998544,199.33330542666667,1.9166666666666665,1.6703488E7,190141.6,0.0,12.133333333333333,4.8,0.06666666666666667
1378794288,4,10399.998544,199.33330542666667,1.9166666666666665,1.6703488E7,100663.2,0.0,12.466666666666667,4.8,0.06666666666666667
1378794588,4,10399.998544,199.33330542666667,1.9166666666666665,1.6703488E7,201326.4,0.0,12.533333333333335,4.8,0.06666666666666667
1378794889,4,10399.998544,195.86663924533335,1.8833333333333335,1.6703488E7,201326.4,0.0,12.666666666666668,4.733333333333333,0.06666666666666667
1378795189,4,10399.998544,194.13330615466666,1.8666666666666665,1.6703488E7,380283.2,0.0,12.733333333333334,4.8,0.06666666666666667
1378795489,4,10399.998544,201.06663851733333,1.9333333333333333,1.6703488E7,234880.8,0.0,12.4,4.8,0.06666666666666667
1378795789,4,10399.998544,197.59997233599998,1.9,1.6703488E7,145402.4,0.0,12.666666666666668,4.8,0.06666666666666667
1378796089,4,10399.998544,202.79997160799996,1.95,1.6703488E7,201326.4,0.0,12.333333333333334,4.733333333333333,0.06666666666666667
1378796389,4,10399.998544,197.59997233599998,1.9,1.6703488E7,223696.0,0.0,12.666666666666668,4.666666666666667,0.06666666666666667
1378796689,4,10399.998544,207.99997088,2.0,1.6703488E7,234880.8,0.0,14.333333333333334,5.0,0.13333333333333333
1378796989,4,10399.998544,228.79996796800003,2.2,1.6703488E7,201326.4,0.0,18.46666666666667,4.866666666666666,0.13333333333333333
1378797289,4,10399.998544,206.26663778933332,1.9833333333333334,1.6703488E7,246065.6,0.0,13.133333333333333,4.8,0.06666666666666667
1378797589,4,10399.998544,199.33330542666667,1.9166666666666665,1.6703488E7,111848.0,0.0,12.466666666666667,4.8,0.06666666666666667
1378797889,4,10399.998544,202.79997160799996,1.95,1.6703488E7,167772.0,0.0,13.066666666666666,4.666666666666667,0.06666666666666667
1378798189,4,10399.998544,199.33330542666667,1.9166666666666665,1.6703488E7,167772.0,0.0,12.4,4.733333333333333,0.06666666666666667
1378798489,4,10399.998544,206.26663778933332,1.9833333333333334,1.6703488E7,100663.2,0.0,13.0,4.866666666666666,0.06666666666666667
1378798789,4,10399.998544,204.53330469866665,1.9666666666666666,1.6703488E7,100663.2,0.0,12.8,4.733333333333333,0.06666666666666667
1378799089,4,10399.998544,206.26663778933332,1.9833333333333334,1.6703488E7,111848.0,0.0,12.733333333333334,4.933333333333334,0.06666666666666667
1378799388,4,10399.998544,202.79997160799996,1.95,1.6703488E7,167772.0,0.0,12.8,4.8,0.06666666666666667
1378799688,4,10399.998544,207.99997088,2.0,1.6703488E7,145402.4,0.0,12.533333333333335,4.866666666666666,0.06666666666666667
1378799988,4,10399.998544,206.26663778933332,1.9833333333333334,1.6703488E7,246065.6,0.0,12.733333333333334,4.733333333333333,0.06666666666666667
1378800289,4,10399.998544,209.73330397066667,2.0166666666666666,1.6703488E7,201326.4,0.0,13.466666666666665,4.866666666666666,0.13333333333333333
1378800589,4,10399.998544,220.1333025146667,2.1166666666666667,1.6703488E7,268435.2,0.0,18.200000000000003,4.933333333333334,0.13333333333333333
1378800889,4,10399.998544,199.33330542666667,1.9166666666666665,1.6703488E7,335544.0,0.0,12.8,4.933333333333334,0.06666666666666667
1378801189,4,10399.998544,194.13330615466666,1.8666666666666665,1.6703488E7,67108.8,0.0,12.466666666666667,4.733333333333333,0.06666666666666667
1378801489,4,10399.998544,195.86663924533335,1.8833333333333335,1.6703488E7,201326.4,0.0,12.933333333333334,4.8,0.06666666666666667
1378801789,4,10399.998544,209.73330397066667,2.0166666666666666,1.6703488E7,268435.2,0.0,12.600000000000001,4.8,0.06666666666666667
1378802089,4,10399.998544,201.06663851733333,1.9333333333333333,1.6703488E7,380283.2,0.0,13.333333333333332,4.8,0.06666666666666667
1378802389,4,10399.998544,202.79997160799996,1.95,1.6703488E7,268435.2,0.0,13.066666666666666,4.866666666666666,0.06666666666666667
1378802689,4,10399.998544,202.79997160799996,1.95,1.6703488E7,156587.2,0.0,12.866666666666667,4.733333333333333,0.06666666666666667
1378802989,4,10399.998544,199.33330542666667,1.9166666666666665,1.6703488E7,201326.4,0.0,12.666666666666666,4.866666666666666,0.06666666666666667
1378803289,4,10399.998544,202.79997160799996,1.95,1.6703488E7,301989.6,0.0,12.733333333333334,4.866666666666666,0.06666666666666667
1378803589,4,10399.998544,202.79997160799996,1.95,1.6703488E7,167772.0,0.0,12.933333333333334,4.866666666666666,0.06666666666666667
1378803889,4,10399.998544,207.99997088,2.0,1.6703488E7,201326.4,0.0,13.533333333333333,4.866666666666666,0.13333333333333333
1378804189,4,10399.998544,227.06663487733334,2.1833333333333336,1.6703488E7,436207.2,0.0,18.333333333333336,4.933333333333334,0.13333333333333333
1378804489,4,10399.998544,201.06663851733333,1.9333333333333333,1.6703488E7,156587.2,0.0,12.6,5.0,0.06666666666666667
1378804789,4,10399.998544,199.33330542666667,1.9166666666666665,1.6703488E7,134217.6,0.0,12.666666666666666,4.933333333333334,0.06666666666666667
1378805089,4,10399.998544,202.79997160799996,1.95,1.6703488E7,33554.4,0.0,12.733333333333334,4.866666666666666,0.06666666666666667
1378805389,4,10399.998544,201.06663851733333,1.9333333333333333,1.6703488E7,67108.8,0.0,12.666666666666668,4.933333333333334,0.06666666666666667
1378805689,4,10399.998544,199.33330542666667,1.9166666666666665,1.6703488E7,134217.6,0.0,13.133333333333333,4.866666666666666,0.06666666666666667
1378805989,4,10399.998544,201.06663851733333,1.9333333333333333,1.6703488E7,279620.0,0.0,12.733333333333334,4.933333333333334,0.06666666666666667
1378806289,4,10399.998544,202.79997160799996,1.95,1.6703488E7,134217.6,0.0,12.8,4.8,0.06666666666666667
1378806589,4,10399.998544,202.79997160799996,1.95,1.6703488E7,44739.2,0.0,12.8,4.733333333333333,0.06666666666666667
1378806889,4,10399.998544,195.86663924533335,1.8833333333333335,1.6703488E7,89478.4,0.0,12.733333333333334,4.8,0.06666666666666667
1378807189,4,10399.998544,197.59997233599998,1.9,1.6703488E7,201326.4,0.0,12.666666666666666,4.733333333333333,0.06666666666666667
1378807489,4,10399.998544,204.53330469866665,1.9666666666666666,1.6703488E7,324359.2,0.0,14.266666666666666,4.933333333333334,0.13333333333333333
1378807789,4,10399.998544,227.06663487733334,2.1833333333333336,1.6703488E7,380283.2,0.0,18.4,4.933333333333334,0.06666666666666667
1378808089,4,10399.998544,199.33330542666667,1.9166666666666665,1.6703488E7,234880.8,0.0,12.866666666666667,4.933333333333334,0.06666666666666667
1378808389,4,10399.998544,199.33330542666667,1.9166666666666665,1.6703488E7,100663.2,0.0,12.666666666666668,4.866666666666666,0.06666666666666667
1378808689,4,10399.998544,201.06663851733333,1.9333333333333333,1.6703488E7,167772.0,0.0,12.600000000000001,4.866666666666666,0.06666666666666667
1378808990,4,10399.998544,202.79997160799996,1.95,1.6703488E7,11184.8,0.0,12.8,4.933333333333334,0.06666666666666667
1378809290,4,10399.998544,197.59997233599998,1.9,1.6703488E7,167772.0,0.0,13.133333333333333,4.866666666666666,0.06666666666666667
1378809590,4,10399.998544,201.06663851733333,1.9333333333333333,1.6703488E7,156587.2,0.0,13.2,5.066666666666666,0.06666666666666667
1378809890,4,10399.998544,199.33330542666667,1.9166666666666665,1.6703488E7,156587.2,0.0,13.066666666666666,4.8,0.06666666666666667
1378810190,4,10399.998544,201.06663851733333,1.9333333333333333,1.6703488E7,257250.4,0.0,12.866666666666667,4.866666666666666,0.06666666666666667
1378810490,4,10399.998544,202.79997160799996,1.95,1.6703488E7,178956.8,0.0,12.666666666666668,4.933333333333334,0.06666666666666667
1378810790,4,10399.998544,199.33330542666667,1.9166666666666665,1.6703488E7,246065.6,0.0,12.866666666666667,4.8,0.06666666666666667
1378811090,4,10399.998544,201.06663851733333,1.9333333333333333,1.6703488E7,167772.0,0.0,13.866666666666667,5.0,0.13333333333333333
1378811390,4,10399.998544,218.399969424,2.1,1.6703488E7,212511.2,0.0,18.2,5.066666666666666,0.13333333333333333
1378811690,4,10399.998544,207.99997088,2.0,1.6703488E7,134217.6,0.0,12.933333333333334,5.0,0.06666666666666667
1378811990,4,10399.998544,204.53330469866665,1.9666666666666666,1.6703488E7,89478.4,0.0,12.8,4.933333333333334,0.06666666666666667
1378812290,4,10399.998544,202.79997160799996,1.95,1.6703488E7,290804.8,0.0,13.0,4.733333333333333,0.06666666666666667
1378812590,4,10399.998544,204.53330469866665,1.9666666666666666,1.6703488E7,89478.4,0.0,12.866666666666667,4.933333333333334,0.06666666666666667
1378812890,4,10399.998544,202.79997160799996,1.95,1.6703488E7,67108.8,0.0,13.2,4.8,0.06666666666666667
1378813190,4,10399.998544,202.79997160799996,1.95,1.6703488E7,134217.6,0.0,13.066666666666666,4.866666666666666,0.06666666666666667
1378813490,4,10399.998544,197.59997233599998,1.9,1.6703488E7,156587.2,0.0,12.666666666666668,4.866666666666666,0.06666666666666667
1378813790,4,10399.998544,195.86663924533335,1.8833333333333335,1.6703488E7,156587.2,0.0,12.733333333333334,4.666666666666667,0.06666666666666667
1378814090,4,10399.998544,194.13330615466666,1.8666666666666665,1.6703488E7,0.0,0.0,12.666666666666668,4.8,0.06666666666666667
1378814390,4,10399.998544,195.86663924533335,1.8833333333333335,1.6703488E7,11184.8,0.0,12.733333333333334,4.866666666666666,0.06666666666666667
1378814690,4,10399.998544,207.99997088,2.0,1.6703488E7,212511.2,0.0,13.8,4.8,0.06666666666666667
1378814990,4,10399.998544,232.26663414933333,2.2333333333333334,1.6703488E7,357913.6,0.0,18.0,4.933333333333334,0.06666666666666667
1378815290,4,10399.998544,207.99997088,2.0,1.6703488E7,279620.0,0.0,12.933333333333334,4.933333333333334,0.06666666666666667
1378815590,4,10399.998544,202.79997160799996,1.95,1.6703488E7,201326.4,0.0,12.733333333333334,4.866666666666666,0.06666666666666667
1378815890,4,10399.998544,204.53330469866665,1.9666666666666666,1.6703488E7,301989.6,0.0,13.0,4.866666666666666,0.06666666666666667
1378816190,4,10399.998544,201.06663851733333,1.9333333333333333,1.6703488E7,257250.4,0.0,12.733333333333334,4.8,0.06666666666666667
1378816490,4,10399.998544,206.26663778933332,1.9833333333333334,1.6703488E7,190141.6,0.0,12.933333333333334,4.866666666666666,0.06666666666666667
1378816790,4,10399.998544,190.66663997333336,1.8333333333333335,1.6703488E7,279620.0,0.0,12.8,4.866666666666666,0.06666666666666667
1378817090,4,10399.998544,201.06663851733333,1.9333333333333333,1.6703488E7,201326.4,0.0,12.533333333333335,4.733333333333333,0.06666666666666667
1378817390,4,10399.998544,201.06663851733333,1.9333333333333333,1.6703488E7,123032.8,0.0,13.0,4.733333333333333,0.06666666666666667
1378817690,4,10399.998544,202.79997160799996,1.95,1.6703488E7,100663.2,0.0,12.666666666666668,4.866666666666666,0.06666666666666667
1378817990,4,10399.998544,202.79997160799996,1.95,1.6703488E7,167772.0,0.0,12.733333333333334,4.733333333333333,0.06666666666666667
1378818290,4,10399.998544,209.73330397066667,2.0166666666666666,1.6703488E7,212511.2,0.0,14.133333333333333,4.866666666666666,0.2
1378818590,4,10399.998544,225.33330178666662,2.1666666666666665,1.6703488E7,324359.2,0.0,18.066666666666666,4.933333333333334,0.06666666666666667
1378818890,4,10399.998544,204.53330469866665,1.9666666666666666,1.6703488E7,436207.2,0.0,12.933333333333334,4.8,0.06666666666666667
1378819190,4,10399.998544,197.59997233599998,1.9,1.6703488E7,313174.4,0.0,12.533333333333333,4.866666666666666,0.06666666666666667
1378819490,4,10399.998544,201.06663851733333,1.9333333333333333,1.6703488E7,111848.0,0.0,12.933333333333334,4.866666666666666,0.06666666666666667
1378819791,4,10399.998544,195.86663924533335,1.8833333333333335,1.6703488E7,111848.0,0.0,12.533333333333335,4.866666666666666,0.06666666666666667
1378820091,4,10399.998544,202.79997160799996,1.95,1.6703488E7,212511.2,0.0,13.0,4.866666666666666,0.06666666666666667
1378820391,4,10399.998544,202.79997160799996,1.95,1.6703488E7,100663.2,0.0,13.2,4.933333333333334,0.06666666666666667
1378820691,4,10399.998544,199.33330542666667,1.9166666666666665,1.6703488E7,223696.0,0.0,12.533333333333333,4.933333333333334,0.06666666666666667
1378820991,4,10399.998544,197.59997233599998,1.9,1.6703488E7,190141.6,0.0,12.666666666666668,4.933333333333334,0.06666666666666667
1378821291,4,10399.998544,202.79997160799996,1.95,1.6703488E7,67108.8,0.0,12.666666666666668,4.866666666666666,0.06666666666666667
1378821591,4,10399.998544,202.79997160799996,1.95,1.6703488E7,145402.4,0.0,12.666666666666668,4.933333333333334,0.06666666666666667
1378821891,4,10399.998544,206.26663778933332,1.9833333333333334,1.6703488E7,178956.8,0.0,13.6,4.866666666666666,0.13333333333333333
1378822191,4,10399.998544,221.86663560533333,2.1333333333333333,1.6703488E7,0.0,0.0,18.266666666666666,4.933333333333334,0.13333333333333333
1378822491,4,10399.998544,201.06663851733333,1.9333333333333333,1.6703488E7,134217.6,0.0,12.8,4.8,0.06666666666666667
1378822791,4,10399.998544,201.06663851733333,1.9333333333333333,1.6703488E7,134217.6,0.0,12.533333333333333,4.8,0.06666666666666667
1378823091,4,10399.998544,206.26663778933332,1.9833333333333334,1.6703488E7,134217.6,0.0,12.866666666666667,4.8,0.06666666666666667
1378823391,4,10399.998544,197.59997233599998,1.9,1.6703488E7,0.0,0.2,12.600000000000001,4.866666666666666,0.06666666666666667
1378823691,4,10399.998544,199.33330542666667,1.9166666666666665,1.6703488E7,201326.4,0.0,13.333333333333332,4.866666666666666,0.06666666666666667
1378823991,4,10399.998544,192.399973064,1.85,1.6703488E7,201326.4,0.0,12.733333333333334,4.866666666666666,0.06666666666666667
1378824291,4,10399.998544,197.59997233599998,1.9,1.6703488E7,134217.6,0.0,12.866666666666667,4.733333333333333,0.06666666666666667
1378824591,4,10399.998544,194.13330615466666,1.8666666666666665,1.6703488E7,178956.8,0.0,13.0,4.8,0.06666666666666667
1378824891,4,10399.998544,190.66663997333336,1.8333333333333335,1.6703488E7,234880.8,0.0,12.666666666666668,4.733333333333333,0.06666666666666667
1378825191,4,10399.998544,195.86663924533335,1.8833333333333335,1.6703488E7,201326.4,0.0,12.533333333333333,4.8,0.06666666666666667
1378825491,4,10399.998544,417.73327485066665,4.016666666666667,1.6703488E7,525685.6,0.0,15.933333333333334,106.26666666666667,15.533333333333333
1378825791,4,10399.998544,405.59994321599993,3.9,1.6703488E7,1744828.8,0.0,20.0,6.8,2.933333333333333
1378826091,4,10399.998544,194.13330615466666,1.8666666666666665,1.6703488E7,603979.2,0.0,12.666666666666668,4.666666666666667,0.06666666666666667
1378826391,4,10399.998544,199.33330542666667,1.9166666666666665,1.6703488E7,167772.0,0.0,12.666666666666668,4.933333333333334,0.06666666666666667
1378826691,4,10399.998544,194.13330615466666,1.8666666666666665,1.6703488E7,33554.4,0.0,12.399999999999999,4.733333333333333,0.06666666666666667
1378826991,4,10399.998544,194.13330615466666,1.8666666666666665,1.6703488E7,167772.0,0.0,13.0,4.933333333333334,0.06666666666666667
1378827291,4,10399.998544,192.399973064,1.85,1.6703488E7,268435.2,0.0,12.600000000000001,4.866666666666666,0.06666666666666667
1378827591,4,10399.998544,206.26663778933332,1.9833333333333334,1.6703488E7,67108.8,0.0,13.799999999999999,5.133333333333334,0.4
1378827891,4,10399.998544,192.399973064,1.85,1.6703488E7,167772.0,0.0,12.600000000000001,4.866666666666666,0.06666666666666667
1378828191,4,10399.998544,194.13330615466666,1.8666666666666665,1.6703488E7,100663.2,0.0,12.466666666666667,4.8,0.06666666666666667
1378828491,4,10399.998544,192.399973064,1.85,1.6703488E7,223696.0,0.0,12.399999999999999,4.733333333333333,0.06666666666666667
1378828791,4,10399.998544,195.86663924533335,1.8833333333333335,1.6703488E7,234880.8,0.0,12.466666666666667,4.8,0.06666666666666667
1378829091,4,10399.998544,197.59997233599998,1.9,1.6703488E7,167772.0,0.0,13.866666666666667,4.866666666666666,0.2
1378829391,4,10399.998544,218.399969424,2.1,1.6703488E7,313174.4,0.0,18.066666666666666,5.0,0.13333333333333333
1378829691,4,10399.998544,195.86663924533335,1.8833333333333335,1.6703488E7,335544.0,0.0,12.466666666666665,4.866666666666666,0.06666666666666667
1378829991,4,10399.998544,192.399973064,1.85,1.6703488E7,301989.6,0.0,12.533333333333333,4.8,0.06666666666666667
1378830291,4,10399.998544,199.33330542666667,1.9166666666666665,1.6703488E7,0.0,0.0,12.600000000000001,5.0,0.06666666666666667
1378830591,4,10399.998544,197.59997233599998,1.9,1.6703488E7,257250.4,0.0,12.133333333333333,4.933333333333334,0.06666666666666667
1378830892,4,10399.998544,195.86663924533335,1.8833333333333335,1.6703488E7,78293.6,0.0,12.866666666666667,4.866666666666666,0.06666666666666667
1378831192,4,10399.998544,192.399973064,1.85,1.6703488E7,201326.4,0.0,12.333333333333332,4.8,0.06666666666666667
1378831492,4,10399.998544,188.93330688266667,1.8166666666666667,1.6703488E7,111848.0,0.0,12.533333333333333,4.733333333333333,0.06666666666666667
1378831791,4,10399.998544,192.399973064,1.85,1.6703488E7,134217.6,0.0,12.399999999999999,4.666666666666667,0.06666666666666667
1378832091,4,10399.998544,194.13330615466666,1.8666666666666665,1.6703488E7,111848.0,0.0,12.733333333333334,4.866666666666666,0.06666666666666667
1378832391,4,10399.998544,195.86663924533335,1.8833333333333335,1.6703488E7,178956.8,0.0,12.600000000000001,4.8,0.06666666666666667
1378832691,4,10399.998544,199.33330542666667,1.9166666666666665,1.6703488E7,111848.0,0.0,13.733333333333333,4.933333333333334,0.06666666666666667
1378832991,4,10399.998544,218.399969424,2.1,1.6703488E7,201326.4,0.0,17.733333333333334,4.733333333333333,0.13333333333333333
1378833291,4,10399.998544,197.59997233599998,1.9,1.6703488E7,246065.6,0.0,12.600000000000001,4.733333333333333,0.06666666666666667
1378833591,4,10399.998544,197.59997233599998,1.9,1.6703488E7,156587.2,0.0,12.600000000000001,4.866666666666666,0.06666666666666667
1378833891,4,10399.998544,197.59997233599998,1.9,1.6703488E7,246065.6,0.0,12.266666666666666,4.733333333333333,0.06666666666666667
1378834191,4,10399.998544,197.59997233599998,1.9,1.6703488E7,335544.0,0.0,12.466666666666667,4.733333333333333,0.06666666666666667
1378834492,4,10399.998544,199.33330542666667,1.9166666666666665,1.6703488E7,123032.8,0.0,12.666666666666668,4.8,0.06666666666666667
1378834792,4,10399.998544,197.59997233599998,1.9,1.6703488E7,78293.6,0.0,12.266666666666666,4.666666666666667,0.06666666666666667
1378835092,4,10399.998544,192.399973064,1.85,1.6703488E7,167772.0,0.0,12.533333333333335,4.8,0.06666666666666667
1378835392,4,10399.998544,195.86663924533335,1.8833333333333335,1.6703488E7,67108.8,0.0,12.466666666666667,4.666666666666667,0.06666666666666667
1378835692,4,10399.998544,195.86663924533335,1.8833333333333335,1.6703488E7,134217.6,0.0,12.399999999999999,4.8,0.06666666666666667
1378835992,4,10399.998544,192.399973064,1.85,1.6703488E7,67108.8,0.0,12.533333333333333,4.733333333333333,0.06666666666666667
1378836292,4,10399.998544,199.33330542666667,1.9166666666666665,1.6703488E7,167772.0,0.0,13.6,4.933333333333334,0.13333333333333333
1378836592,4,10399.998544,214.93330324266663,2.0666666666666664,1.6703488E7,134217.6,0.0,17.933333333333334,4.8,0.13333333333333333
1378836892,4,10399.998544,195.86663924533335,1.8833333333333335,1.6703488E7,212511.2,0.0,12.866666666666667,4.733333333333333,0.06666666666666667
1378837192,4,10399.998544,197.59997233599998,1.9,1.6703488E7,178956.8,0.0,12.266666666666666,4.8,0.06666666666666667
1378837492,4,10399.998544,194.13330615466666,1.8666666666666665,1.6703488E7,313174.4,0.0,12.600000000000001,4.733333333333333,0.06666666666666667
1378837792,4,10399.998544,199.33330542666667,1.9166666666666665,1.6703488E7,212511.2,0.0,12.399999999999999,4.8,0.06666666666666667
1378838092,4,10399.998544,197.59997233599998,1.9,1.6703488E7,234880.8,0.0,12.666666666666668,4.8,0.06666666666666667
1378838392,4,10399.998544,199.33330542666667,1.9166666666666665,1.6703488E7,268435.2,0.0,12.866666666666667,4.866666666666666,0.06666666666666667
1378838692,4,10399.998544,194.13330615466666,1.8666666666666665,1.6703488E7,100663.2,0.0,12.600000000000001,4.866666666666666,0.06666666666666667
1378838992,4,10399.998544,192.399973064,1.85,1.6703488E7,279620.0,0.0,12.666666666666666,4.8,0.06666666666666667
1378839292,4,10399.998544,194.13330615466666,1.8666666666666665,1.6703488E7,190141.6,0.0,12.4,4.866666666666666,0.06666666666666667
1378839592,4,10399.998544,194.13330615466666,1.8666666666666665,1.6703488E7,145402.4,0.0,12.466666666666667,4.866666666666666,0.06666666666666667
1378839892,4,10399.998544,202.79997160799996,1.95,1.6703488E7,167772.0,0.0,13.933333333333334,4.933333333333334,0.2
1378840192,4,10399.998544,218.399969424,2.1,1.6703488E7,123032.8,0.0,18.133333333333333,4.8,0.06666666666666667
1378840492,4,10399.998544,194.13330615466666,1.8666666666666665,1.6703488E7,178956.8,0.0,12.666666666666668,4.933333333333334,0.06666666666666667
1378840792,4,10399.998544,195.86663924533335,1.8833333333333335,1.6703488E7,123032.8,0.0,12.2,4.8,0.06666666666666667
1378841092,4,10399.998544,195.86663924533335,1.8833333333333335,1.6703488E7,257250.4,0.0,12.4,4.866666666666666,0.06666666666666667
1378841392,4,10399.998544,199.33330542666667,1.9166666666666665,1.6703488E7,279620.0,0.0,12.466666666666667,4.933333333333334,0.06666666666666667
1378841692,4,10399.998544,195.86663924533335,1.8833333333333335,1.6703488E7,167772.0,0.0,12.8,4.933333333333334,0.06666666666666667
1378841992,4,10399.998544,194.13330615466666,1.8666666666666665,1.6703488E7,167772.0,0.0,12.4,4.933333333333334,0.0
1378842293,4,10399.998544,194.13330615466666,1.8666666666666665,1.6703488E7,67108.8,0.0,12.333333333333334,4.866666666666666,0.06666666666666667
1378842593,4,10399.998544,194.13330615466666,1.8666666666666665,1.6703488E7,123032.8,0.0,12.4,4.866666666666666,0.06666666666666667
1378842893,4,10399.998544,190.66663997333336,1.8333333333333335,1.6703488E7,156587.2,0.0,12.466666666666667,4.866666666666666,0.06666666666666667
1378843193,4,10399.998544,197.59997233599998,1.9,1.6703488E7,167772.0,0.0,12.733333333333334,4.8,0.06666666666666667
1378843493,4,10399.998544,206.26663778933332,1.9833333333333334,1.6703488E7,335544.0,0.0,13.333333333333332,4.866666666666666,0.13333333333333333
1378843793,4,10399.998544,221.86663560533333,2.1333333333333333,1.6703488E7,357913.6,0.0,18.266666666666666,4.933333333333334,0.13333333333333333
1378844093,4,10399.998544,202.79997160799996,1.95,1.6703488E7,279620.0,0.0,12.600000000000001,5.0,0.06666666666666667
1378844393,4,10399.998544,197.59997233599998,1.9,1.6703488E7,257250.4,0.0,12.4,4.866666666666666,0.0
1378844693,4,10399.998544,195.86663924533335,1.8833333333333335,1.6703488E7,167772.0,0.0,12.333333333333332,4.8,0.06666666666666667
1378844993,4,10399.998544,201.06663851733333,1.9333333333333333,1.6703488E7,246065.6,0.0,12.466666666666667,4.933333333333334,0.0
1378845293,4,10399.998544,195.86663924533335,1.8833333333333335,1.6703488E7,190141.6,0.0,13.0,4.8,0.06666666666666667
1378845593,4,10399.998544,197.59997233599998,1.9,1.6703488E7,145402.4,0.0,12.466666666666667,4.733333333333333,0.06666666666666667
1378845893,4,10399.998544,209.73330397066667,2.0166666666666666,1.6703488E7,178956.8,0.0,12.333333333333334,4.666666666666667,0.0
1378846193,4,10399.998544,197.59997233599998,1.9,1.6703488E7,324359.2,0.0,12.600000000000001,4.733333333333333,0.06666666666666667
1378846493,4,10399.998544,197.59997233599998,1.9,1.6703488E7,201326.4,0.0,12.600000000000001,4.8,0.0
1378846793,4,10399.998544,195.86663924533335,1.8833333333333335,1.6703488E7,100663.2,0.0,12.266666666666666,4.733333333333333,0.06666666666666667
1378847093,4,10399.998544,206.26663778933332,1.9833333333333334,1.6703488E7,212511.2,0.0,13.533333333333333,4.8,0.13333333333333333
1378847393,4,10399.998544,216.66663633333334,2.0833333333333335,1.6703488E7,279620.0,0.0,18.066666666666666,5.0,0.06666666666666667
1378847693,4,10399.998544,195.86663924533335,1.8833333333333335,1.6703488E7,257250.4,0.0,12.733333333333334,4.733333333333333,0.0
1378847993,4,10399.998544,197.59997233599998,1.9,1.6703488E7,78293.6,0.0,12.4,4.933333333333334,0.0
1378848293,4,10399.998544,194.13330615466666,1.8666666666666665,1.6703488E7,22369.6,0.0,12.666666666666668,4.933333333333334,0.0
1378848593,4,10399.998544,195.86663924533335,1.8833333333333335,1.6703488E7,134217.6,0.0,12.533333333333333,4.866666666666666,0.0
1378848893,4,10399.998544,202.79997160799996,1.95,1.6703488E7,190141.6,0.0,12.733333333333334,4.933333333333334,0.06666666666666667
1378849193,4,10399.998544,201.06663851733333,1.9333333333333333,1.6703488E7,402652.8,0.0,12.600000000000001,4.866666666666666,0.06666666666666667
1378849493,4,10399.998544,211.4666370613333,2.033333333333333,1.6703488E7,234880.8,0.0,12.266666666666666,4.933333333333334,0.06666666666666667
1378849793,4,10399.998544,195.86663924533335,1.8833333333333335,1.6703488E7,67108.8,0.0,12.333333333333334,4.933333333333334,0.06666666666666667
1378850093,4,10399.998544,197.59997233599998,1.9,1.6703488E7,212511.2,0.0,13.533333333333333,4.866666666666666,0.0
1378850393,4,10399.998544,194.13330615466666,1.8666666666666665,1.6703488E7,201326.4,0.0,12.533333333333333,5.0,0.06666666666666667
1378850693,4,10399.998544,206.26663778933332,1.9833333333333334,1.6703488E7,301989.6,0.0,14.066666666666666,5.133333333333334,0.06666666666666667
1378850993,4,10399.998544,218.399969424,2.1,1.6703488E7,201326.4,0.0,18.066666666666666,5.066666666666666,0.13333333333333333
1378851293,4,10399.998544,195.86663924533335,1.8833333333333335,1.6703488E7,201326.4,0.0,12.733333333333334,4.933333333333334,0.06666666666666667
1378851593,4,10399.998544,199.33330542666667,1.9166666666666665,1.6703488E7,134217.6,0.0,12.4,4.8,0.06666666666666667
1378851893,4,10399.998544,209.73330397066667,2.0166666666666666,1.6703488E7,167772.0,0.0,12.733333333333334,4.866666666666666,0.06666666666666667
1378852193,4,10399.998544,195.86663924533335,1.8833333333333335,1.6703488E7,234880.8,0.0,12.4,4.8,0.0
1378852493,4,10399.998544,199.33330542666667,1.9166666666666665,1.6703488E7,55924.0,0.0,12.733333333333334,4.8,0.06666666666666667
1378852794,4,10399.998544,202.79997160799996,1.95,1.6703488E7,268435.2,0.0,15.933333333333334,5.0,0.2
1378853094,4,10399.998544,268.6666290533333,2.583333333333333,1.6703488E7,425022.4,0.0,34.86666666666667,6.133333333333334,1.8
1378853394,4,10399.998544,204.53330469866665,1.9666666666666666,1.6703488E7,268435.2,0.0,12.466666666666667,4.933333333333334,0.06666666666666667
1378853694,4,10399.998544,197.59997233599998,1.9,1.6703488E7,145402.4,0.0,12.4,4.933333333333334,0.06666666666666667
1378853994,4,10399.998544,197.59997233599998,1.9,1.6703488E7,89478.4,0.0,12.399999999999999,4.8,0.06666666666666667
1378854294,4,10399.998544,201.06663851733333,1.9333333333333333,1.6703488E7,234880.8,0.0,13.533333333333333,4.933333333333334,0.13333333333333333
1378854594,4,10399.998544,221.86663560533333,2.1333333333333333,1.6703488E7,268435.2,0.0,18.066666666666666,4.8,0.13333333333333333
1378854894,4,10399.998544,199.33330542666667,1.9166666666666665,1.6703488E7,268435.2,0.0,12.333333333333332,4.8,0.0
1378855194,4,10399.998544,197.59997233599998,1.9,1.6703488E7,201326.4,0.0,12.466666666666667,4.8,0.06666666666666667
1378855494,4,10399.998544,195.86663924533335,1.8833333333333335,1.6703488E7,167772.0,0.0,12.533333333333333,4.666666666666667,0.06666666666666667
1378855794,4,10399.998544,195.86663924533335,1.8833333333333335,1.6703488E7,156587.2,0.0,12.933333333333334,4.666666666666667,0.06666666666666667
1378856094,4,10399.998544,194.13330615466666,1.8666666666666665,1.6703488E7,156587.2,0.0,12.8,4.8,0.06666666666666667
1378856394,4,10399.998544,190.66663997333336,1.8333333333333335,1.6703488E7,123032.8,0.0,12.733333333333334,4.666666666666667,0.0
1378856694,4,10399.998544,195.86663924533335,1.8833333333333335,1.6703488E7,234880.8,0.0,12.8,4.733333333333333,0.06666666666666667
1378856994,4,10399.998544,195.86663924533335,1.8833333333333335,1.6703488E7,145402.4,0.0,12.733333333333334,5.0,0.06666666666666667
1378857294,4,10399.998544,195.86663924533335,1.8833333333333335,1.6703488E7,100663.2,0.0,12.666666666666668,4.933333333333334,0.06666666666666667
1378857594,4,10399.998544,194.13330615466666,1.8666666666666665,1.6703488E7,100663.2,0.0,12.733333333333334,4.933333333333334,0.06666666666666667
1378857894,4,10399.998544,202.79997160799996,1.95,1.6703488E7,369098.4,0.0,13.4,4.933333333333334,0.13333333333333333
1378858194,4,10399.998544,213.199970152,2.05,1.6703488E7,313174.4,0.0,18.066666666666666,4.866666666666666,0.13333333333333333
1378858494,4,10399.998544,192.399973064,1.85,1.6703488E7,346728.8,0.0,12.333333333333334,4.8,0.06666666666666667
1378858794,4,10399.998544,188.93330688266667,1.8166666666666667,1.6703488E7,167772.0,0.0,12.333333333333334,4.733333333333333,0.06666666666666667
1378859094,4,10399.998544,197.59997233599998,1.9,1.6703488E7,111848.0,0.0,12.399999999999999,4.666666666666667,0.06666666666666667
1378859394,4,10399.998544,190.66663997333336,1.8333333333333335,1.6703488E7,0.0,0.0,12.333333333333332,4.733333333333333,0.06666666666666667
1378859694,4,10399.998544,195.86663924533335,1.8833333333333335,1.6703488E7,67108.8,0.0,12.533333333333333,4.6,0.06666666666666667
1378859994,4,10399.998544,192.399973064,1.85,1.6703488E7,111848.0,0.0,12.333333333333332,4.866666666666666,0.06666666666666667
1378860294,4,10399.998544,195.86663924533335,1.8833333333333335,1.6703488E7,268435.2,0.0,12.533333333333333,4.8,0.06666666666666667
1378860594,4,10399.998544,194.13330615466666,1.8666666666666665,1.6703488E7,223696.0,0.0,12.333333333333332,4.8,0.06666666666666667
1378860894,4,10399.998544,201.06663851733333,1.9333333333333333,1.6703488E7,246065.6,0.0,12.4,4.733333333333333,0.06666666666666667
1378861194,4,10399.998544,190.66663997333336,1.8333333333333335,1.6703488E7,44739.2,0.0,12.133333333333333,4.733333333333333,0.06666666666666667
1378861494,4,10399.998544,199.33330542666667,1.9166666666666665,1.6703488E7,134217.6,0.0,13.733333333333334,4.933333333333334,0.2
1378861794,4,10399.998544,211.4666370613333,2.033333333333333,1.6703488E7,257250.4,0.0,17.933333333333334,4.733333333333333,0.06666666666666667
1378862094,4,10399.998544,190.66663997333336,1.8333333333333335,1.6703488E7,190141.6,0.0,12.2,4.866666666666666,0.06666666666666667
1378862394,4,10399.998544,188.93330688266667,1.8166666666666667,1.6703488E7,67108.8,0.0,12.2,4.733333333333333,0.06666666666666667
1378862694,4,10399.998544,194.13330615466666,1.8666666666666665,1.6703488E7,346728.8,0.0,12.333333333333332,4.733333333333333,0.06666666666666667
1378862994,4,10399.998544,187.199973792,1.8,1.6703488E7,279620.0,0.0,12.133333333333333,4.733333333333333,0.06666666666666667
1378863294,4,10399.998544,194.13330615466666,1.8666666666666665,1.6703488E7,268435.2,0.0,12.533333333333333,4.666666666666667,0.06666666666666667
1378863595,4,10399.998544,194.13330615466666,1.8666666666666665,1.6703488E7,78293.6,0.0,12.266666666666666,4.666666666666667,0.06666666666666667
1378863895,4,10399.998544,188.93330688266667,1.8166666666666667,1.6703488E7,111848.0,0.0,12.4,4.733333333333333,0.06666666666666667
1378864195,4,10399.998544,192.399973064,1.85,1.6703488E7,268435.2,0.0,12.4,4.8,0.06666666666666667
1378864494,4,10399.998544,188.93330688266667,1.8166666666666667,1.6703488E7,234880.8,0.0,12.2,4.733333333333333,0.06666666666666667
1378864794,4,10399.998544,202.79997160799996,1.95,1.6703488E7,234880.8,0.0,16.8,5.0,0.06666666666666667
1378865094,4,10399.998544,391.7332784906667,3.766666666666667,1.6703488E7,190141.6,0.6,20.0,6.4,1.0666666666666667
1378865394,4,10399.998544,209.73330397066667,2.0166666666666666,1.6703488E7,413837.6,0.0,19.2,4.733333333333333,0.06666666666666667
1378865694,4,10399.998544,190.66663997333336,1.8333333333333335,1.6703488E7,469761.6,0.0,12.266666666666666,4.733333333333333,0.06666666666666667
1378865994,4,10399.998544,225.33330178666662,2.1666666666666665,1.6703488E7,268435.2,0.0,26.2,11.866666666666667,0.26666666666666666
1378866294,4,10399.998544,192.399973064,1.85,1.6703488E7,156587.2,0.0,12.133333333333333,4.8,0.06666666666666667
1378866594,4,10399.998544,190.66663997333336,1.8333333333333335,1.6703488E7,0.0,0.0,12.2,4.866666666666666,0.06666666666666667
1378866894,4,10399.998544,194.13330615466666,1.8666666666666665,1.6703488E7,67108.8,0.0,12.866666666666667,4.8,0.06666666666666667
1378867194,4,10399.998544,187.199973792,1.8,1.6703488E7,67108.8,0.0,12.066666666666666,4.8,0.0
1378867494,4,10399.998544,192.399973064,1.85,1.6703488E7,167772.0,0.0,12.466666666666667,4.733333333333333,0.06666666666666667
1378867794,4,10399.998544,187.199973792,1.8,1.6703488E7,335544.0,0.0,12.066666666666666,4.733333333333333,0.06666666666666667
1378868094,4,10399.998544,192.399973064,1.85,1.6703488E7,167772.0,0.0,12.533333333333335,4.733333333333333,0.06666666666666667
1378868394,4,10399.998544,194.13330615466666,1.8666666666666665,1.6703488E7,167772.0,0.0,12.2,4.8,0.06666666666666667
1378868694,4,10399.998544,201.06663851733333,1.9333333333333333,1.6703488E7,22369.6,0.0,13.066666666666666,4.8,0.13333333333333333
1378868994,4,10399.998544,211.4666370613333,2.033333333333333,1.6703488E7,89478.4,0.0,18.0,4.8,0.06666666666666667
1378869294,4,10399.998544,190.66663997333336,1.8333333333333335,1.6703488E7,290804.8,0.0,12.066666666666666,4.733333333333333,0.06666666666666667
1378869594,4,10399.998544,188.93330688266667,1.8166666666666667,1.6703488E7,123032.8,0.0,12.333333333333332,4.733333333333333,0.0
1378869894,4,10399.998544,190.66663997333336,1.8333333333333335,1.6703488E7,100663.2,0.0,12.4,4.733333333333333,0.06666666666666667
1378870194,4,10399.998544,188.93330688266667,1.8166666666666667,1.6703488E7,190141.6,0.0,12.333333333333332,4.866666666666666,0.06666666666666667
1378870494,4,10399.998544,195.86663924533335,1.8833333333333335,1.6703488E7,313174.4,0.0,12.466666666666667,4.8,0.06666666666666667
1378870794,4,10399.998544,190.66663997333336,1.8333333333333335,1.6703488E7,257250.4,0.0,12.333333333333332,4.8,0.0
1378871094,4,10399.998544,188.93330688266667,1.8166666666666667,1.6703488E7,201326.4,0.0,12.533333333333333,4.8,0.06666666666666667
1378871394,4,10399.998544,194.13330615466666,1.8666666666666665,1.6703488E7,402652.8,0.0,12.333333333333334,4.8,0.06666666666666667
1378871695,4,10399.998544,192.399973064,1.85,1.6703488E7,246065.6,0.0,12.133333333333333,4.933333333333334,0.06666666666666667
1378871995,4,10399.998544,187.199973792,1.8,1.6703488E7,0.0,0.0,12.2,4.8,0.06666666666666667
1378872295,4,10399.998544,204.53330469866665,1.9666666666666666,1.6703488E7,167772.0,0.0,14.0,4.8,0.2
1378872595,4,10399.998544,214.93330324266663,2.0666666666666664,1.6703488E7,246065.6,0.0,18.066666666666666,4.866666666666666,0.13333333333333333
1378872895,4,10399.998544,194.13330615466666,1.8666666666666665,1.6703488E7,190141.6,0.0,12.0,4.866666666666666,0.06666666666666667
1378873195,4,10399.998544,190.66663997333336,1.8333333333333335,1.6703488E7,11184.8,0.0,12.266666666666666,4.8,0.06666666666666667
1378873495,4,10399.998544,192.399973064,1.85,1.6703488E7,100663.2,0.0,12.0,4.8,0.06666666666666667
1378873795,4,10399.998544,188.93330688266667,1.8166666666666667,1.6703488E7,33554.4,0.0,11.933333333333334,4.8,0.06666666666666667
1378874095,4,10399.998544,197.59997233599998,1.9,1.6703488E7,44739.2,0.0,12.600000000000001,4.733333333333333,0.0
1378874395,4,10399.998544,188.93330688266667,1.8166666666666667,1.6703488E7,33554.4,0.0,12.533333333333335,4.8,0.06666666666666667
1378874695,4,10399.998544,194.13330615466666,1.8666666666666665,1.6703488E7,100663.2,0.0,12.4,4.866666666666666,0.06666666666666667
1378874995,4,10399.998544,194.13330615466666,1.8666666666666665,1.6703488E7,178956.8,0.0,12.0,4.733333333333333,0.06666666666666667
1378875295,4,10399.998544,194.13330615466666,1.8666666666666665,1.6703488E7,290804.8,0.0,12.2,4.666666666666667,0.06666666666666667
1378875595,4,10399.998544,190.66663997333336,1.8333333333333335,1.6703488E7,346728.8,0.0,12.2,4.733333333333333,0.06666666666666667
1378875895,4,10399.998544,199.33330542666667,1.9166666666666665,1.6703488E7,268435.2,0.0,13.266666666666666,4.8,0.06666666666666667
1378876195,4,10399.998544,214.93330324266663,2.0666666666666664,1.6703488E7,301989.6,0.0,17.933333333333334,4.733333333333333,0.06666666666666667
1378876495,4,10399.998544,192.399973064,1.85,1.6703488E7,279620.0,0.0,11.866666666666667,4.733333333333333,0.0
1378876795,4,10399.998544,194.13330615466666,1.8666666666666665,1.6703488E7,167772.0,0.0,12.266666666666666,4.733333333333333,0.06666666666666667
1378877095,4,10399.998544,197.59997233599998,1.9,1.6703488E7,89478.4,0.0,12.333333333333334,4.733333333333333,0.06666666666666667
1378877395,4,10399.998544,192.399973064,1.85,1.6703488E7,234880.8,0.0,12.066666666666666,4.8,0.06666666666666667
1378877695,4,10399.998544,197.59997233599998,1.9,1.6703488E7,391468.0,0.0,12.866666666666667,4.8,0.0
1378877995,4,10399.998544,192.399973064,1.85,1.6703488E7,391468.0,0.0,12.333333333333334,4.8,0.0
1378878295,4,10399.998544,195.86663924533335,1.8833333333333335,1.6703488E7,156587.2,0.0,12.066666666666666,4.733333333333333,0.06666666666666667
1378878595,4,10399.998544,197.59997233599998,1.9,1.6703488E7,100663.2,0.0,12.333333333333332,4.8,0.06666666666666667
1378878895,4,10399.998544,202.79997160799996,1.95,1.6703488E7,134217.6,0.0,12.266666666666666,4.866666666666666,0.06666666666666667
1378879195,4,10399.998544,199.33330542666667,1.9166666666666665,1.6703488E7,290804.8,0.0,12.333333333333334,4.866666666666666,0.06666666666666667
1378879495,4,10399.998544,204.53330469866665,1.9666666666666666,1.6703488E7,234880.8,0.0,13.066666666666666,4.866666666666666,0.06666666666666667
1378879795,4,10399.998544,218.399969424,2.1,1.6703488E7,313174.4,0.0,18.266666666666666,4.8,0.06666666666666667
1378880095,4,10399.998544,199.33330542666667,1.9166666666666665,1.6703488E7,234880.8,0.0,12.333333333333332,4.733333333333333,0.06666666666666667
1378880396,4,10399.998544,192.399973064,1.85,1.6703488E7,55924.0,0.0,12.133333333333333,4.933333333333334,0.06666666666666667
1378880696,4,10399.998544,213.199970152,2.05,1.6703488E7,67108.8,0.0,12.133333333333333,4.8,0.06666666666666667
1378880996,4,10399.998544,192.399973064,1.85,1.6703488E7,145402.4,0.0,12.266666666666666,4.8,0.06666666666666667
1378881296,4,10399.998544,202.79997160799996,1.95,1.6703488E7,212511.2,0.0,12.333333333333334,4.6,0.06666666666666667
1378881596,4,10399.998544,199.33330542666667,1.9166666666666665,1.6703488E7,167772.0,0.0,12.2,4.8,0.06666666666666667
1378881896,4,10399.998544,197.59997233599998,1.9,1.6703488E7,134217.6,0.0,12.533333333333333,4.933333333333334,0.06666666666666667
1378882196,4,10399.998544,195.86663924533335,1.8833333333333335,1.6703488E7,201326.4,0.0,12.4,4.533333333333333,0.06666666666666667
1378882496,4,10399.998544,202.79997160799996,1.95,1.6703488E7,100663.2,0.0,12.333333333333332,4.866666666666666,0.06666666666666667
1378882796,4,10399.998544,199.33330542666667,1.9166666666666665,1.6703488E7,167772.0,0.0,12.399999999999999,4.8,0.0
1378883096,4,10399.998544,206.26663778933332,1.9833333333333334,1.6703488E7,55924.0,0.0,13.666666666666668,4.933333333333334,0.13333333333333333
1378883396,4,10399.998544,214.93330324266663,2.0666666666666664,1.6703488E7,123032.8,0.0,17.733333333333334,4.933333333333334,0.06666666666666667
1378883696,4,10399.998544,195.86663924533335,1.8833333333333335,1.6703488E7,134217.6,0.0,12.399999999999999,4.733333333333333,0.06666666666666667
1378883996,4,10399.998544,192.399973064,1.85,1.6703488E7,67108.8,0.0,12.0,4.8,0.06666666666666667
1378884296,4,10399.998544,202.79997160799996,1.95,1.6703488E7,134217.6,0.0,12.333333333333334,4.666666666666667,0.06666666666666667
1378884596,4,10399.998544,197.59997233599998,1.9,1.6703488E7,178956.8,0.0,12.066666666666666,4.666666666666667,0.06666666666666667
1378884896,4,10399.998544,204.53330469866665,1.9666666666666666,1.6703488E7,67108.8,0.0,12.933333333333334,4.733333333333333,0.06666666666666667
1378885196,4,10399.998544,190.66663997333336,1.8333333333333335,1.6703488E7,0.0,0.0,12.533333333333333,4.866666666666666,0.06666666666666667
1378885496,4,10399.998544,199.33330542666667,1.9166666666666665,1.6703488E7,111848.0,0.0,12.2,4.6,0.06666666666666667
1378885796,4,10399.998544,197.59997233599998,1.9,1.6703488E7,134217.6,0.0,12.266666666666666,4.666666666666667,0.0
1378886096,4,10399.998544,1870.2664048293334,17.983333333333334,1.6703488E7,1230328.0,0.0,20.2,136.93333333333334,40.46666666666667
1378886396,4,10399.998544,2015.8663844453333,19.383333333333333,1.6703488E7,1979709.6,0.0,20.733333333333334,59.266666666666666,312.93333333333334
1378886696,4,10399.998544,1847.7330746506666,17.766666666666666,1.6703488E7,2046818.4,0.0,22.933333333333337,60.53333333333333,127.6
1378886996,4,10399.998544,433.3332726666667,4.166666666666667,1.6703488E7,1879046.4,0.0,19.4,6.933333333333334,26.666666666666668
1378887296,4,10399.998544,197.59997233599998,1.9,1.6703488E7,738196.8,0.0,12.466666666666667,4.8,0.06666666666666667
1378887596,4,10399.998544,197.59997233599998,1.9,1.6703488E7,246065.6,0.0,11.866666666666667,4.933333333333334,0.06666666666666667
1378887896,4,10399.998544,199.33330542666667,1.9166666666666665,1.6703488E7,145402.4,0.0,12.333333333333332,4.6,0.0
1378888196,4,10399.998544,195.86663924533335,1.8833333333333335,1.6703488E7,123032.8,0.0,11.8,4.733333333333333,0.06666666666666667
1378888496,4,10399.998544,197.59997233599998,1.9,1.6703488E7,89478.4,0.0,12.266666666666666,4.733333333333333,0.06666666666666667
1378888796,4,10399.998544,207.99997088,2.0,1.6703488E7,279620.0,0.0,13.466666666666665,5.0,0.4
1378889096,4,10399.998544,199.33330542666667,1.9166666666666665,1.6703488E7,279620.0,0.0,12.133333333333333,4.733333333333333,0.0
1378889396,4,10399.998544,194.13330615466666,1.8666666666666665,1.6703488E7,268435.2,0.0,12.266666666666666,4.533333333333333,0.06666666666666667
1378889696,4,10399.998544,731.4665642613334,7.033333333333334,1.6703488E7,570424.8,0.0,15.866666666666667,100.0,34.4
1378889997,4,10399.998544,199.33330542666667,1.9166666666666665,1.6703488E7,1398100.0,0.0,12.8,4.733333333333333,0.0
1378890297,4,10399.998544,201.06663851733333,1.9333333333333333,1.6703488E7,246065.6,0.0,13.666666666666666,4.733333333333333,0.13333333333333333
1378890597,4,10399.998544,216.66663633333334,2.0833333333333335,1.6703488E7,212511.2,0.0,17.866666666666667,4.933333333333334,0.06666666666666667
1378890897,4,10399.998544,195.86663924533335,1.8833333333333335,1.6703488E7,223696.0,0.0,12.333333333333332,4.733333333333333,0.06666666666666667
1378891197,4,10399.998544,190.66663997333336,1.8333333333333335,1.6703488E7,201326.4,0.0,12.466666666666665,4.733333333333333,0.06666666666666667
1378891497,4,10399.998544,195.86663924533335,1.8833333333333335,1.6703488E7,89478.4,0.0,12.399999999999999,4.8,0.06666666666666667
1378891797,4,10399.998544,1299.999818,12.5,1.6703488E7,1152034.4,0.0,21.6,156.33333333333334,40.86666666666667
1378892097,4,10399.998544,1591.199777232,15.3,1.6703488E7,2113927.2,0.0,19.866666666666667,85.53333333333333,467.2
1378892397,4,10399.998544,1809.599746656,17.4,1.6703488E7,2158666.4,0.0,23.200000000000003,67.66666666666667,34.86666666666667
1378892697,4,10399.998544,1514.9331212426669,14.566666666666668,1.6703488E7,1879046.4,0.0,20.666666666666668,68.46666666666667,66.86666666666666
1378892997,4,10399.998544,471.4666006613333,4.533333333333333,1.6703488E7,1879046.4,0.0,14.866666666666667,7.733333333333333,4.0
1378893297,4,10399.998544,195.86663924533335,1.8833333333333335,1.6703488E7,615164.0,0.0,12.466666666666665,4.8,0.06666666666666667
1378893597,4,10399.998544,202.79997160799996,1.95,1.6703488E7,145402.4,0.0,12.600000000000001,4.8,0.06666666666666667
1378893897,4,10399.998544,202.79997160799996,1.95,1.6703488E7,212511.2,0.0,14.266666666666666,4.866666666666666,0.2
1378894197,4,10399.998544,221.86663560533333,2.1333333333333333,1.6703488E7,413837.6,0.0,17.733333333333334,4.8,0.06666666666666667
1378894497,4,10399.998544,202.79997160799996,1.95,1.6703488E7,190141.6,0.0,12.866666666666667,4.733333333333333,0.06666666666666667
1378894797,4,10399.998544,209.73330397066667,2.0166666666666666,1.6703488E7,257250.4,0.0,14.333333333333334,5.066666666666666,0.4
1378895097,4,10399.998544,199.33330542666667,1.9166666666666665,1.6703488E7,223696.0,0.0,12.466666666666667,4.733333333333333,0.06666666666666667
1378895397,4,10399.998544,197.59997233599998,1.9,1.6703488E7,212511.2,0.0,12.666666666666668,4.666666666666667,0.06666666666666667
1378895697,4,10399.998544,206.26663778933332,1.9833333333333334,1.6703488E7,190141.6,0.0,12.866666666666667,4.733333333333333,0.06666666666666667
1378895997,4,10399.998544,204.53330469866665,1.9666666666666666,1.6703488E7,246065.6,0.0,12.4,4.933333333333334,0.0
1378896297,4,10399.998544,195.86663924533335,1.8833333333333335,1.6703488E7,212511.2,0.0,12.666666666666668,4.933333333333334,0.06666666666666667
1378896597,4,10399.998544,197.59997233599998,1.9,1.6703488E7,67108.8,0.0,12.266666666666666,4.866666666666666,0.06666666666666667
1378896897,4,10399.998544,202.79997160799996,1.95,1.6703488E7,123032.8,0.0,12.666666666666668,4.8,0.06666666666666667
1378897197,4,10399.998544,201.06663851733333,1.9333333333333333,1.6703488E7,22369.6,0.0,12.666666666666668,4.733333333333333,0.06666666666666667
1378897497,4,10399.998544,201.06663851733333,1.9333333333333333,1.6703488E7,123032.8,0.0,13.8,4.866666666666666,0.13333333333333333
1378897797,4,10399.998544,220.1333025146667,2.1166666666666667,1.6703488E7,201326.4,0.0,18.066666666666666,4.866666666666666,0.06666666666666667
1378898097,4,10399.998544,204.53330469866665,1.9666666666666666,1.6703488E7,234880.8,0.0,12.666666666666668,4.933333333333334,0.06666666666666667
1378898397,4,10399.998544,199.33330542666667,1.9166666666666665,1.6703488E7,201326.4,0.0,12.666666666666668,4.866666666666666,0.06666666666666667
1378898697,4,10399.998544,206.26663778933332,1.9833333333333334,1.6703488E7,290804.8,0.0,12.533333333333333,4.8,0.06666666666666667
1378898997,4,10399.998544,199.33330542666667,1.9166666666666665,1.6703488E7,212511.2,0.0,12.666666666666666,4.8,0.06666666666666667
1378899297,4,10399.998544,197.59997233599998,1.9,1.6703488E7,212511.2,0.0,13.0,4.8,0.06666666666666667
1378899597,4,10399.998544,192.399973064,1.85,1.6703488E7,223696.0,0.0,12.6,4.866666666666666,0.06666666666666667
1378899897,4,10399.998544,199.33330542666667,1.9166666666666665,1.6703488E7,201326.4,0.0,12.666666666666668,4.733333333333333,0.06666666666666667
1378900197,4,10399.998544,202.79997160799996,1.95,1.6703488E7,279620.0,0.0,12.533333333333333,4.866666666666666,0.0
1378900497,4,10399.998544,199.33330542666667,1.9166666666666665,1.6703488E7,246065.6,0.0,12.8,4.8,0.06666666666666667
1378900797,4,10399.998544,201.06663851733333,1.9333333333333333,1.6703488E7,246065.6,0.0,12.533333333333333,4.8,0.06666666666666667
1378901097,4,10399.998544,202.79997160799996,1.95,1.6703488E7,279620.0,0.0,13.666666666666666,4.866666666666666,0.13333333333333333
1378901397,4,10399.998544,220.1333025146667,2.1166666666666667,1.6703488E7,212511.2,0.0,18.2,4.933333333333334,0.06666666666666667
1378901697,4,10399.998544,195.86663924533335,1.8833333333333335,1.6703488E7,145402.4,0.0,12.466666666666667,4.8,0.0
1378901997,4,10399.998544,194.13330615466666,1.8666666666666665,1.6703488E7,134217.6,0.0,12.600000000000001,5.0,0.06666666666666667
1378902297,4,10399.998544,195.86663924533335,1.8833333333333335,1.6703488E7,111848.0,0.0,12.666666666666668,5.0,0.06666666666666667
1378902598,4,10399.998544,199.33330542666667,1.9166666666666665,1.6703488E7,11184.8,0.0,12.4,4.933333333333334,0.06666666666666667
1378902898,4,10399.998544,202.79997160799996,1.95,1.6703488E7,201326.4,0.0,13.2,4.733333333333333,0.06666666666666667
1378903198,4,10399.998544,202.79997160799996,1.95,1.6703488E7,167772.0,0.0,12.4,4.866666666666666,0.06666666666666667
1378903498,4,10399.998544,204.53330469866665,1.9666666666666666,1.6703488E7,201326.4,0.0,12.933333333333334,5.0,0.06666666666666667
1378903798,4,10399.998544,202.79997160799996,1.95,1.6703488E7,201326.4,0.0,12.666666666666668,4.866666666666666,0.06666666666666667
1378904098,4,10399.998544,216.66663633333334,2.0833333333333335,1.6703488E7,123032.8,0.0,12.733333333333334,4.866666666666666,0.06666666666666667
1378904398,4,10399.998544,199.33330542666667,1.9166666666666665,1.6703488E7,89478.4,0.0,12.666666666666668,4.933333333333334,0.06666666666666667
1378904698,4,10399.998544,206.26663778933332,1.9833333333333334,1.6703488E7,369098.4,0.0,14.133333333333333,4.933333333333334,0.2
1378904998,4,10399.998544,221.86663560533333,2.1333333333333333,1.6703488E7,268435.2,0.0,18.066666666666666,4.866666666666666,0.06666666666666667
1378905298,4,10399.998544,194.13330615466666,1.8666666666666665,1.6703488E7,402652.8,0.0,12.8,4.8,0.06666666666666667
1378905598,4,10399.998544,197.59997233599998,1.9,1.6703488E7,167772.0,0.0,12.866666666666667,4.8,0.06666666666666667
1378905898,4,10399.998544,201.06663851733333,1.9333333333333333,1.6703488E7,67108.8,0.0,12.533333333333333,4.933333333333334,0.06666666666666667
1378906198,4,10399.998544,201.06663851733333,1.9333333333333333,1.6703488E7,67108.8,0.0,12.666666666666668,4.933333333333334,0.06666666666666667
1378906498,4,10399.998544,201.06663851733333,1.9333333333333333,1.6703488E7,123032.8,0.0,12.866666666666667,4.8,0.06666666666666667
1378906798,4,10399.998544,204.53330469866665,1.9666666666666666,1.6703488E7,234880.8,0.0,12.8,4.933333333333334,0.06666666666666667
