Timestamp [ms],CPU cores,CPU capacity provisioned [MHZ],CPU usage [MHZ],CPU usage [%],Memory capacity provisioned [KB],Memory usage [KB],Disk read throughput [KB/s],Disk write throughput [KB/s],Network received throughput [KB/s],Network transmitted throughput [KB/s]
1376314846,1,2399.999729,671.9999241200001,28.0,524288.0,177906.66666666666,0.6666666666666667,351.73333333333335,183.0,1.4666666666666666
1376315146,1,2399.999729,449.5999492326667,18.733333333333334,524288.0,180002.93333333332,6.4,301.8,123.13333333333334,1.5333333333333334
1376315446,1,2399.999729,489.599944716,20.4,524288.0,153090.4,20.8,316.7333333333333,137.2,1.6
1376315746,1,2399.999729,411.1999535686667,17.133333333333333,524288.0,128623.73333333334,0.2,288.1333333333333,113.4,1.4666666666666666
1376316046,1,2399.999729,467.19994724533336,19.46666666666667,524288.0,142604.53333333333,241.86666666666667,297.46666666666664,117.93333333333334,1.5333333333333334
1376316346,1,2399.999729,835.199905692,34.8,524288.0,269132.5333333333,28.53333333333333,427.8666666666666,171.53333333333333,7.066666666666666
1376316646,1,2399.999729,511.9999421866667,21.333333333333336,524288.0,210762.13333333333,0.7333333333333333,332.6666666666667,144.33333333333334,1.8666666666666667
1376316946,1,2399.999729,543.9999385733332,22.666666666666664,524288.0,169867.2,0.13333333333333333,350.73333333333335,161.66666666666666,1.6
1376317246,1,2399.999729,503.99994309,21.0,524288.0,144701.6,24.73333333333333,339.8666666666667,145.33333333333334,1.5333333333333334
1376317546,1,2399.999729,515.1999418253333,21.466666666666665,524288.0,149594.93333333332,0.2,325.0,145.73333333333332,1.4
1376317846,1,2399.999729,556.799937128,23.2,524288.0,167769.6,0.13333333333333333,339.8,162.53333333333333,1.5333333333333334
1376318146,1,2399.999729,502.3999432706667,20.933333333333334,524288.0,161478.4,0.3333333333333333,327.8666666666667,142.4,1.5333333333333334
1376318446,1,2399.999729,518.3999414640001,21.6,524288.0,177905.6,0.6666666666666667,332.73333333333335,151.13333333333333,1.4666666666666666
1376318746,1,2399.999729,558.3999369473333,23.266666666666666,524288.0,170216.0,4.266666666666667,339.3333333333333,156.66666666666666,1.6666666666666667
1376319046,1,2399.999729,556.799937128,23.2,524288.0,152041.33333333334,16.066666666666666,340.0666666666667,155.6,1.5333333333333334
1376319346,1,2399.999729,523.199940922,21.8,524288.0,150294.4,0.3333333333333333,315.0666666666667,138.2,1.5333333333333334
1376319646,1,2399.999729,675.1999237586667,28.133333333333336,524288.0,158683.46666666667,242.0,354.26666666666665,172.13333333333333,1.7333333333333334
1376319946,1,2399.999729,755.1999147253333,31.466666666666665,524288.0,243618.13333333333,17.866666666666667,397.33333333333337,216.13333333333333,2.2666666666666666
1376320246,1,2399.999729,766.3999134606668,31.933333333333334,524288.0,211810.13333333333,0.7333333333333333,394.6,256.46666666666664,1.5333333333333334
1376320546,1,2399.999729,739.1999165320001,30.8,524288.0,184897.6,0.8,364.4,179.33333333333334,1.5333333333333334
1376320846,1,2399.999729,737.5999167126668,30.733333333333334,524288.0,166722.4,16.866666666666664,397.1333333333333,211.73333333333332,1.4
1376321146,1,2399.999729,534.3999396573333,22.266666666666666,524288.0,170916.0,0.26666666666666666,322.26666666666665,145.46666666666667,1.4666666666666666
1376321446,1,2399.999729,534.3999396573333,22.266666666666666,524288.0,157285.6,0.13333333333333333,330.06666666666666,143.86666666666667,1.6
1376321746,1,2399.999729,516.7999416446668,21.533333333333335,524288.0,144701.6,0.26666666666666666,317.20000000000005,138.93333333333334,1.4666666666666666
1376322046,1,2399.999729,492.7999443546667,20.533333333333335,524288.0,138411.2,0.26666666666666666,306.8,124.4,1.6666666666666667
1376322346,1,2399.999729,451.199949052,18.8,524288.0,121632.8,4.466666666666667,283.1333333333333,109.13333333333334,1.4666666666666666
1376322647,1,2399.999729,449.5999492326667,18.733333333333334,524288.0,154138.4,1.2666666666666666,284.6666666666667,105.8,1.5333333333333334
1376322947,1,2399.999729,422.399952304,17.6,524288.0,146448.8,0.06666666666666667,273.4666666666667,103.66666666666667,1.3333333333333333
1376323247,1,2399.999729,419.1999526653334,17.46666666666667,524288.0,135964.53333333333,0.06666666666666667,287.1333333333333,111.2,1.4
1376323547,1,2399.999729,462.39994778733336,19.266666666666666,524288.0,161478.93333333332,8.2,301.8,124.06666666666666,2.2666666666666666
1376323847,1,2399.999729,433.5999510393333,18.066666666666666,524288.0,152041.33333333334,0.9333333333333333,281.3333333333333,109.33333333333333,1.4666666666666666
1376324147,1,2399.999729,462.39994778733336,19.266666666666666,524288.0,141556.0,0.13333333333333333,278.1333333333333,109.33333333333333,1.4666666666666666
1376324447,1,2399.999729,478.39994598066664,19.933333333333334,524288.0,134914.66666666666,0.6000000000000001,283.79999999999995,111.53333333333333,1.4
1376324747,1,2399.999729,387.19995627866666,16.133333333333333,524288.0,133516.8,0.13333333333333333,283.0,103.8,1.5333333333333334
1376325047,1,2399.999729,377.59995736266666,15.733333333333333,524288.0,119535.73333333334,0.3333333333333333,277.93333333333334,105.0,1.4666666666666666
1376325347,1,2399.999729,942.3998935873334,39.266666666666666,524288.0,149245.6,0.4666666666666667,625.0666666666667,484.2,3.4
1376325647,1,2399.999729,1428.7998386646668,59.53333333333333,524288.0,249209.86666666667,1.0666666666666667,818.5333333333333,677.1333333333333,3.6666666666666665
1376325947,1,2399.999729,958.3998917806668,39.93333333333334,524288.0,263191.2,12.533333333333333,561.2,408.46666666666664,2.533333333333333
1376326247,1,2399.999729,427.19995176200007,17.8,524288.0,205868.26666666666,21.266666666666666,295.8666666666667,118.2,1.6666666666666667
1376326547,1,2399.999729,383.99995664,16.0,524288.0,134914.4,0.39999999999999997,269.73333333333335,105.0,1.2666666666666666
1376326847,1,2399.999729,379.19995718200005,15.8,524288.0,118138.13333333333,0.6,269.93333333333334,106.13333333333334,1.4666666666666666
1376327147,1,2399.999729,489.599944716,20.4,524288.0,164275.2,17.26666666666667,308.53333333333336,130.13333333333333,2.2666666666666666
1376327447,1,2399.999729,383.99995664,16.0,524288.0,156934.93333333332,0.26666666666666666,273.2,106.0,1.5333333333333334
1376327747,1,2399.999729,438.39995049733335,18.266666666666666,524288.0,127924.8,0.2,279.7333333333333,113.53333333333333,1.4666666666666666
1376328047,1,2399.999729,395.1999553753334,16.46666666666667,524288.0,162526.66666666666,10.266666666666666,281.93333333333334,105.73333333333333,1.6
1376328347,1,2399.999729,369.59995826600004,15.4,524288.0,151342.66666666666,0.06666666666666667,274.1333333333333,99.26666666666667,1.2666666666666666
1376328647,1,2399.999729,367.99995844666665,15.333333333333332,524288.0,156235.46666666667,0.06666666666666667,280.73333333333335,105.26666666666667,1.4666666666666666
1376328947,1,2399.999729,439.9999503166666,18.333333333333332,524288.0,128972.8,0.2,290.26666666666665,112.2,1.4666666666666666
1376329247,1,2399.999729,422.399952304,17.6,524288.0,135964.0,0.3333333333333333,286.79999999999995,105.86666666666666,1.4
1376329547,1,2399.999729,411.1999535686667,17.133333333333333,524288.0,127225.6,2.2,279.5333333333333,107.26666666666667,1.4
1376329847,1,2399.999729,385.5999564593333,16.066666666666666,524288.0,132467.73333333334,1.3333333333333333,277.5333333333333,102.6,1.4666666666666666
1376330147,1,2399.999729,371.1999580853333,15.466666666666667,524288.0,141206.66666666666,0.26666666666666666,272.3333333333333,101.0,1.4
1376330447,1,2399.999729,372.79995790466666,15.533333333333333,524288.0,139808.8,0.3333333333333333,272.8,104.33333333333333,1.4
1376330747,1,2399.999729,423.99995212333334,17.666666666666668,524288.0,180352.8,7.933333333333334,309.4,126.0,2.1333333333333333
1376331047,1,2399.999729,398.39995501400006,16.6,524288.0,131071.2,0.26666666666666666,277.6666666666667,110.4,1.6
1376331347,1,2399.999729,414.3999532073333,17.266666666666666,524288.0,167071.73333333334,0.0,274.06666666666666,105.93333333333334,1.4666666666666666
1376331647,1,2399.999729,363.1999589886667,15.133333333333333,524288.0,164624.8,0.06666666666666667,277.26666666666665,102.93333333333334,1.4
1376331947,1,2399.999729,395.1999553753334,16.46666666666667,524288.0,130371.2,0.13333333333333333,275.53333333333336,99.8,1.4
1376332247,1,2399.999729,383.99995664,16.0,524288.0,139458.4,4.0,282.99999999999994,106.0,1.5333333333333334
1376332547,1,2399.999729,435.1999508586667,18.133333333333333,524288.0,141206.93333333332,326.73333333333335,304.59999999999997,109.33333333333333,1.4
1376332847,1,2399.999729,457.59994832933336,19.066666666666666,524288.0,238724.0,364.93333333333334,307.1333333333333,107.53333333333333,2.2
1376333147,1,2399.999729,430.3999514006667,17.933333333333334,524288.0,214257.06666666668,74.2,281.26666666666665,107.66666666666667,1.5333333333333334
1376333447,1,2399.999729,535.9999394766668,22.333333333333336,524288.0,172313.86666666667,19.8,308.66666666666663,131.33333333333334,1.4666666666666666
1376333747,1,2399.999729,484.799945258,20.2,524288.0,163925.6,0.3333333333333333,272.2,108.06666666666666,1.4666666666666666
1376334047,1,2399.999729,406.39995411066667,16.933333333333334,524288.0,150642.66666666666,0.3333333333333333,276.0,105.33333333333333,1.6
1376334347,1,2399.999729,548.7999380313333,22.866666666666664,524288.0,318765.3333333333,715.1333333333333,347.06666666666666,138.0,2.2
1376334647,1,2399.999729,452.7999488713334,18.866666666666667,524288.0,257598.4,2.2666666666666666,277.93333333333334,106.93333333333334,1.4
1376334947,1,2399.999729,457.59994832933336,19.066666666666666,524288.0,176858.13333333333,0.4,270.46666666666664,105.26666666666667,1.4
1376335247,1,2399.999729,451.199949052,18.8,524288.0,148895.46666666667,17.0,279.6,105.0,1.4
1376335547,1,2399.999729,417.599952846,17.4,524288.0,157284.8,0.26666666666666666,266.5333333333333,102.53333333333333,1.4
1376335847,1,2399.999729,427.19995176200007,17.8,524288.0,147497.86666666667,0.13333333333333333,270.5333333333333,105.6,1.5333333333333334
1376336147,1,2399.999729,404.79995429133334,16.866666666666667,524288.0,126875.46666666666,0.2,273.20000000000005,103.73333333333333,1.4666666666666666
1376336447,1,2399.999729,420.7999524846666,17.53333333333333,524288.0,145750.66666666666,0.2,270.7333333333333,102.13333333333334,1.4
1376336747,1,2399.999729,454.3999486906667,18.933333333333334,524288.0,157284.0,3.7333333333333334,281.06666666666666,113.73333333333333,1.4666666666666666
1376337047,1,2399.999729,452.7999488713334,18.866666666666667,524288.0,141556.0,0.8,270.8666666666667,102.06666666666666,1.4
1376337347,1,2399.999729,443.1999499553334,18.46666666666667,524288.0,145750.4,0.33333333333333337,276.3333333333333,106.66666666666667,1.2666666666666666
1376337647,1,2399.999729,430.3999514006667,17.933333333333334,524288.0,119885.33333333333,0.06666666666666667,276.26666666666665,106.06666666666666,1.4666666666666666
1376337948,1,2399.999729,447.99994941333335,18.666666666666668,524288.0,162528.0,8.333333333333332,309.53333333333336,124.93333333333334,1.9333333333333333
1376338248,1,2399.999729,430.3999514006667,17.933333333333334,524288.0,137710.93333333332,0.3333333333333333,278.46666666666664,106.8,1.5333333333333334
1376338548,1,2399.999729,414.3999532073333,17.266666666666666,524288.0,132120.0,0.06666666666666667,279.26666666666665,104.66666666666667,1.4
1376338848,1,2399.999729,454.3999486906667,18.933333333333334,524288.0,140507.2,9.466666666666667,293.1333333333334,117.4,1.5333333333333334
1376339148,1,2399.999729,463.9999476066667,19.333333333333332,524288.0,144702.4,0.0,287.53333333333336,116.13333333333334,1.2666666666666666
1376339448,1,2399.999729,494.39994417400004,20.6,524288.0,147148.26666666666,0.33333333333333337,293.0,120.26666666666667,1.5333333333333334
1376339748,1,2399.999729,479.9999458,20.0,524288.0,154837.86666666667,0.13333333333333333,294.8,120.0,1.4
1376340048,1,2399.999729,470.3999468840001,19.6,524288.0,145400.53333333333,0.13333333333333333,295.1333333333333,119.33333333333333,1.4
1376340348,1,2399.999729,459.19994814866664,19.133333333333333,524288.0,151692.26666666666,4.0,298.40000000000003,125.2,1.2666666666666666
1376340648,1,2399.999729,470.3999468840001,19.6,524288.0,166022.13333333333,13.0,288.26666666666665,113.93333333333334,1.4
1376340948,1,2399.999729,484.799945258,20.2,524288.0,161479.2,0.13333333333333333,286.6666666666667,117.06666666666666,1.2666666666666666
1376341248,1,2399.999729,484.799945258,20.2,524288.0,149594.93333333332,0.2,286.06666666666666,118.66666666666667,1.3333333333333333
1376341548,1,2399.999729,487.99994489666665,20.333333333333332,524288.0,167421.33333333334,7.466666666666667,309.59999999999997,127.13333333333334,2.066666666666667
1376341848,1,2399.999729,462.39994778733336,19.266666666666666,524288.0,138410.4,0.8666666666666667,284.8,111.0,1.4
1376342148,1,2399.999729,465.59994742599997,19.4,524288.0,130021.86666666667,0.06666666666666667,284.79999999999995,111.06666666666666,1.2666666666666666
1376342448,1,2399.999729,435.1999508586667,18.133333333333333,524288.0,140508.0,1.1333333333333333,284.53333333333336,107.93333333333334,1.3333333333333333
1376342748,1,2399.999729,435.1999508586667,18.133333333333333,524288.0,139460.0,0.13333333333333333,282.8666666666667,107.53333333333333,1.4
1376343048,1,2399.999729,449.5999492326667,18.733333333333334,524288.0,139458.4,0.0,285.8,108.8,1.2666666666666666
1376343348,1,2399.999729,441.59995013599996,18.4,524288.0,155187.2,0.33333333333333337,284.3333333333333,105.2,1.2666666666666666
1376343648,1,2399.999729,417.599952846,17.4,524288.0,157285.33333333334,0.06666666666666667,284.33333333333337,107.4,1.3333333333333333
1376343948,1,2399.999729,423.99995212333334,17.666666666666668,524288.0,160431.2,2.6,279.40000000000003,103.13333333333334,1.2
1376344248,1,2399.999729,409.59995374933334,17.066666666666666,524288.0,135265.06666666668,0.8,280.93333333333334,104.46666666666667,1.3333333333333333
1376344548,1,2399.999729,441.59995013599996,18.4,524288.0,149945.6,0.13333333333333333,280.1333333333333,104.53333333333333,1.2666666666666666
1376344848,1,2399.999729,388.79995609799994,16.2,524288.0,136663.46666666667,4.533333333333333,290.46666666666664,113.2,1.3333333333333333
1376345148,1,2399.999729,495.9999439933333,20.666666666666664,524288.0,204469.86666666667,14.866666666666667,354.53333333333336,151.6,1.7333333333333334
1376345448,1,2399.999729,414.3999532073333,17.266666666666666,524288.0,182101.33333333334,1.3333333333333333,284.93333333333334,101.2,1.4
1376345748,1,2399.999729,428.79995158133335,17.866666666666667,524288.0,153440.26666666666,0.06666666666666667,284.73333333333335,103.86666666666666,1.3333333333333333
1376346048,1,2399.999729,443.1999499553334,18.46666666666667,524288.0,142604.26666666666,0.26666666666666666,279.3333333333333,100.13333333333334,1.2
1376346348,1,2399.999729,412.799953388,17.2,524288.0,131769.6,0.06666666666666667,276.4,101.06666666666666,1.0666666666666667
1376346648,1,2399.999729,404.79995429133334,16.866666666666667,524288.0,125826.66666666667,0.06666666666666667,291.53333333333336,105.6,1.3333333333333333
1376346948,1,2399.999729,481.59994561933337,20.066666666666666,524288.0,145750.93333333332,0.0,314.4,134.86666666666667,1.1333333333333333
1376347248,1,2399.999729,447.99994941333335,18.666666666666668,524288.0,134216.8,0.0,293.3333333333333,104.73333333333333,1.1333333333333333
1376347548,1,2399.999729,407.99995393000006,17.0,524288.0,136312.8,2.4,287.4,103.86666666666666,1.3333333333333333
1376347848,1,2399.999729,433.5999510393333,18.066666666666666,524288.0,124779.2,0.5333333333333333,289.6,99.06666666666666,1.2
1376348148,1,2399.999729,412.799953388,17.2,524288.0,115340.8,0.06666666666666667,279.0,101.8,1.1333333333333333
1376348448,1,2399.999729,398.39995501400006,16.6,524288.0,114991.46666666666,101.0,301.3333333333333,101.73333333333333,1.3333333333333333
1376348749,1,2399.999729,702.3999206873334,29.266666666666666,524288.0,296744.8,1763.0666666666666,657.3333333333333,154.6,2.066666666666667
1376349049,1,2399.999729,1097.5998760626667,45.73333333333333,524288.0,410340.26666666666,2074.7999999999997,508.8666666666667,106.66666666666667,1.5333333333333334
1376349349,1,2399.999729,2307.199739478667,96.13333333333334,524288.0,388669.86666666664,1743.4666666666667,333.33333333333337,108.33333333333333,1.5333333333333334
1376349649,1,2399.999729,2308.799739298,96.2,524288.0,336940.8,1769.8,339.3333333333333,106.06666666666666,1.4
1376349949,1,2399.999729,2313.599738756,96.4,524288.0,320512.26666666666,2024.0666666666666,332.8666666666667,104.06666666666666,1.2666666666666666
1376350249,1,2399.999729,2323.199737672,96.8,524288.0,380980.26666666666,1908.8000000000002,344.5333333333333,106.13333333333334,1.3333333333333333
1376350549,1,2399.999729,2249.5997459826667,93.73333333333333,524288.0,328202.4,1060.5333333333333,307.4,110.06666666666666,1.2
1376350849,1,2399.999729,2457.599722496,102.4,524288.0,375039.4666666667,1154.2666666666667,288.2,104.66666666666667,1.2
1376351149,1,2399.999729,2353.5997342393334,98.06666666666666,524288.0,386223.4666666667,1083.2,289.4666666666667,106.26666666666667,1.0666666666666667
1376351449,1,2399.999729,2507.199716895333,104.46666666666665,524288.0,371193.86666666664,1231.8,302.0,101.6,1.3333333333333333
1376351749,1,2399.999729,2324.7997374913334,96.86666666666666,524288.0,399854.13333333336,1037.2666666666667,296.06666666666666,103.8,1.1333333333333333
1376352049,1,2399.999729,2428.799725748,101.2,524288.0,373990.4,1129.0666666666668,312.2,114.26666666666667,1.0666666666666667
1376352349,1,2399.999729,2127.9997597133333,88.66666666666666,524288.0,337289.86666666664,1707.1333333333332,416.4,136.6,1.7333333333333334
1376352649,1,2399.999729,2223.9997488733334,92.66666666666666,524288.0,240821.06666666668,1894.6,360.06666666666666,103.46666666666667,1.1333333333333333
1376352949,1,2399.999729,2415.999727193333,100.66666666666666,524288.0,301988.8,2326.866666666667,377.2,100.26666666666667,1.1333333333333333
1376353249,1,2399.999729,2295.9997407433334,95.66666666666666,524288.0,394263.2,2621.0666666666666,418.33333333333337,100.4,1.2666666666666666
1376353549,1,2399.999729,2315.199738575333,96.46666666666665,524288.0,424671.2,2477.9333333333334,405.06666666666666,103.73333333333333,1.1333333333333333
1376353849,1,2399.999729,2353.5997342393334,98.06666666666666,524288.0,403700.0,2549.866666666667,412.46666666666664,104.6,1.2
1376354149,1,2399.999729,2107.199762062,87.8,524288.0,407894.4,1851.3333333333335,371.2,101.06666666666666,1.1333333333333333
1376354449,1,2399.999729,399.9999548333334,16.666666666666668,524288.0,300240.26666666666,2.6666666666666665,288.3333333333333,102.0,1.1333333333333333
1376354749,1,2399.999729,407.99995393000006,17.0,524288.0,178255.73333333334,14.733333333333333,289.4666666666667,102.6,1.1333333333333333
1376355049,1,2399.999729,385.5999564593333,16.066666666666666,524288.0,141906.4,22.733333333333334,287.0,98.2,1.2
1376355349,1,2399.999729,428.79995158133335,17.866666666666667,524288.0,135963.73333333334,0.26666666666666666,289.26666666666665,104.53333333333333,1.0
1376355649,1,2399.999729,415.9999530266666,17.333333333333332,524288.0,130021.33333333333,0.26666666666666666,288.3333333333333,101.53333333333333,1.2
1376355949,1,2399.999729,452.7999488713334,18.866666666666667,524288.0,151692.0,10.133333333333333,326.4,134.2,1.8666666666666667
1376356249,1,2399.999729,435.1999508586667,18.133333333333333,524288.0,140857.06666666668,0.0,291.6,107.0,1.2
1376356549,1,2399.999729,425.59995194266673,17.733333333333334,524288.0,123730.66666666667,0.2,287.0,102.2,1.2666666666666666
1376356849,1,2399.999729,420.7999524846666,17.53333333333333,524288.0,120234.93333333333,0.0,291.1333333333333,100.73333333333333,1.1333333333333333
1376357149,1,2399.999729,414.3999532073333,17.266666666666666,524288.0,126875.46666666666,0.2,284.1333333333333,100.93333333333334,1.2
1376357449,1,2399.999729,412.799953388,17.2,524288.0,130371.46666666666,0.3333333333333333,280.33333333333337,102.4,1.1333333333333333
1376357749,1,2399.999729,401.5999546526667,16.733333333333334,524288.0,128972.53333333334,0.2,285.73333333333335,100.66666666666667,1.2
1376358049,1,2399.999729,455.99994851,19.0,524288.0,123380.8,0.0,283.5333333333333,102.53333333333333,1.0666666666666667
1376358349,1,2399.999729,436.799950678,18.2,524288.0,138060.26666666666,3.8666666666666667,289.6,105.46666666666667,1.2
1376358649,1,2399.999729,388.79995609799994,16.2,524288.0,129322.66666666667,1.3333333333333333,286.26666666666665,100.93333333333334,1.2
1376358949,1,2399.999729,411.1999535686667,17.133333333333333,524288.0,152041.6,0.06666666666666667,280.93333333333334,102.0,1.2
1376359250,1,2399.999729,388.79995609799994,16.2,524288.0,128972.8,0.2,281.6,105.86666666666666,1.2
1376359550,1,2399.999729,615.9999304433333,25.666666666666664,524288.0,247461.86666666667,508.3333333333333,345.93333333333334,128.2,2.2666666666666666
1376359850,1,2399.999729,369.59995826600004,15.4,524288.0,197131.2,2.3333333333333335,294.2,103.6,1.1333333333333333
1376360150,1,2399.999729,412.799953388,17.2,524288.0,145750.4,0.9333333333333333,292.0,105.66666666666667,1.1333333333333333
1376360450,1,2399.999729,455.99994851,19.0,524288.0,205868.8,879.1333333333334,410.93333333333334,107.13333333333334,1.4666666666666666
1376360750,1,2399.999729,387.19995627866666,16.133333333333333,524288.0,338338.6666666667,4.0,294.3333333333333,104.93333333333334,1.1333333333333333
1376361050,1,2399.999729,387.19995627866666,16.133333333333333,524288.0,210412.53333333333,1.5999999999999999,290.73333333333335,103.93333333333334,1.0666666666666667
1376361350,1,2399.999729,391.99995573666666,16.333333333333332,524288.0,184198.93333333332,0.4666666666666667,286.0,103.13333333333334,0.9333333333333333
1376361650,1,2399.999729,390.39995591733333,16.266666666666666,524288.0,156934.93333333332,0.6,290.1333333333333,103.53333333333333,1.0
1376361950,1,2399.999729,428.79995158133335,17.866666666666667,524288.0,158333.33333333334,4.733333333333333,293.66666666666663,107.46666666666667,1.2
1376362250,1,2399.999729,356.7999597113334,14.866666666666667,524288.0,174759.46666666667,7.6,283.0,99.06666666666666,1.1333333333333333
1376362550,1,2399.999729,369.59995826600004,15.4,524288.0,174760.53333333333,0.13333333333333333,281.93333333333334,103.66666666666667,1.0
1376362849,1,2399.999729,390.39995591733333,16.266666666666666,524288.0,152041.33333333334,8.799999999999999,293.06666666666666,104.8,1.2
1376363149,1,2399.999729,393.599955556,16.4,524288.0,178256.0,6.733333333333333,310.4,121.2,1.6666666666666667
1376363449,1,2399.999729,401.5999546526667,16.733333333333334,524288.0,147847.2,0.2,284.0,105.53333333333333,1.2666666666666666
1376363749,1,2399.999729,383.99995664,16.0,524288.0,160081.6,0.13333333333333333,281.5333333333333,105.0,1.0
1376364049,1,2399.999729,355.19995989200004,14.8,524288.0,169868.0,0.39999999999999997,287.26666666666665,101.46666666666667,1.0
1376364349,1,2399.999729,364.799958808,15.2,524288.0,168469.86666666667,0.06666666666666667,281.26666666666665,100.46666666666667,0.8666666666666667
1376364650,1,2399.999729,383.99995664,16.0,524288.0,138410.4,0.13333333333333333,287.93333333333334,106.06666666666666,1.0
1376364950,1,2399.999729,375.9999575433334,15.666666666666668,524288.0,137360.8,0.06666666666666667,292.5333333333333,109.06666666666666,1.0666666666666667
1376365250,1,2399.999729,366.3999586273334,15.266666666666667,524288.0,137362.4,0.33333333333333337,282.0,100.86666666666666,1.0
1376365550,1,2399.999729,369.59995826600004,15.4,524288.0,140508.0,3.533333333333333,287.93333333333334,105.46666666666667,1.0666666666666667
1376365850,1,2399.999729,353.59996007266665,14.733333333333333,524288.0,132817.86666666667,0.7333333333333334,285.8666666666667,98.0,1.0666666666666667
1376366150,1,2399.999729,366.3999586273334,15.266666666666667,524288.0,154138.66666666666,0.06666666666666667,283.53333333333336,103.13333333333334,0.8666666666666667
1376366450,1,2399.999729,375.9999575433334,15.666666666666668,524288.0,123730.13333333333,0.26666666666666666,288.2,102.8,1.1333333333333333
1376366750,1,2399.999729,443.1999499553334,18.46666666666667,524288.0,152041.33333333334,13.4,329.5333333333333,131.66666666666666,1.5333333333333334
1376367050,1,2399.999729,539.1999391153333,22.466666666666665,524288.0,146449.33333333334,0.4666666666666667,331.6666666666667,144.53333333333333,1.0
1376367350,1,2399.999729,433.5999510393333,18.066666666666666,524288.0,158333.06666666668,0.26666666666666666,301.26666666666665,118.93333333333334,1.0666666666666667
1376367650,1,2399.999729,385.5999564593333,16.066666666666666,524288.0,140857.06666666668,0.6666666666666666,290.93333333333334,101.73333333333333,1.0
1376367950,1,2399.999729,371.1999580853333,15.466666666666667,524288.0,135614.4,0.0,280.3333333333333,102.06666666666666,0.9333333333333333
1376368250,1,2399.999729,407.99995393000006,17.0,524288.0,126526.4,0.06666666666666667,287.6,102.53333333333333,1.0
1376368550,1,2399.999729,382.3999568206666,15.933333333333332,524288.0,133516.26666666666,0.26666666666666666,282.26666666666665,102.6,0.8666666666666667
1376368850,1,2399.999729,430.3999514006667,17.933333333333334,524288.0,149595.2,0.3333333333333333,283.79999999999995,100.13333333333334,1.1333333333333333
1376369150,1,2399.999729,407.99995393000006,17.0,524288.0,134566.4,4.333333333333334,283.8666666666667,107.06666666666666,1.1333333333333333
1376369450,1,2399.999729,388.79995609799994,16.2,524288.0,169169.06666666668,0.4,290.6,104.53333333333333,1.0666666666666667
1376369750,1,2399.999729,399.9999548333334,16.666666666666668,524288.0,155186.93333333332,0.06666666666666667,279.2,104.66666666666667,1.0
1376370050,1,2399.999729,395.1999553753334,16.46666666666667,524288.0,141905.6,0.26666666666666666,282.0,104.6,1.2
1376370350,1,2399.999729,419.1999526653334,17.46666666666667,524288.0,171615.73333333334,9.066666666666666,304.6,118.33333333333333,1.6666666666666667
1376370650,1,2399.999729,409.59995374933334,17.066666666666666,524288.0,147847.2,0.3333333333333333,285.46666666666664,105.26666666666667,1.1333333333333333
1376370950,1,2399.999729,395.1999553753334,16.46666666666667,524288.0,132119.2,0.0,280.6,102.8,1.1333333333333333
1376371250,1,2399.999729,406.39995411066667,16.933333333333334,524288.0,160430.13333333333,11.066666666666666,295.6,115.46666666666667,1.2
1376371550,1,2399.999729,407.99995393000006,17.0,524288.0,142604.0,0.06666666666666667,278.46666666666664,103.6,1.0
1376371850,1,2399.999729,387.19995627866666,16.133333333333333,524288.0,118487.2,0.2,285.0,104.73333333333333,1.1333333333333333
1376372150,1,2399.999729,399.9999548333334,16.666666666666668,524288.0,136312.8,0.13333333333333333,281.5333333333333,104.4,1.0
1376372450,1,2399.999729,441.59995013599996,18.4,524288.0,139807.73333333334,0.06666666666666667,289.8666666666667,107.8,1.0666666666666667
1376372750,1,2399.999729,387.19995627866666,16.133333333333333,524288.0,143652.0,2.1333333333333333,288.1333333333333,106.4,1.0
1376373050,1,2399.999729,406.39995411066667,16.933333333333334,524288.0,124429.6,0.8,286.8,101.93333333333334,1.1333333333333333
1376373350,1,2399.999729,407.99995393000006,17.0,524288.0,157283.73333333334,0.13333333333333333,282.8666666666667,104.46666666666667,1.0666666666666667
1376373651,1,2399.999729,406.39995411066667,16.933333333333334,524288.0,132818.4,0.0,284.4666666666667,104.53333333333333,1.1333333333333333
1376373951,1,2399.999729,479.9999458,20.0,524288.0,211461.06666666668,234.06666666666666,323.73333333333335,121.13333333333334,2.1333333333333333
1376374251,1,2399.999729,430.3999514006667,17.933333333333334,524288.0,175109.86666666667,0.26666666666666666,291.4666666666667,105.46666666666667,1.4
1376374551,1,2399.999729,417.599952846,17.4,524288.0,146449.33333333334,0.26666666666666666,286.8,104.66666666666667,1.2666666666666666
1376374851,1,2399.999729,414.3999532073333,17.266666666666666,524288.0,146449.6,0.7333333333333334,295.6666666666667,103.06666666666666,1.1333333333333333
1376375151,1,2399.999729,414.3999532073333,17.266666666666666,524288.0,136662.13333333333,0.13333333333333333,281.73333333333335,101.66666666666667,1.0
1376375451,1,2399.999729,412.799953388,17.2,524288.0,141556.26666666666,0.4666666666666667,294.33333333333337,107.6,1.0666666666666667
1376375751,1,2399.999729,401.5999546526667,16.733333333333334,524288.0,131769.6,0.26666666666666666,292.5333333333333,106.2,1.2666666666666666
1376376051,1,2399.999729,383.99995664,16.0,524288.0,117788.0,0.06666666666666667,290.26666666666665,105.26666666666667,1.2
1376376351,1,2399.999729,420.7999524846666,17.53333333333333,524288.0,152740.8,2.8000000000000003,297.66666666666663,110.93333333333334,1.2
1376376651,1,2399.999729,406.39995411066667,16.933333333333334,524288.0,138409.6,0.13333333333333333,295.8666666666667,102.86666666666666,1.2666666666666666
1376376951,1,2399.999729,1033.5998832893335,43.06666666666667,524288.0,147847.2,0.7333333333333334,644.6,496.8,3.2666666666666666
1376377251,1,2399.999729,1479.9998328833335,61.66666666666667,524288.0,250258.4,245.2,862.9333333333334,699.1333333333333,4.066666666666666
1376377551,1,2399.999729,1524.7998278246666,63.53333333333333,524288.0,344979.73333333334,23.666666666666668,895.1999999999999,738.6,4.4
1376377851,1,2399.999729,907.1998975619999,37.8,524288.0,287308.0,2.9333333333333336,528.5333333333333,357.4,2.4
1376378151,1,2399.999729,487.99994489666665,20.333333333333332,524288.0,209713.33333333334,1.0,327.2,144.86666666666667,1.3333333333333333
1376378451,1,2399.999729,415.9999530266666,17.333333333333332,524288.0,163925.86666666667,19.666666666666668,298.3333333333333,106.2,1.3333333333333333
1376378751,1,2399.999729,414.3999532073333,17.266666666666666,524288.0,161129.86666666667,0.4666666666666667,285.5333333333333,103.8,1.2666666666666666
1376379051,1,2399.999729,415.9999530266666,17.333333333333332,524288.0,142605.6,0.4,295.8,108.73333333333333,1.2666666666666666
1376379351,1,2399.999729,390.39995591733333,16.266666666666666,524288.0,144701.6,0.4666666666666667,292.4,108.2,1.2666666666666666
1376379651,1,2399.999729,423.99995212333334,17.666666666666668,524288.0,141555.2,0.26666666666666666,298.46666666666664,109.46666666666667,1.2
1376379951,1,2399.999729,431.99995122,18.0,524288.0,139458.4,3.933333333333333,295.4666666666667,108.73333333333333,1.2666666666666666
1376380251,1,2399.999729,391.99995573666666,16.333333333333332,524288.0,133167.2,2.066666666666667,294.8,104.2,1.1333333333333333
1376380551,1,2399.999729,385.5999564593333,16.066666666666666,524288.0,143654.4,0.26666666666666666,283.3333333333333,105.33333333333333,1.1333333333333333
1376380851,1,2399.999729,427.19995176200007,17.8,524288.0,133865.86666666667,239.06666666666666,298.26666666666665,111.26666666666667,1.3333333333333333
1376381151,1,2399.999729,579.1999345986667,24.133333333333336,524288.0,212509.33333333334,11.466666666666667,357.4666666666667,142.33333333333334,3.066666666666667
1376381451,1,2399.999729,569.5999356826667,23.733333333333334,524288.0,174061.33333333334,0.26666666666666666,351.4666666666667,162.6,1.6
1376381751,1,2399.999729,1446.3998366773335,60.26666666666667,524288.0,208664.0,0.8666666666666666,449.1333333333333,268.53333333333336,1.4
1376382051,1,2399.999729,558.3999369473333,23.266666666666666,524288.0,214605.86666666667,24.733333333333334,347.6,146.66666666666666,2.8666666666666667
1376382351,1,2399.999729,1015.9998852766666,42.33333333333333,524288.0,261793.06666666668,436.4666666666667,603.4666666666667,284.4,8.933333333333334
1376382651,1,2399.999729,830.3999062340001,34.6,524288.0,272278.93333333335,1.4,450.93333333333334,281.1333333333333,1.2
1376382951,1,2399.999729,1035.1998831086667,43.13333333333333,524288.0,269132.8,0.8,619.6666666666666,483.4,1.2666666666666666
1376383251,1,2399.999729,999.9998870833334,41.66666666666667,524288.0,297444.26666666666,1.4,555.2666666666667,406.8666666666667,1.3333333333333333
1376383551,1,2399.999729,809.5999085826667,33.733333333333334,524288.0,274724.0,13.933333333333334,476.8666666666667,311.46666666666664,1.2
1376383851,1,2399.999729,875.1999011753334,36.46666666666667,524288.0,244316.0,26.2,502.66666666666663,298.8,1.4
1376384151,1,2399.999729,518.3999414640001,21.6,524288.0,228586.4,0.6666666666666666,335.8,148.13333333333333,1.3333333333333333
1376384451,1,2399.999729,548.7999380313333,22.866666666666664,524288.0,185595.2,244.26666666666668,420.26666666666665,208.66666666666666,1.9333333333333333
1376384752,1,2399.999729,607.9999313466668,25.333333333333336,524288.0,236977.06666666668,20.6,402.53333333333336,197.66666666666666,2.066666666666667
1376385052,1,2399.999729,699.1999210486667,29.133333333333336,524288.0,213908.0,1.2666666666666666,426.0,246.06666666666666,1.4
1376385352,1,2399.999729,819.1999074986667,34.13333333333333,524288.0,228936.0,1.1333333333333333,450.6,276.4,1.3333333333333333
1376385652,1,2399.999729,827.1999065953335,34.46666666666667,524288.0,198529.06666666668,16.866666666666667,454.53333333333336,285.6,1.2
1376385952,1,2399.999729,811.199908402,33.8,524288.0,233481.33333333334,0.4666666666666667,410.20000000000005,238.33333333333334,1.1333333333333333
1376386252,1,2399.999729,815.9999078600001,34.0,524288.0,199576.26666666666,1.3333333333333333,486.6666666666667,321.8666666666667,1.4
1376386552,1,2399.999729,905.5998977426668,37.733333333333334,524288.0,256200.0,1.2666666666666666,403.26666666666665,224.86666666666667,1.3333333333333333
1376386852,1,2399.999729,843.1999047886668,35.13333333333333,524288.0,197130.4,0.9333333333333333,447.8666666666667,278.26666666666665,1.5333333333333334
1376387152,1,2399.999729,1065.599879676,44.4,524288.0,260044.8,5.8,530.4,357.26666666666665,1.3333333333333333
1376387452,1,2399.999729,582.3999342373334,24.266666666666666,524288.0,209713.6,19.266666666666666,436.4666666666667,262.4,1.3333333333333333
1376387752,1,2399.999729,652.7999262879999,27.2,524288.0,216003.2,0.8666666666666667,397.53333333333336,224.26666666666668,1.2666666666666666
1376388052,1,2399.999729,801.599909486,33.4,524288.0,234179.73333333334,245.86666666666667,476.66666666666663,291.93333333333334,1.3333333333333333
1376388352,1,2399.999729,518.3999414640001,21.6,524288.0,280666.93333333335,21.066666666666666,340.20000000000005,146.6,1.8
1376388652,1,2399.999729,668.7999244813333,27.866666666666664,524288.0,214257.06666666668,0.8666666666666667,398.2,234.46666666666667,1.4
1376388952,1,2399.999729,718.3999188806666,29.933333333333334,524288.0,194333.6,0.6,456.6666666666667,289.8666666666667,1.2666666666666666
1376389252,1,2399.999729,844.799904608,35.2,524288.0,225092.26666666666,16.266666666666666,505.3333333333333,337.0,1.0666666666666667
1376389552,1,2399.999729,868.7999018980001,36.2,524288.0,244316.53333333333,0.9333333333333333,512.4666666666667,336.1333333333333,1.2
1376389852,1,2399.999729,905.5998977426668,37.733333333333334,524288.0,245015.46666666667,0.8,515.0,330.46666666666664,1.3333333333333333
1376390152,1,2399.999729,830.3999062340001,34.6,524288.0,248161.33333333334,0.9333333333333333,482.3333333333333,306.26666666666665,1.4
1376390452,1,2399.999729,550.3999378506667,22.933333333333334,524288.0,225442.4,1.4666666666666666,372.4666666666667,172.33333333333334,1.2666666666666666
1376390752,1,2399.999729,513.599942006,21.4,524288.0,183499.2,13.066666666666666,357.6,179.66666666666666,1.3333333333333333
1376391052,1,2399.999729,636.7999280946667,26.533333333333335,524288.0,199227.2,20.26666666666667,402.0,219.46666666666667,1.2666666666666666
1376391352,1,2399.999729,798.3999098473333,33.266666666666666,524288.0,206217.33333333334,0.8,499.6,329.4,1.2
1376391652,1,2399.999729,846.3999044273334,35.266666666666666,524288.0,225441.86666666667,244.53333333333336,517.4,333.6,1.4
1376391952,1,2399.999729,1054.3998809406667,43.93333333333333,524288.0,328551.4666666667,20.46666666666667,542.3333333333334,353.93333333333334,2.466666666666667
1376392252,1,2399.999729,884.7999000913334,36.86666666666667,524288.0,284511.73333333334,1.1333333333333333,525.7333333333333,341.73333333333335,1.9333333333333333
1376392552,1,2399.999729,764.7999136413332,31.866666666666664,524288.0,241869.33333333334,1.1333333333333333,447.73333333333335,265.3333333333333,1.4666666666666666
1376392853,1,2399.999729,601.5999320693334,25.066666666666666,524288.0,207965.6,26.8,442.4666666666667,260.2,1.4666666666666666
1376393153,1,2399.999729,934.3998944906667,38.93333333333334,524288.0,246064.53333333333,0.7999999999999999,464.73333333333335,282.0,1.3333333333333333
1376393453,1,2399.999729,678.3999233973333,28.266666666666666,524288.0,223344.0,0.9333333333333333,397.93333333333334,201.06666666666666,2.2666666666666666
1376393753,1,2399.999729,575.99993496,24.0,524288.0,199227.2,1.1333333333333333,389.26666666666665,197.6,1.6666666666666667
1376394053,1,2399.999729,737.5999167126668,30.733333333333334,524288.0,204469.6,0.8666666666666667,434.4666666666667,265.06666666666666,2.0
1376394353,1,2399.999729,779.1999120153334,32.46666666666667,524288.0,203072.8,6.0,432.93333333333334,254.8,1.6666666666666667
1376394653,1,2399.999729,995.1998876253333,41.46666666666667,524288.0,223695.2,17.8,535.2666666666667,362.2,1.6
1376394953,1,2399.999729,671.9999241200001,28.0,524288.0,246413.33333333334,0.7333333333333333,398.26666666666665,217.93333333333334,1.4666666666666666
1376395253,1,2399.999729,444.7999497746667,18.53333333333333,524288.0,195732.26666666666,239.26666666666665,331.5333333333333,144.93333333333334,1.4666666666666666
1376395552,1,2399.999729,436.799950678,18.2,524288.0,250957.6,19.6,331.5333333333333,124.73333333333333,1.8666666666666667
1376395852,1,2399.999729,390.39995591733333,16.266666666666666,524288.0,173362.66666666666,1.4,303.06666666666666,108.46666666666667,1.6
1376396152,1,2399.999729,393.599955556,16.4,524288.0,133167.73333333334,0.7333333333333333,295.73333333333335,107.93333333333334,1.2666666666666666
1376396452,1,2399.999729,355.19995989200004,14.8,524288.0,149594.93333333332,15.266666666666666,297.26666666666665,107.33333333333333,1.3333333333333333
1376396752,1,2399.999729,383.99995664,16.0,524288.0,144701.6,0.26666666666666666,293.1333333333333,109.0,1.4
1376397052,1,2399.999729,390.39995591733333,16.266666666666666,524288.0,138759.73333333334,0.2,299.06666666666666,112.86666666666666,1.4666666666666666
1376397352,1,2399.999729,406.39995411066667,16.933333333333334,524288.0,146100.26666666666,0.3333333333333333,300.20000000000005,117.8,1.3333333333333333
1376397652,1,2399.999729,372.79995790466666,15.533333333333333,524288.0,125827.46666666666,0.26666666666666666,300.73333333333335,115.46666666666667,1.3333333333333333
1376397952,1,2399.999729,361.5999591693334,15.066666666666668,524288.0,115341.6,4.0,290.8666666666667,108.06666666666666,1.2666666666666666
1376398252,1,2399.999729,396.7999551946666,16.53333333333333,524288.0,134215.73333333334,1.2,296.26666666666665,108.8,1.3333333333333333
1376398552,1,2399.999729,364.799958808,15.2,524288.0,130721.06666666667,0.3333333333333333,282.73333333333335,105.06666666666666,1.2666666666666666
1376398853,1,2399.999729,382.3999568206666,15.933333333333332,524288.0,132118.13333333333,174.8,303.8666666666667,118.0,1.3333333333333333
1376399153,1,2399.999729,451.199949052,18.8,524288.0,208664.0,7.3999999999999995,342.1333333333333,137.8,2.066666666666667
1376399453,1,2399.999729,611.1999309853334,25.466666666666665,524288.0,171965.6,0.6666666666666666,424.93333333333334,246.73333333333332,3.0
1376399753,1,2399.999729,476.79994616133337,19.866666666666667,524288.0,184547.2,0.5333333333333333,327.4,138.93333333333334,1.4
1376400053,1,2399.999729,673.5999239393334,28.066666666666666,524288.0,175809.06666666668,2.666666666666667,373.3333333333333,185.73333333333332,2.933333333333333
1376400353,1,2399.999729,667.1999246620002,27.8,524288.0,173013.06666666668,0.2,392.79999999999995,210.06666666666666,1.4666666666666666
1376400653,1,2399.999729,759.9999141833333,31.666666666666664,524288.0,165673.6,0.3333333333333333,406.5333333333333,213.0,1.3333333333333333
1376400953,1,2399.999729,723.1999183386667,30.133333333333336,524288.0,193985.06666666668,0.6,401.26666666666665,222.06666666666666,1.3333333333333333
1376401253,1,2399.999729,723.1999183386667,30.133333333333336,524288.0,188741.6,0.8,396.66666666666663,213.73333333333332,1.3333333333333333
1376401553,1,2399.999729,444.7999497746667,18.53333333333333,524288.0,158332.53333333333,10.0,314.4,127.0,1.3333333333333333
1376401853,1,2399.999729,353.59996007266665,14.733333333333333,524288.0,144701.86666666667,22.46666666666667,294.66666666666663,100.4,1.2666666666666666
1376402153,1,2399.999729,409.59995374933334,17.066666666666666,524288.0,163575.46666666667,0.13333333333333333,309.93333333333334,121.8,1.2
1376402453,1,2399.999729,388.79995609799994,16.2,524288.0,152391.2,241.86666666666667,304.73333333333335,109.8,1.4
1376402753,1,2399.999729,500.7999434513333,20.866666666666664,524288.0,218799.73333333334,17.4,352.6,139.73333333333332,2.1333333333333333
1376403053,1,2399.999729,452.7999488713334,18.866666666666667,524288.0,178605.86666666667,0.6666666666666666,326.0,125.6,1.7333333333333334
1376403353,1,2399.999729,499.19994363200004,20.8,524288.0,147846.4,0.5333333333333333,354.33333333333337,158.4,1.2666666666666666
1376403653,1,2399.999729,508.79994254800005,21.2,524288.0,208665.6,26.0,345.5333333333333,149.86666666666667,1.4
1376403953,1,2399.999729,473.5999465226667,19.733333333333334,524288.0,218101.6,0.3333333333333333,342.73333333333335,148.26666666666668,1.2666666666666666
1376404253,1,2399.999729,483.1999454386667,20.133333333333333,524288.0,165323.73333333334,0.3333333333333333,348.93333333333334,149.93333333333334,1.5333333333333334
1376404553,1,2399.999729,460.79994796799997,19.2,524288.0,180004.26666666666,0.4,336.6,139.33333333333334,1.2
1376404853,1,2399.999729,470.3999468840001,19.6,524288.0,157983.46666666667,0.5333333333333333,346.0,148.33333333333334,1.4
1376405153,1,2399.999729,428.79995158133335,17.866666666666667,524288.0,154837.6,2.1333333333333333,347.0,148.66666666666666,1.2666666666666666
1376405453,1,2399.999729,465.59994742599997,19.4,524288.0,182799.46666666667,20.6,344.46666666666664,147.6,1.2666666666666666
1376405753,1,2399.999729,436.799950678,18.2,524288.0,175110.4,0.4,328.1333333333333,137.8,1.1333333333333333
1376406053,1,2399.999729,595.199932792,24.8,524288.0,156934.66666666666,237.66666666666669,388.3333333333333,187.53333333333333,1.5333333333333334
1376406353,1,2399.999729,627.1999291786668,26.133333333333336,524288.0,232781.6,18.466666666666665,398.8,206.13333333333333,2.066666666666667
1376406653,1,2399.999729,663.9999250233334,27.666666666666664,524288.0,291501.86666666664,929.8000000000001,418.8666666666667,193.4,1.4
1376406954,1,2399.999729,599.99993225,25.0,524288.0,280316.5333333333,3.2,357.26666666666665,166.86666666666667,1.3333333333333333
1376407254,1,2399.999729,791.9999105700001,33.0,524288.0,183149.33333333334,33.733333333333334,401.5333333333333,210.0,1.2666666666666666
1376407554,1,2399.999729,540.7999389346667,22.533333333333335,524288.0,175459.73333333334,0.8666666666666667,322.1333333333333,138.93333333333334,1.3333333333333333
1376407854,1,2399.999729,532.799939838,22.2,524288.0,172314.13333333333,0.3333333333333333,330.73333333333335,137.4,1.4
1376408154,1,2399.999729,523.199940922,21.8,524288.0,154488.8,0.5333333333333333,313.93333333333334,128.0,1.3333333333333333
1376408454,1,2399.999729,460.79994796799997,19.2,524288.0,145749.86666666667,0.4666666666666667,305.3333333333333,115.66666666666667,1.4
1376408754,1,2399.999729,457.59994832933336,19.066666666666666,524288.0,153438.93333333332,2.8666666666666667,291.40000000000003,106.6,1.3333333333333333
1376409054,1,2399.999729,401.5999546526667,16.733333333333334,524288.0,172664.26666666666,4.4,296.26666666666665,107.4,1.3333333333333333
1376409354,1,2399.999729,369.59995826600004,15.4,524288.0,132468.8,0.4666666666666667,282.2,101.33333333333333,1.2
1376409654,1,2399.999729,399.9999548333334,16.666666666666668,524288.0,144002.4,0.06666666666666667,296.1333333333333,108.46666666666667,1.3333333333333333
1376409954,1,2399.999729,454.3999486906667,18.933333333333334,524288.0,152042.4,16.066666666666666,304.06666666666666,121.06666666666666,2.0
1376410254,1,2399.999729,420.7999524846666,17.53333333333333,524288.0,148546.4,0.3333333333333333,284.20000000000005,99.33333333333333,1.2666666666666666
1376410554,1,2399.999729,417.599952846,17.4,524288.0,136662.93333333332,0.3333333333333333,288.4666666666667,109.46666666666667,1.2666666666666666
1376410854,1,2399.999729,430.3999514006667,17.933333333333334,524288.0,147848.0,0.6666666666666666,296.8666666666667,107.66666666666667,1.4
1376411154,1,2399.999729,449.5999492326667,18.733333333333334,524288.0,143653.6,0.26666666666666666,291.5333333333333,110.8,1.4
1376411454,1,2399.999729,404.79995429133334,16.866666666666667,524288.0,154139.2,0.06666666666666667,289.6,104.33333333333333,1.4666666666666666
1376411754,1,2399.999729,1094.399876424,45.6,524288.0,190838.4,0.7333333333333333,627.6,478.4,3.2
1376412054,1,2399.999729,1366.3998457106666,56.93333333333333,524288.0,268783.2,1.4666666666666666,837.8666666666667,692.0,3.6
1376412354,1,2399.999729,967.9998906966667,40.333333333333336,524288.0,250608.53333333333,32.13333333333333,556.0,390.2,2.466666666666667
1376412654,1,2399.999729,558.3999369473333,23.266666666666666,524288.0,249558.93333333332,457.4666666666667,320.2,106.73333333333333,1.5333333333333334
1376412954,1,2399.999729,524.7999407413332,21.866666666666664,524288.0,254103.46666666667,300.0666666666667,309.46666666666664,105.86666666666666,1.6
1376413255,1,2399.999729,465.59994742599997,19.4,524288.0,204819.46666666667,1.1333333333333333,290.93333333333334,107.33333333333333,1.4
1376413555,1,2399.999729,518.3999414640001,21.6,524288.0,176158.13333333333,14.733333333333334,316.66666666666663,121.8,2.0
1376413855,1,2399.999729,446.3999495940001,18.6,524288.0,147847.46666666667,1.5333333333333332,283.73333333333335,100.73333333333333,1.4
1376414155,1,2399.999729,510.3999423673333,21.266666666666666,524288.0,133167.2,0.4,291.26666666666665,109.26666666666667,1.3333333333333333
1376414455,1,2399.999729,441.59995013599996,18.4,524288.0,139458.4,26.466666666666665,290.53333333333336,103.93333333333334,1.4
1376414755,1,2399.999729,390.39995591733333,16.266666666666666,524288.0,141556.0,0.3333333333333333,277.3333333333333,98.86666666666666,1.4
1376415055,1,2399.999729,407.99995393000006,17.0,524288.0,140508.0,0.3333333333333333,278.73333333333335,101.4,1.3333333333333333
1376415355,1,2399.999729,388.79995609799994,16.2,524288.0,117438.4,0.13333333333333333,281.4666666666667,108.2,1.4666666666666666
1376415655,1,2399.999729,415.9999530266666,17.333333333333332,524288.0,117789.06666666667,0.26666666666666666,280.4666666666667,100.6,1.4666666666666666
1376415955,1,2399.999729,470.3999468840001,19.6,524288.0,110098.13333333333,2.066666666666667,282.0,104.93333333333334,1.4
1376416255,1,2399.999729,449.5999492326667,18.733333333333334,524288.0,129322.13333333333,1.0666666666666667,277.5333333333333,99.2,1.4
1376416555,1,2399.999729,447.99994941333335,18.666666666666668,524288.0,138061.33333333334,0.3333333333333333,273.26666666666665,101.86666666666666,1.1333333333333333
1376416855,1,2399.999729,427.19995176200007,17.8,524288.0,132118.4,0.26666666666666666,275.4,104.13333333333334,1.5333333333333334
1376417155,1,2399.999729,494.39994417400004,20.6,524288.0,167071.2,7.933333333333333,314.06666666666666,130.2,2.066666666666667
1376417455,1,2399.999729,459.19994814866664,19.133333333333333,524288.0,156585.6,0.2,275.26666666666665,100.33333333333333,1.3333333333333333
1376417755,1,2399.999729,439.9999503166666,18.333333333333332,524288.0,140508.26666666666,0.0,287.6,105.73333333333333,1.5333333333333334
1376418055,1,2399.999729,449.5999492326667,18.733333333333334,524288.0,149594.93333333332,0.4,281.73333333333335,100.4,1.3333333333333333
1376418355,1,2399.999729,398.39995501400006,16.6,524288.0,149594.4,0.06666666666666667,275.4666666666667,97.26666666666667,1.2666666666666666
1376418655,1,2399.999729,431.99995122,18.0,524288.0,127225.86666666667,0.13333333333333333,280.2,101.06666666666666,1.3333333333333333
1376418955,1,2399.999729,391.99995573666666,16.333333333333332,524288.0,122681.86666666667,0.2,291.4,109.66666666666667,1.4
1376419255,1,2399.999729,423.99995212333334,17.666666666666668,524288.0,140856.8,0.2,282.26666666666665,101.0,1.5333333333333334
1376419555,1,2399.999729,443.1999499553334,18.46666666666667,524288.0,138410.4,2.2,283.46666666666664,103.6,1.4
1376419855,1,2399.999729,567.9999358633333,23.666666666666664,524288.0,160430.4,0.4666666666666667,306.8666666666667,126.2,1.2666666666666666
1376420155,1,2399.999729,460.79994796799997,19.2,524288.0,148896.0,0.3333333333333333,283.6666666666667,105.4,1.2
1376420455,1,2399.999729,412.799953388,17.2,524288.0,119535.2,0.4,293.3333333333333,107.66666666666667,1.3333333333333333
1376420755,1,2399.999729,500.7999434513333,20.866666666666664,524288.0,165323.73333333334,6.4,330.59999999999997,135.73333333333332,2.0
1376421055,1,2399.999729,491.19994453533343,20.46666666666667,524288.0,152041.33333333334,0.13333333333333333,287.4666666666667,103.53333333333333,1.6
1376421355,1,2399.999729,502.3999432706667,20.933333333333334,524288.0,152392.0,0.06666666666666667,288.5333333333333,104.73333333333333,1.4
1376421655,1,2399.999729,443.1999499553334,18.46666666666667,524288.0,150293.86666666667,0.5333333333333333,287.4,103.46666666666667,1.4
1376421955,1,2399.999729,409.59995374933334,17.066666666666666,524288.0,157634.13333333333,0.06666666666666667,274.66666666666663,98.46666666666667,1.2666666666666666
1376422255,1,2399.999729,470.3999468840001,19.6,524288.0,133167.2,0.2,300.73333333333335,111.93333333333334,1.6
1376422555,1,2399.999729,377.59995736266666,15.733333333333333,524288.0,139459.2,0.13333333333333333,282.6666666666667,101.73333333333333,1.4
1376422856,1,2399.999729,455.99994851,19.0,524288.0,124778.4,0.13333333333333333,281.06666666666666,100.4,1.3333333333333333
1376423156,1,2399.999729,427.19995176200007,17.8,524288.0,137011.2,3.8666666666666667,285.6666666666667,103.93333333333334,1.3333333333333333
1376423456,1,2399.999729,454.3999486906667,18.933333333333334,524288.0,157634.13333333333,0.8,282.0,99.6,1.4
1376423756,1,2399.999729,409.59995374933334,17.066666666666666,524288.0,155536.53333333333,0.3333333333333333,274.26666666666665,102.06666666666666,1.3333333333333333
1376424056,1,2399.999729,443.1999499553334,18.46666666666667,524288.0,155537.33333333334,0.13333333333333333,292.3333333333333,110.66666666666667,1.4666666666666666
1376424356,1,2399.999729,486.3999450773333,20.266666666666666,524288.0,163575.73333333334,6.3999999999999995,312.6666666666667,123.8,2.1333333333333333
1376424656,1,2399.999729,423.99995212333334,17.666666666666668,524288.0,155188.0,0.0,278.26666666666665,99.6,1.3333333333333333
1376424956,1,2399.999729,484.799945258,20.2,524288.0,130022.4,0.0,289.66666666666663,107.13333333333334,1.5333333333333334
1376425256,1,2399.999729,455.99994851,19.0,524288.0,150993.6,10.8,294.4,111.8,1.3333333333333333
1376425556,1,2399.999729,460.79994796799997,19.2,524288.0,128973.6,0.4,288.6,113.86666666666666,1.4666666666666666
1376425856,1,2399.999729,483.1999454386667,20.133333333333333,524288.0,136313.6,0.2,289.46666666666664,111.73333333333333,1.3333333333333333
1376426156,1,2399.999729,459.19994814866664,19.133333333333333,524288.0,147847.73333333334,0.26666666666666666,292.6,114.93333333333334,1.4
1376426456,1,2399.999729,495.9999439933333,20.666666666666664,524288.0,116739.73333333334,0.06666666666666667,290.8,111.66666666666667,1.3333333333333333
1376426756,1,2399.999729,566.399936044,23.6,524288.0,116738.93333333333,2.1333333333333333,296.6,118.73333333333333,1.2666666666666666
1376427056,1,2399.999729,537.599939296,22.4,524288.0,152390.66666666666,0.5333333333333333,287.66666666666663,110.73333333333333,1.2666666666666666
1376427356,1,2399.999729,473.5999465226667,19.733333333333334,524288.0,144352.53333333333,0.2,283.93333333333334,110.0,1.2
1376427656,1,2399.999729,454.3999486906667,18.933333333333334,524288.0,123030.93333333333,0.3333333333333333,278.26666666666665,111.13333333333334,1.4
1376427956,1,2399.999729,550.3999378506667,22.933333333333334,524288.0,160081.33333333334,6.333333333333334,307.8666666666667,126.73333333333333,1.8
1376428256,1,2399.999729,487.99994489666665,20.333333333333332,524288.0,163226.4,0.06666666666666667,273.5333333333333,104.8,1.4666666666666666
1376428556,1,2399.999729,518.3999414640001,21.6,524288.0,153090.4,0.06666666666666667,280.1333333333333,109.73333333333333,1.3333333333333333
1376428856,1,2399.999729,447.99994941333335,18.666666666666668,524288.0,156235.2,0.4666666666666667,277.26666666666665,104.86666666666666,1.4
1376429156,1,2399.999729,379.19995718200005,15.8,524288.0,130020.8,0.4,276.6,105.13333333333334,1.2666666666666666
1376429456,1,2399.999729,436.799950678,18.2,524288.0,130371.46666666666,0.06666666666666667,281.79999999999995,106.33333333333333,1.4
1376429756,1,2399.999729,391.99995573666666,16.333333333333332,524288.0,149944.8,0.4,282.73333333333335,105.66666666666667,1.2666666666666666
1376430056,1,2399.999729,444.7999497746667,18.53333333333333,524288.0,121982.4,0.2,280.93333333333334,102.86666666666666,1.3333333333333333
1376430356,1,2399.999729,454.3999486906667,18.933333333333334,524288.0,128972.8,2.0,276.6666666666667,100.86666666666666,1.2666666666666666
1376430656,1,2399.999729,518.3999414640001,21.6,524288.0,118488.0,0.8,284.46666666666664,104.2,1.2666666666666666
1376430956,1,2399.999729,438.39995049733335,18.266666666666666,524288.0,128973.6,0.13333333333333333,276.6666666666667,100.33333333333333,1.2666666666666666
1376431256,1,2399.999729,403.199954472,16.8,524288.0,121982.66666666667,2.2666666666666666,286.26666666666665,119.26666666666667,1.2666666666666666
1376431556,1,2399.999729,617.5999302626667,25.733333333333334,524288.0,160080.8,13.4,392.26666666666665,200.8,1.8666666666666667
1376431856,1,2399.999729,779.1999120153334,32.46666666666667,524288.0,164973.06666666668,0.8666666666666667,368.26666666666665,196.0,1.1333333333333333
1376432156,1,2399.999729,865.5999022593334,36.06666666666666,524288.0,166721.6,0.13333333333333333,398.20000000000005,232.86666666666667,1.2666666666666666
1376432456,1,2399.999729,566.399936044,23.6,524288.0,148196.0,0.7999999999999999,291.93333333333334,122.33333333333333,1.2
1376432756,1,2399.999729,595.199932792,24.8,524288.0,141206.93333333332,0.0,274.8,116.66666666666667,1.1333333333333333
1376433056,1,2399.999729,623.99992954,26.0,524288.0,154138.4,0.06666666666666667,289.2,121.4,1.4
1376433356,1,2399.999729,475.19994634200003,19.8,524288.0,134565.86666666667,0.39999999999999997,303.2,137.33333333333334,1.2
1376433656,1,2399.999729,617.5999302626667,25.733333333333334,524288.0,145050.66666666666,0.2,282.1333333333333,117.46666666666667,1.3333333333333333
1376433956,1,2399.999729,617.5999302626667,25.733333333333334,524288.0,130021.6,2.0,286.2,124.6,1.3333333333333333
1376434256,1,2399.999729,646.3999270106667,26.933333333333334,524288.0,118487.2,0.06666666666666667,284.73333333333335,122.4,1.3333333333333333
1376434556,1,2399.999729,631.9999286366667,26.333333333333336,524288.0,138411.2,0.13333333333333333,287.53333333333336,131.73333333333332,1.2
1376434856,1,2399.999729,532.799939838,22.2,524288.0,139458.4,219.6,303.73333333333335,126.26666666666667,1.1333333333333333
1376435156,1,2399.999729,833.5999058726667,34.733333333333334,524288.0,314570.93333333335,1765.2666666666667,643.3333333333334,166.93333333333334,2.066666666666667
1376435456,1,2399.999729,1236.7998603446667,51.53333333333333,524288.0,395311.2,2102.6,493.33333333333337,117.93333333333334,1.2
1376435756,1,2399.999729,2487.999719063333,103.66666666666666,524288.0,396010.93333333335,2006.6,330.73333333333335,119.0,1.0666666666666667
1376436056,1,2399.999729,2539.199713282,105.8,524288.0,349872.26666666666,1999.466666666667,339.4666666666667,120.26666666666667,1.3333333333333333
1376436356,1,2399.999729,2566.399710210667,106.93333333333334,524288.0,350222.6666666667,2260.0666666666666,332.1333333333333,120.73333333333333,1.2
1376436656,1,2399.999729,2385.5997306260006,99.4,524288.0,406496.0,1913.2666666666667,353.20000000000005,123.4,1.3333333333333333
1376436956,1,2399.999729,2623.999703706667,109.33333333333334,524288.0,337640.0,1222.0,296.0,121.8,1.1333333333333333
1376437256,1,2399.999729,2636.7997022613336,109.86666666666666,524288.0,412437.86666666664,1207.7333333333333,288.6666666666667,119.46666666666667,1.2666666666666666
1376437556,1,2399.999729,2607.9997055133335,108.66666666666666,524288.0,390068.0,1227.2,296.9333333333333,120.0,1.2
1376437856,1,2399.999729,2623.999703706667,109.33333333333334,524288.0,404399.2,1251.5333333333333,291.93333333333334,115.66666666666667,1.2666666666666666
1376438156,1,2399.999729,2622.399703887333,109.26666666666667,524288.0,411388.8,1215.1333333333334,288.6,117.46666666666667,1.0666666666666667
1376438456,1,2399.999729,2444.7997239413335,101.86666666666666,524288.0,384476.5333333333,1661.6,379.8,143.6,1.2
1376438756,1,2399.999729,2451.199723218667,102.13333333333334,524288.0,302337.06666666665,1996.6,389.3333333333333,137.8,1.8
1376439056,1,2399.999729,2483.199719605333,103.46666666666665,524288.0,271578.93333333335,2154.7999999999997,351.6,110.0,1.2
1376439356,1,2399.999729,2603.199706055333,108.46666666666665,524288.0,371194.13333333336,2901.733333333333,430.3333333333333,115.73333333333333,1.1333333333333333
1376439656,1,2399.999729,2558.3997111139997,106.6,524288.0,404747.2,2854.6000000000004,431.06666666666666,119.53333333333333,1.2
1376439956,1,2399.999729,2534.3997138239997,105.6,524288.0,403700.8,2640.5333333333333,421.6666666666667,124.86666666666666,1.1333333333333333
1376440256,1,2399.999729,2395.199729542,99.8,524288.0,420476.8,2230.5999999999995,393.9333333333333,122.4,1.2666666666666666
1376440557,1,2399.999729,452.7999488713334,18.866666666666667,524288.0,335542.4,2.2,275.26666666666665,106.33333333333333,1.1333333333333333
1376440857,1,2399.999729,361.5999591693334,15.066666666666668,524288.0,214956.0,1.2,279.46666666666664,113.13333333333334,1.1333333333333333
1376441157,1,2399.999729,377.59995736266666,15.733333333333333,524288.0,175110.93333333332,14.466666666666667,280.79999999999995,116.33333333333333,1.2666666666666666
1376441457,1,2399.999729,382.3999568206666,15.933333333333332,524288.0,147147.73333333334,22.4,282.73333333333335,113.2,1.1333333333333333
1376441757,1,2399.999729,347.1999607953333,14.466666666666667,524288.0,124778.93333333333,0.06666666666666667,275.46666666666664,114.6,1.1333333333333333
1376442057,1,2399.999729,383.99995664,16.0,524288.0,128273.6,0.06666666666666667,284.4,119.66666666666667,1.1333333333333333
1376442357,1,2399.999729,428.79995158133335,17.866666666666667,524288.0,155885.86666666667,9.866666666666667,327.5333333333333,147.06666666666666,2.6
1376442657,1,2399.999729,353.59996007266665,14.733333333333333,524288.0,137012.53333333333,0.13333333333333333,287.6666666666667,120.33333333333333,1.2
1376442957,1,2399.999729,339.19996169866664,14.133333333333333,524288.0,110798.4,0.06666666666666667,279.06666666666666,112.0,1.2
1376443257,1,2399.999729,355.19995989200004,14.8,524288.0,131420.0,0.4666666666666667,285.1333333333333,116.0,1.4
1376443557,1,2399.999729,387.19995627866666,16.133333333333333,524288.0,133166.93333333332,0.06666666666666667,273.1333333333333,112.86666666666666,1.1333333333333333
1376443857,1,2399.999729,361.5999591693334,15.066666666666668,524288.0,132468.0,0.2,278.46666666666664,117.66666666666667,1.3333333333333333
1376444157,1,2399.999729,396.7999551946666,16.53333333333333,524288.0,156236.0,0.4666666666666667,290.1333333333333,123.26666666666667,1.2666666666666666
1376444457,1,2399.999729,407.99995393000006,17.0,524288.0,144352.26666666666,0.06666666666666667,293.26666666666665,123.33333333333333,1.2666666666666666
1376444757,1,2399.999729,409.59995374933334,17.066666666666666,524288.0,132118.4,3.8000000000000003,286.5333333333333,119.0,1.2
1376445057,1,2399.999729,396.7999551946666,16.53333333333333,524288.0,117439.2,0.9333333333333333,293.4,122.4,1.1333333333333333
1376445357,1,2399.999729,353.59996007266665,14.733333333333333,524288.0,143653.6,0.0,286.06666666666666,123.93333333333334,1.1333333333333333
1376445657,1,2399.999729,411.1999535686667,17.133333333333333,524288.0,123030.66666666667,0.2,293.3333333333333,131.6,1.2
1376445957,1,2399.999729,627.1999291786668,26.133333333333336,524288.0,237325.33333333334,509.26666666666665,333.4,146.53333333333333,2.4
1376446257,1,2399.999729,563.1999364053333,23.466666666666665,524288.0,231733.86666666667,0.9333333333333333,290.8666666666667,117.53333333333333,1.2
1376446557,1,2399.999729,623.99992954,26.0,524288.0,161129.33333333334,0.5333333333333333,289.8666666666667,122.4,1.2
1376446857,1,2399.999729,633.5999284559999,26.4,524288.0,150993.06666666668,27.666666666666664,306.46666666666664,127.13333333333334,1.2666666666666666
1376447157,1,2399.999729,590.3999333340001,24.6,524288.0,213558.13333333333,842.8,395.8666666666667,119.26666666666667,1.1333333333333333
1376447457,1,2399.999729,577.5999347793334,24.066666666666666,524288.0,329250.13333333336,2.8000000000000003,278.3333333333333,117.2,1.0
1376447757,1,2399.999729,507.19994272866677,21.133333333333336,524288.0,223694.13333333333,0.6,285.2,121.33333333333333,1.1333333333333333
1376448057,1,2399.999729,599.99993225,25.0,524288.0,192586.66666666666,0.4,288.4,125.86666666666666,1.0
1376448357,1,2399.999729,582.3999342373334,24.266666666666666,524288.0,195732.0,12.333333333333332,287.6,124.93333333333334,1.1333333333333333
1376448657,1,2399.999729,596.7999326113332,24.866666666666664,524288.0,183498.4,20.866666666666664,286.8666666666667,118.13333333333334,0.9333333333333333
1376448957,1,2399.999729,619.199930082,25.8,524288.0,201324.8,0.2,279.6,117.13333333333334,0.9333333333333333
1376449257,1,2399.999729,510.3999423673333,21.266666666666666,524288.0,175109.6,9.0,291.66666666666663,125.06666666666666,1.0666666666666667
1376449558,1,2399.999729,542.399938754,22.6,524288.0,181751.46666666667,6.933333333333333,308.8666666666667,138.66666666666666,1.8666666666666667
1376449858,1,2399.999729,561.599936586,23.4,524288.0,178257.06666666668,0.8666666666666667,284.4,122.86666666666666,0.8666666666666667
1376450158,1,2399.999729,622.3999297206667,25.933333333333334,524288.0,168819.2,0.06666666666666667,287.1333333333333,123.53333333333333,0.8666666666666667
1376450458,1,2399.999729,614.399930624,25.6,524288.0,154837.33333333334,17.133333333333333,298.06666666666666,126.73333333333333,1.2
1376450758,1,2399.999729,579.1999345986667,24.133333333333336,524288.0,155886.13333333333,0.0,283.26666666666665,127.0,0.8
1376451058,1,2399.999729,539.1999391153333,22.466666666666665,524288.0,131769.6,0.0,289.4,124.73333333333333,0.9333333333333333
1376451358,1,2399.999729,427.19995176200007,17.8,524288.0,128623.73333333334,0.4,280.8666666666667,121.06666666666666,0.8
1376451658,1,2399.999729,433.5999510393333,18.066666666666666,524288.0,151692.0,0.06666666666666667,292.73333333333335,124.06666666666666,1.0666666666666667
1376451958,1,2399.999729,427.19995176200007,17.8,524288.0,130371.2,2.066666666666667,286.4,121.93333333333334,0.8
1376452258,1,2399.999729,420.7999524846666,17.53333333333333,524288.0,147846.93333333332,17.866666666666664,285.6,116.13333333333334,0.9333333333333333
1376452558,1,2399.999729,412.799953388,17.2,524288.0,156237.06666666668,0.06666666666666667,280.1333333333333,119.26666666666667,0.9333333333333333
1376452858,1,2399.999729,481.59994561933337,20.066666666666666,524288.0,141904.26666666666,0.13333333333333333,301.4,136.66666666666666,1.0
1376453158,1,2399.999729,532.799939838,22.2,524288.0,154488.26666666666,14.2,345.66666666666663,164.33333333333334,1.6
1376453458,1,2399.999729,598.3999324306667,24.933333333333334,524288.0,152040.8,0.0,331.1333333333333,158.26666666666668,1.1333333333333333
1376453758,1,2399.999729,479.9999458,20.0,524288.0,138410.4,0.26666666666666666,298.93333333333334,135.0,1.0666666666666667
1376454058,1,2399.999729,473.5999465226667,19.733333333333334,524288.0,152041.6,17.8,298.06666666666666,127.0,1.0
1376454358,1,2399.999729,575.99993496,24.0,524288.0,128973.6,0.13333333333333333,284.26666666666665,123.8,0.9333333333333333
1376454658,1,2399.999729,684.7999226746667,28.533333333333335,524288.0,130020.8,0.13333333333333333,297.33333333333337,127.73333333333333,1.0666666666666667
1376454958,1,2399.999729,590.3999333340001,24.6,524288.0,151692.0,0.2,305.4,134.2,0.9333333333333333
1376455258,1,2399.999729,582.3999342373334,24.266666666666666,524288.0,126875.2,0.13333333333333333,304.06666666666666,130.0,0.8666666666666667
1376455558,1,2399.999729,588.7999335146667,24.533333333333335,524288.0,139458.4,2.3333333333333335,297.33333333333337,131.0,1.0
1376455858,1,2399.999729,663.9999250233334,27.666666666666664,524288.0,131769.6,17.666666666666664,293.8666666666667,125.0,1.0666666666666667
1376456158,1,2399.999729,655.9999259266667,27.333333333333336,524288.0,132119.46666666667,0.2,292.4666666666667,127.73333333333333,0.8666666666666667
1376456458,1,2399.999729,603.1999318886668,25.133333333333336,524288.0,152741.06666666668,0.2,295.0,129.13333333333333,1.0
1376456758,1,2399.999729,678.3999233973333,28.266666666666666,524288.0,190488.53333333333,8.200000000000001,316.66666666666663,146.6,1.9333333333333333
1376457059,1,2399.999729,630.3999288173334,26.266666666666666,524288.0,169168.8,0.06666666666666667,291.26666666666665,127.46666666666667,1.0666666666666667
1376457359,1,2399.999729,555.1999373086668,23.133333333333336,524288.0,166722.4,0.3333333333333333,277.0,109.13333333333334,0.8
1376457659,1,2399.999729,470.3999468840001,19.6,524288.0,164625.6,25.46666666666667,266.73333333333335,99.53333333333333,1.0666666666666667
1376457959,1,2399.999729,505.5999429093333,21.066666666666666,524288.0,145749.6,0.26666666666666666,274.2,118.0,0.9333333333333333
1376458259,1,2399.999729,686.3999224940001,28.6,524288.0,148895.46666666667,0.06666666666666667,286.79999999999995,129.0,1.0
1376458559,1,2399.999729,478.39994598066664,19.933333333333334,524288.0,140508.0,0.2,286.0,126.93333333333334,0.9333333333333333
1376458859,1,2399.999729,353.59996007266665,14.733333333333333,524288.0,137712.0,0.2,259.93333333333334,101.86666666666666,1.1333333333333333
1376459159,1,2399.999729,339.19996169866664,14.133333333333333,524288.0,125477.6,1.8666666666666667,261.73333333333335,100.53333333333333,0.9333333333333333
1376459459,1,2399.999729,345.599960976,14.4,524288.0,137012.26666666666,0.6666666666666666,258.6,97.53333333333333,1.1333333333333333
1376459759,1,2399.999729,345.599960976,14.4,524288.0,125477.33333333333,0.2,261.2,99.73333333333333,0.9333333333333333
1376460059,1,2399.999729,363.1999589886667,15.133333333333333,524288.0,134915.2,0.2,268.93333333333334,106.0,1.0666666666666667
1376460359,1,2399.999729,459.19994814866664,19.133333333333333,524288.0,145052.0,7.866666666666667,288.0,119.33333333333333,1.8666666666666667
1376460659,1,2399.999729,428.79995158133335,17.866666666666667,524288.0,149944.0,0.06666666666666667,267.1333333333333,100.73333333333333,1.2666666666666666
1376460959,1,2399.999729,537.599939296,22.4,524288.0,138410.4,0.2,272.0,103.26666666666667,1.1333333333333333
1376461258,1,2399.999729,454.3999486906667,18.933333333333334,524288.0,150294.13333333333,0.6,272.4666666666667,100.06666666666666,1.2
1376461558,1,2399.999729,438.39995049733335,18.266666666666666,524288.0,136313.86666666667,0.2,264.5333333333333,98.66666666666667,1.0666666666666667
1376461858,1,2399.999729,451.199949052,18.8,524288.0,136662.93333333332,0.26666666666666666,271.0,103.46666666666667,1.0
1376462158,1,2399.999729,431.99995122,18.0,524288.0,148894.93333333332,0.26666666666666666,281.46666666666664,111.0,1.2
1376462458,1,2399.999729,393.599955556,16.4,524288.0,129672.26666666666,0.13333333333333333,274.5333333333333,102.4,1.4
1376462758,1,2399.999729,444.7999497746667,18.53333333333333,524288.0,143654.13333333333,1.9333333333333333,271.6,102.33333333333333,1.2
1376463059,1,2399.999729,435.1999508586667,18.133333333333333,524288.0,159381.6,0.4,271.8,99.8,1.3333333333333333
1376463359,1,2399.999729,1193.5998652226665,49.73333333333333,524288.0,157983.2,0.4666666666666667,697.8000000000001,571.0666666666667,3.533333333333333
1376463659,1,2399.999729,1396.7998422780001,58.2,524288.0,279268.26666666666,245.46666666666667,784.8666666666667,631.0666666666667,3.7333333333333334
1376463959,1,2399.999729,655.9999259266667,27.333333333333336,524288.0,314570.4,108.26666666666667,429.19999999999993,230.86666666666667,2.7333333333333334
1376464259,1,2399.999729,398.39995501400006,16.6,524288.0,229286.4,0.6,290.06666666666666,119.73333333333333,1.4666666666666666
1376464559,1,2399.999729,388.79995609799994,16.2,524288.0,159031.73333333334,0.2,288.6666666666667,112.4,1.1333333333333333
1376464859,1,2399.999729,407.99995393000006,17.0,524288.0,147847.2,0.5333333333333333,278.6,101.93333333333334,1.1333333333333333
1376465159,1,2399.999729,407.99995393000006,17.0,524288.0,142254.66666666666,0.06666666666666667,278.66666666666663,103.73333333333333,1.0666666666666667
1376465459,1,2399.999729,420.7999524846666,17.53333333333333,524288.0,131070.13333333333,0.33333333333333337,289.8666666666667,110.33333333333333,1.4
1376465759,1,2399.999729,385.5999564593333,16.066666666666666,524288.0,137362.66666666666,0.13333333333333333,282.33333333333337,109.73333333333333,1.0666666666666667
1376466059,1,2399.999729,363.1999589886667,15.133333333333333,524288.0,123730.93333333333,0.2,269.06666666666666,101.86666666666666,1.2666666666666666
1376466359,1,2399.999729,391.99995573666666,16.333333333333332,524288.0,114992.0,3.8666666666666667,267.8,102.86666666666666,1.1333333333333333
1376466659,1,2399.999729,419.1999526653334,17.46666666666667,524288.0,138410.13333333333,5.266666666666667,269.1333333333333,99.2,1.2666666666666666
1376466959,1,2399.999729,374.399957724,15.6,524288.0,145750.4,0.0,271.26666666666665,103.93333333333334,1.2
1376467259,1,2399.999729,476.79994616133337,19.866666666666667,524288.0,133517.33333333334,237.0,286.4,106.86666666666666,1.2666666666666666
1376467559,1,2399.999729,473.5999465226667,19.733333333333334,524288.0,208664.8,9.4,312.06666666666666,127.4,2.0
1376467859,1,2399.999729,369.59995826600004,15.4,524288.0,141556.0,0.7333333333333333,273.06666666666666,102.33333333333333,1.2666666666666666
1376468159,1,2399.999729,390.39995591733333,16.266666666666666,524288.0,125827.2,0.2,278.06666666666666,105.73333333333333,1.2666666666666666
1376468459,1,2399.999729,495.9999439933333,20.666666666666664,524288.0,145051.73333333334,14.933333333333334,290.4,111.6,1.4666666666666666
1376468759,1,2399.999729,377.59995736266666,15.733333333333333,524288.0,136312.8,0.06666666666666667,276.06666666666666,102.4,1.1333333333333333
1376469059,1,2399.999729,383.99995664,16.0,524288.0,113244.0,0.06666666666666667,292.6,116.0,1.2
1376469359,1,2399.999729,395.1999553753334,16.46666666666667,524288.0,117437.6,0.13333333333333333,285.26666666666665,108.4,1.4
1376469659,1,2399.999729,935.9998943100001,39.0,524288.0,160430.4,0.6666666666666667,588.8,427.46666666666664,2.0
1376469959,1,2399.999729,625.5999293593334,26.066666666666666,524288.0,193285.86666666667,4.0,356.33333333333337,171.26666666666668,1.3333333333333333
1376470259,1,2399.999729,609.599931166,25.4,524288.0,161479.2,6.066666666666667,302.93333333333334,129.53333333333333,1.4
1376470559,1,2399.999729,507.19994272866677,21.133333333333336,524288.0,168819.2,0.0,293.0,124.6,1.4
1376470859,1,2399.999729,487.99994489666665,20.333333333333332,524288.0,148197.33333333334,173.53333333333336,294.1333333333333,113.0,2.066666666666667
1376471159,1,2399.999729,521.5999411026667,21.733333333333334,524288.0,241870.13333333333,11.266666666666667,296.6,124.6,1.9333333333333333
1376471459,1,2399.999729,396.7999551946666,16.53333333333333,524288.0,158683.46666666667,0.2,282.6666666666667,112.73333333333333,1.2
1376471759,1,2399.999729,436.799950678,18.2,524288.0,139458.66666666666,0.4666666666666667,287.0,113.6,1.2
1376472059,1,2399.999729,431.99995122,18.0,524288.0,149944.8,5.733333333333333,276.3333333333333,107.46666666666667,1.2
1376472359,1,2399.999729,407.99995393000006,17.0,524288.0,123729.6,0.13333333333333333,280.0,107.2,1.3333333333333333
1376472659,1,2399.999729,499.19994363200004,20.8,524288.0,137362.4,0.0,280.0,109.53333333333333,1.4666666666666666
1376472959,1,2399.999729,510.3999423673333,21.266666666666666,524288.0,150993.6,0.13333333333333333,326.4,161.86666666666667,1.1333333333333333
1376473260,1,2399.999729,391.99995573666666,16.333333333333332,524288.0,140507.2,0.33333333333333337,280.93333333333334,107.26666666666667,1.3333333333333333
1376473560,1,2399.999729,412.799953388,17.2,524288.0,143652.53333333333,3.533333333333333,284.06666666666666,108.0,1.2666666666666666
1376473860,1,2399.999729,519.9999412833333,21.666666666666664,524288.0,157634.13333333333,0.06666666666666667,287.0,109.4,1.3333333333333333
1376474160,1,2399.999729,447.99994941333335,18.666666666666668,524288.0,141905.33333333334,0.06666666666666667,282.0,107.4,1.2
1376474460,1,2399.999729,470.3999468840001,19.6,524288.0,136313.06666666668,148.93333333333334,301.6,114.26666666666667,1.3333333333333333
1376474760,1,2399.999729,478.39994598066664,19.933333333333334,524288.0,221946.13333333333,8.733333333333334,319.93333333333334,128.33333333333334,2.066666666666667
1376475060,1,2399.999729,420.7999524846666,17.53333333333333,524288.0,168469.33333333334,3.9333333333333336,279.93333333333334,109.73333333333333,1.6666666666666667
1376475360,1,2399.999729,447.99994941333335,18.666666666666668,524288.0,139109.33333333334,0.13333333333333333,287.5333333333333,117.4,1.4
1376475660,1,2399.999729,513.599942006,21.4,524288.0,141206.93333333332,0.26666666666666666,284.2,111.73333333333333,1.4
1376475960,1,2399.999729,502.3999432706667,20.933333333333334,524288.0,155187.73333333334,0.3333333333333333,292.93333333333334,121.86666666666666,1.4666666666666666
1376476260,1,2399.999729,673.5999239393334,28.066666666666666,524288.0,150293.86666666667,0.06666666666666667,380.6,200.0,1.5333333333333334
1376476560,1,2399.999729,582.3999342373334,24.266666666666666,524288.0,146797.6,0.2,345.8,169.86666666666667,1.6666666666666667
1376476860,1,2399.999729,436.799950678,18.2,524288.0,161478.66666666666,0.13333333333333333,295.06666666666666,112.46666666666667,1.2666666666666666
1376477160,1,2399.999729,409.59995374933334,17.066666666666666,524288.0,135265.6,3.3333333333333335,276.4,106.13333333333334,1.2666666666666666
1376477460,1,2399.999729,478.39994598066664,19.933333333333334,524288.0,141906.4,0.4,276.5333333333333,101.66666666666667,1.3333333333333333
1376477760,1,2399.999729,439.9999503166666,18.333333333333332,524288.0,147848.0,0.2,273.93333333333334,104.0,1.1333333333333333
1376478060,1,2399.999729,467.19994724533336,19.46666666666667,524288.0,135264.8,146.73333333333335,285.93333333333334,105.6,1.4
1376478360,1,2399.999729,991.9998879866666,41.33333333333333,524288.0,249558.93333333332,521.2,538.8666666666666,138.4,15.733333333333333
1376478660,1,2399.999729,492.7999443546667,20.533333333333335,524288.0,302687.2,811.6,474.79999999999995,117.66666666666667,2.933333333333333
1376478960,1,2399.999729,499.19994363200004,20.8,524288.0,361756.26666666666,1816.6666666666667,482.5333333333333,121.13333333333334,1.9333333333333333
1376479260,1,2399.999729,515.1999418253333,21.466666666666665,524288.0,399854.6666666667,1110.8,455.93333333333334,113.46666666666667,1.5333333333333334
1376479560,1,2399.999729,860.7999028013334,35.86666666666667,524288.0,383777.06666666665,809.7333333333333,545.7333333333333,111.86666666666666,19.733333333333334
1376479860,1,2399.999729,499.19994363200004,20.8,524288.0,403700.0,946.9333333333333,499.9333333333333,128.0,2.2
1376480160,1,2399.999729,478.39994598066664,19.933333333333334,524288.0,397058.93333333335,860.8000000000001,426.9333333333333,121.06666666666666,1.7333333333333334
1376480460,1,2399.999729,526.3999405606668,21.933333333333334,524288.0,442496.26666666666,1067.1333333333332,437.0666666666667,113.4,1.7333333333333334
1376480760,1,2399.999729,601.5999320693334,25.066666666666666,524288.0,446691.4666666667,427.8,411.93333333333334,152.8,4.333333333333333
1376481060,1,2399.999729,511.9999421866667,21.333333333333336,524288.0,366999.2,22.066666666666666,305.4666666666667,114.0,1.9333333333333333
1376481360,1,2399.999729,414.3999532073333,17.266666666666666,524288.0,268433.6,1.0666666666666667,288.2,109.66666666666667,1.3333333333333333
1376481660,1,2399.999729,401.5999546526667,16.733333333333334,524288.0,240122.66666666666,246.13333333333333,306.3333333333333,116.53333333333333,1.5333333333333334
1376481960,1,2399.999729,470.3999468840001,19.6,524288.0,299891.2,18.333333333333336,304.6666666666667,130.66666666666666,2.1333333333333333
1376482261,1,2399.999729,406.39995411066667,16.933333333333334,524288.0,210762.4,0.7333333333333333,310.1333333333333,125.33333333333333,2.533333333333333
1376482561,1,2399.999729,391.99995573666666,16.333333333333332,524288.0,188741.6,0.8,285.0,113.0,1.4
1376482861,1,2399.999729,372.79995790466666,15.533333333333333,524288.0,171965.33333333334,15.333333333333334,287.8666666666667,106.33333333333333,1.1333333333333333
1376483161,1,2399.999729,364.799958808,15.2,524288.0,173012.8,0.4666666666666667,285.3333333333333,108.8,1.4
1376483461,1,2399.999729,387.19995627866666,16.133333333333333,524288.0,164274.93333333332,0.13333333333333333,299.93333333333334,119.93333333333334,1.4
1376483761,1,2399.999729,382.3999568206666,15.933333333333332,524288.0,149245.86666666667,0.4,282.0,107.6,1.3333333333333333
1376484061,1,2399.999729,375.9999575433334,15.666666666666668,524288.0,144003.46666666667,0.0,287.6666666666667,107.66666666666667,1.4666666666666666
1376484361,1,2399.999729,358.39995953066665,14.933333333333332,524288.0,132118.93333333332,3.6666666666666665,281.8,105.53333333333333,1.2666666666666666
1376484661,1,2399.999729,377.59995736266666,15.733333333333333,524288.0,147148.26666666666,1.0,288.8666666666667,107.6,1.2666666666666666
1376484961,1,2399.999729,385.5999564593333,16.066666666666666,524288.0,146100.0,0.06666666666666667,282.6,106.6,1.2666666666666666
1376485261,1,2399.999729,411.1999535686667,17.133333333333333,524288.0,149945.06666666668,167.4,304.2,112.8,1.4666666666666666
1376485561,1,2399.999729,446.3999495940001,18.6,524288.0,230334.93333333332,6.8,324.5333333333333,136.33333333333334,1.8
1376485861,1,2399.999729,382.3999568206666,15.933333333333332,524288.0,168818.66666666666,1.1333333333333333,293.06666666666666,111.86666666666666,1.4666666666666666
1376486161,1,2399.999729,387.19995627866666,16.133333333333333,524288.0,158332.26666666666,0.2,289.5333333333333,109.73333333333333,1.4666666666666666
1376486461,1,2399.999729,820.799907318,34.2,524288.0,148196.53333333333,1.9333333333333333,392.2,217.4,3.3333333333333335
1376486761,1,2399.999729,620.7999299013333,25.866666666666664,524288.0,159730.4,0.06666666666666667,338.1333333333333,169.46666666666667,1.2666666666666666
1376487061,1,2399.999729,695.9999214100001,29.0,524288.0,168818.4,0.2,395.1333333333333,223.8,1.4666666666666666
1376487361,1,2399.999729,604.799931708,25.2,524288.0,167770.4,0.6,350.2,184.86666666666667,1.2666666666666666
1376487661,1,2399.999729,627.1999291786668,26.133333333333336,524288.0,173362.4,0.8,471.6666666666667,327.26666666666665,1.0666666666666667
1376487961,1,2399.999729,1022.399884554,42.6,524288.0,308279.2,8.133333333333333,931.1333333333333,871.4666666666667,1.0666666666666667
1376488261,1,2399.999729,894.3998990073333,37.266666666666666,524288.0,353368.5333333333,27.266666666666666,629.4666666666667,522.0666666666667,1.4
1376488561,1,2399.999729,393.599955556,16.4,524288.0,256549.6,1.0666666666666667,284.26666666666665,109.2,1.2666666666666666
1376488861,1,2399.999729,420.7999524846666,17.53333333333333,524288.0,174410.66666666666,244.0,309.06666666666666,125.0,1.4
1376489161,1,2399.999729,1212.7998630546667,50.53333333333333,524288.0,294997.3333333333,1984.2666666666667,575.4666666666667,148.2,15.733333333333333
1376489461,1,2399.999729,1555.1998243919998,64.8,524288.0,432709.86666666664,4640.866666666667,729.5999999999999,168.93333333333334,13.266666666666667
1376489761,1,2399.999729,670.3999243006667,27.933333333333334,524288.0,457876.8,1106.2,585.3333333333333,183.46666666666667,3.2666666666666666
1376490061,1,2399.999729,603.1999318886668,25.133333333333336,524288.0,445643.4666666667,1253.1333333333332,518.9333333333334,131.26666666666668,2.066666666666667
1376490362,1,2399.999729,665.5999248426666,27.733333333333334,524288.0,457876.8,1415.4,537.7333333333333,146.4,1.6666666666666667
1376490662,1,2399.999729,703.9999205066669,29.333333333333336,524288.0,425369.86666666664,1011.4666666666666,538.5333333333333,158.13333333333333,1.4666666666666666
1376490962,1,2399.999729,638.399927914,26.6,524288.0,413136.8,1114.0666666666668,520.0666666666667,150.93333333333334,1.6
1376491262,1,2399.999729,678.3999233973333,28.266666666666666,524288.0,421525.6,1276.4666666666667,493.8666666666667,163.0,1.4666666666666666
1376491562,1,2399.999729,1164.7998684746667,48.53333333333333,524288.0,436204.5333333333,1036.9333333333332,728.0666666666667,165.06666666666666,25.666666666666668
1376491862,1,2399.999729,625.5999293593334,26.066666666666666,524288.0,451234.6666666667,1497.0666666666666,591.2666666666667,158.2,1.3333333333333333
1376492162,1,2399.999729,758.3999143640001,31.6,524288.0,416982.13333333336,1326.9333333333332,568.4,145.2,12.2
1376492462,1,2399.999729,774.3999125573333,32.266666666666666,524288.0,409990.6666666667,1856.4666666666667,678.8666666666667,163.73333333333332,1.2666666666666666
1376492762,1,2399.999729,756.7999145446666,31.533333333333335,524288.0,416981.3333333333,2149.2666666666664,575.7333333333333,183.6,2.4
1376493062,1,2399.999729,956.7998919613333,39.86666666666667,524288.0,430263.2,696.9333333333334,510.8666666666667,241.8,2.3333333333333335
1376493362,1,2399.999729,700.7999208680001,29.2,524288.0,372242.4,2.933333333333333,368.06666666666666,194.66666666666666,1.3333333333333333
1376493662,1,2399.999729,836.7999055113333,34.86666666666667,524288.0,316668.26666666666,29.53333333333333,425.8666666666667,256.06666666666666,1.2
1376493962,1,2399.999729,654.3999261073334,27.266666666666666,524288.0,331697.06666666665,0.7333333333333334,344.4,175.0,1.2666666666666666
1376494261,1,2399.999729,527.99994038,22.0,524288.0,284161.86666666664,0.9333333333333333,327.06666666666666,152.13333333333333,1.3333333333333333
1376494561,1,2399.999729,604.799931708,25.2,524288.0,245364.8,0.9333333333333333,319.0,145.86666666666667,1.2666666666666666
1376494861,1,2399.999729,529.5999401993333,22.066666666666666,524288.0,200275.2,0.7333333333333333,301.4,127.73333333333333,1.4666666666666666
1376495161,1,2399.999729,422.399952304,17.6,524288.0,177207.2,11.466666666666667,290.6666666666667,117.86666666666666,1.3333333333333333
1376495461,1,2399.999729,382.3999568206666,15.933333333333332,524288.0,155187.2,21.866666666666664,273.26666666666665,102.06666666666666,1.2
1376495761,1,2399.999729,387.19995627866666,16.133333333333333,524288.0,165322.4,0.06666666666666667,271.46666666666664,106.4,1.2
1376496061,1,2399.999729,423.99995212333334,17.666666666666668,524288.0,155886.93333333332,0.2,285.06666666666666,116.6,1.3333333333333333
1376496362,1,2399.999729,443.1999499553334,18.46666666666667,524288.0,202722.4,17.066666666666666,312.06666666666666,133.86666666666667,2.066666666666667
1376496662,1,2399.999729,393.599955556,16.4,524288.0,167770.4,0.06666666666666667,274.6,105.33333333333333,2.066666666666667
1376496962,1,2399.999729,395.1999553753334,16.46666666666667,524288.0,136313.33333333334,0.06666666666666667,276.8666666666667,108.06666666666666,1.0666666666666667
1376497262,1,2399.999729,407.99995393000006,17.0,524288.0,138410.13333333333,1.5999999999999999,283.93333333333334,115.8,1.0666666666666667
1376497562,1,2399.999729,353.59996007266665,14.733333333333333,524288.0,152390.93333333332,0.13333333333333333,267.0,102.73333333333333,1.1333333333333333
1376497862,1,2399.999729,395.1999553753334,16.46666666666667,524288.0,145401.6,0.6666666666666666,291.8,115.66666666666667,1.4
1376498162,1,2399.999729,867.1999020786666,36.13333333333333,524288.0,182100.26666666666,0.7999999999999999,577.8666666666667,437.4,3.2666666666666666
1376498462,1,2399.999729,1478.3998330640002,61.6,524288.0,246413.33333333334,1.0666666666666667,801.2,676.6666666666666,3.3333333333333335
1376498762,1,2399.999729,905.5998977426668,37.733333333333334,524288.0,221247.2,13.333333333333334,563.9333333333334,421.46666666666664,2.2
1376499062,1,2399.999729,523.199940922,21.8,524288.0,203422.4,8.933333333333334,312.20000000000005,146.73333333333332,1.5333333333333334
1376499362,1,2399.999729,403.199954472,16.8,524288.0,159381.6,0.7333333333333334,267.73333333333335,105.66666666666667,1.1333333333333333
1376499662,1,2399.999729,420.7999524846666,17.53333333333333,524288.0,146798.4,0.3333333333333333,278.0,113.06666666666666,1.3333333333333333
1376499962,1,2399.999729,431.99995122,18.0,524288.0,153090.4,17.400000000000002,314.8,135.13333333333333,2.0
1376500262,1,2399.999729,398.39995501400006,16.6,524288.0,140857.33333333334,0.4,269.93333333333334,103.53333333333333,1.6
1376500562,1,2399.999729,371.1999580853333,15.466666666666667,524288.0,133167.73333333334,0.26666666666666666,273.6666666666667,107.2,1.2
1376500862,1,2399.999729,383.99995664,16.0,524288.0,160080.26666666666,16.733333333333334,281.93333333333334,109.33333333333333,1.4666666666666666
1376501162,1,2399.999729,363.1999589886667,15.133333333333333,524288.0,150643.46666666667,0.06666666666666667,263.8666666666667,102.46666666666667,1.4
1376501462,1,2399.999729,363.1999589886667,15.133333333333333,524288.0,134566.13333333333,0.0,273.73333333333335,106.26666666666667,1.5333333333333334
1376501762,1,2399.999729,387.19995627866666,16.133333333333333,524288.0,143652.8,0.26666666666666666,285.93333333333334,112.86666666666666,1.4
1376502062,1,2399.999729,374.399957724,15.6,524288.0,128274.4,0.6,276.33333333333337,106.33333333333333,1.3333333333333333
1376502362,1,2399.999729,379.19995718200005,15.8,524288.0,150993.06666666668,2.666666666666667,278.1333333333333,108.46666666666667,1.2666666666666666
1376502662,1,2399.999729,374.399957724,15.6,524288.0,142605.33333333334,0.6,271.26666666666665,104.33333333333333,1.4
1376502962,1,2399.999729,355.19995989200004,14.8,524288.0,133866.66666666666,0.0,263.6666666666667,102.86666666666666,1.2666666666666666
1376503263,1,2399.999729,366.3999586273334,15.266666666666667,524288.0,137710.66666666666,0.13333333333333333,276.8666666666667,113.13333333333334,1.3333333333333333
1376503563,1,2399.999729,406.39995411066667,16.933333333333334,524288.0,176857.86666666667,8.133333333333333,297.4,125.66666666666667,1.9333333333333333
1376503863,1,2399.999729,451.199949052,18.8,524288.0,141905.33333333334,0.8,264.4666666666667,102.06666666666666,1.2666666666666666
1376504163,1,2399.999729,431.99995122,18.0,524288.0,135964.0,0.06666666666666667,265.93333333333334,105.33333333333333,1.2666666666666666
1376504463,1,2399.999729,375.9999575433334,15.666666666666668,524288.0,132118.66666666666,0.26666666666666666,264.0,102.33333333333333,1.3333333333333333
1376504763,1,2399.999729,428.79995158133335,17.866666666666667,524288.0,142255.46666666667,0.6,263.9333333333333,105.06666666666666,1.2
1376505063,1,2399.999729,398.39995501400006,16.6,524288.0,133168.26666666666,0.26666666666666666,266.5333333333333,104.0,1.2666666666666666
1376505363,1,2399.999729,446.3999495940001,18.6,524288.0,128972.8,0.13333333333333333,284.4,118.0,1.2
1376505663,1,2399.999729,407.99995393000006,17.0,524288.0,137361.6,0.2,268.4,105.06666666666666,1.3333333333333333
1376505963,1,2399.999729,375.9999575433334,15.666666666666668,524288.0,166721.6,2.1333333333333333,273.8666666666667,107.2,1.2666666666666666
1376506263,1,2399.999729,580.799934418,24.2,524288.0,140508.0,0.6666666666666667,290.1333333333333,126.26666666666667,1.4
1376506563,1,2399.999729,479.9999458,20.0,524288.0,140856.53333333333,0.06666666666666667,269.8666666666667,108.13333333333334,1.2
1376506863,1,2399.999729,419.1999526653334,17.46666666666667,524288.0,134915.73333333334,0.26666666666666666,278.0,109.66666666666667,1.4666666666666666
1376507163,1,2399.999729,449.5999492326667,18.733333333333334,524288.0,151692.53333333333,7.6,317.3333333333333,137.06666666666666,1.9333333333333333
1376507463,1,2399.999729,417.599952846,17.4,524288.0,133517.06666666668,0.26666666666666666,272.8,101.2,1.2666666666666666
1376507763,1,2399.999729,443.1999499553334,18.46666666666667,524288.0,128972.8,0.06666666666666667,272.93333333333334,108.86666666666666,1.3333333333333333
1376508063,1,2399.999729,419.1999526653334,17.46666666666667,524288.0,143304.8,0.6,271.93333333333334,102.6,1.4
1376508363,1,2399.999729,433.5999510393333,18.066666666666666,524288.0,139808.0,0.2,264.1333333333333,102.53333333333333,1.4
1376508663,1,2399.999729,435.1999508586667,18.133333333333333,524288.0,125827.46666666666,0.13333333333333333,287.26666666666665,112.6,1.4
1376508963,1,2399.999729,470.3999468840001,19.6,524288.0,139109.06666666668,0.26666666666666666,273.26666666666665,110.0,1.4
1376509263,1,2399.999729,411.1999535686667,17.133333333333333,524288.0,127574.93333333333,0.2,268.26666666666665,103.4,1.3333333333333333
1376509563,1,2399.999729,367.99995844666665,15.333333333333332,524288.0,149945.06666666668,2.1333333333333337,268.73333333333335,104.26666666666667,1.3333333333333333
1376509863,1,2399.999729,407.99995393000006,17.0,524288.0,155537.06666666668,0.5333333333333333,266.8,103.46666666666667,1.4
1376510163,1,2399.999729,383.99995664,16.0,524288.0,147148.0,0.06666666666666667,268.8,103.73333333333333,1.1333333333333333
1376510463,1,2399.999729,361.5999591693334,15.066666666666668,524288.0,136313.86666666667,0.3333333333333333,268.26666666666665,104.53333333333333,1.3333333333333333
1376510763,1,2399.999729,406.39995411066667,16.933333333333334,524288.0,170566.93333333332,7.6000000000000005,293.6666666666667,124.33333333333333,1.6666666666666667
1376511064,1,2399.999729,431.99995122,18.0,524288.0,141905.06666666668,0.13333333333333333,274.4666666666667,107.06666666666666,1.5333333333333334
1376511364,1,2399.999729,420.7999524846666,17.53333333333333,524288.0,146799.2,0.0,271.6,109.26666666666667,1.3333333333333333
1376511664,1,2399.999729,422.399952304,17.6,524288.0,142604.0,9.4,283.4,116.46666666666667,1.4666666666666666
1376511964,1,2399.999729,428.79995158133335,17.866666666666667,524288.0,118487.2,0.26666666666666666,275.6,114.86666666666666,1.2666666666666666
1376512264,1,2399.999729,430.3999514006667,17.933333333333334,524288.0,131071.2,0.26666666666666666,280.46666666666664,115.6,1.4666666666666666
1376512564,1,2399.999729,475.19994634200003,19.8,524288.0,160431.2,0.06666666666666667,280.2,118.8,1.2
1376512864,1,2399.999729,444.7999497746667,18.53333333333333,524288.0,157283.73333333334,0.13333333333333333,286.3333333333333,122.46666666666667,1.2
1376513164,1,2399.999729,455.99994851,19.0,524288.0,138759.2,2.066666666666667,288.8,123.6,1.4
1376513464,1,2399.999729,484.799945258,20.2,524288.0,140158.93333333332,0.6,282.6666666666667,114.0,1.4
1376513764,1,2399.999729,516.7999416446668,21.533333333333335,524288.0,145051.46666666667,0.39999999999999997,279.26666666666665,119.0,1.1333333333333333
1376514064,1,2399.999729,479.9999458,20.0,524288.0,148895.2,0.3333333333333333,282.8666666666667,120.2,1.4
1376514364,1,2399.999729,479.9999458,20.0,524288.0,167071.73333333334,7.466666666666667,305.8,134.06666666666666,2.1333333333333333
1376514664,1,2399.999729,467.19994724533336,19.46666666666667,524288.0,161828.53333333333,0.06666666666666667,273.66666666666663,108.73333333333333,1.2666666666666666
1376514964,1,2399.999729,508.79994254800005,21.2,524288.0,151692.53333333333,0.0,273.6,110.26666666666667,1.2
1376515264,1,2399.999729,460.79994796799997,19.2,524288.0,142604.8,0.5333333333333333,283.1333333333333,112.73333333333333,1.2
1376515564,1,2399.999729,489.599944716,20.4,524288.0,148197.06666666668,0.26666666666666666,272.93333333333334,109.13333333333334,1.1333333333333333
1376515864,1,2399.999729,473.5999465226667,19.733333333333334,524288.0,143304.8,0.0,274.73333333333335,108.26666666666667,1.3333333333333333
1376516164,1,2399.999729,500.7999434513333,20.866666666666664,524288.0,156236.0,0.4,271.8,104.06666666666666,1.0
1376516464,1,2399.999729,470.3999468840001,19.6,524288.0,150992.8,0.06666666666666667,269.4666666666667,104.4,1.2
1376516764,1,2399.999729,430.3999514006667,17.933333333333334,524288.0,144700.8,1.9333333333333333,265.8666666666667,104.33333333333333,1.1333333333333333
1376517064,1,2399.999729,465.59994742599997,19.4,524288.0,141555.2,0.6666666666666667,273.40000000000003,104.2,1.4
1376517365,1,2399.999729,435.1999508586667,18.133333333333333,524288.0,149944.0,0.13333333333333333,263.6666666666667,102.46666666666667,1.1333333333333333
1376517665,1,2399.999729,476.79994616133337,19.866666666666667,524288.0,132817.86666666667,3.6666666666666665,273.4,119.53333333333333,1.2666666666666666
1376517965,1,2399.999729,646.3999270106667,26.933333333333334,524288.0,175110.66666666666,14.266666666666666,414.4666666666667,230.8,1.8666666666666667
1376518265,1,2399.999729,687.9999223133334,28.666666666666664,524288.0,198528.53333333333,1.0666666666666667,410.26666666666665,241.93333333333334,1.2
1376518565,1,2399.999729,468.79994706466664,19.53333333333333,524288.0,161128.8,0.26666666666666666,326.0,154.8,1.2
1376518865,1,2399.999729,510.3999423673333,21.266666666666666,524288.0,164275.2,1.0,345.26666666666665,172.06666666666666,1.2666666666666666
1376519165,1,2399.999729,379.19995718200005,15.8,524288.0,149945.06666666668,0.2,279.1333333333333,104.86666666666666,1.1333333333333333
1376519465,1,2399.999729,372.79995790466666,15.533333333333333,524288.0,126875.46666666666,0.3333333333333333,283.73333333333335,106.33333333333333,1.2
1376519765,1,2399.999729,457.59994832933336,19.066666666666666,524288.0,143652.53333333333,0.26666666666666666,315.1333333333333,141.33333333333334,1.0
1376520065,1,2399.999729,367.99995844666665,15.333333333333332,524288.0,130371.73333333334,0.26666666666666666,281.8,102.13333333333334,1.1333333333333333
1376520365,1,2399.999729,356.7999597113334,14.866666666666667,524288.0,128273.86666666667,1.9333333333333333,272.93333333333334,102.53333333333333,1.0666666666666667
1376520665,1,2399.999729,366.3999586273334,15.266666666666667,524288.0,138060.53333333333,0.06666666666666667,275.6,99.2,1.1333333333333333
1376520965,1,2399.999729,356.7999597113334,14.866666666666667,524288.0,131769.33333333334,0.0,269.46666666666664,102.33333333333333,0.9333333333333333
1376521265,1,2399.999729,361.5999591693334,15.066666666666668,524288.0,127225.6,251.93333333333334,289.46666666666664,102.86666666666666,1.2
1376521565,1,2399.999729,628.799928998,26.2,524288.0,336940.26666666666,1896.9333333333334,655.8666666666667,157.0,1.8666666666666667
1376521865,1,2399.999729,1243.1998596219998,51.8,524288.0,406846.4,1860.8666666666666,470.0,109.0,1.3333333333333333
1376522165,1,2399.999729,2569.5997098493335,107.06666666666666,524288.0,406846.4,1777.3333333333333,342.66666666666663,108.73333333333333,1.2666666666666666
1376522465,1,2399.999729,2534.3997138239997,105.6,524288.0,415234.4,1810.7333333333333,344.06666666666666,108.06666666666666,1.2
1376522765,1,2399.999729,2564.799710391333,106.86666666666666,524288.0,412089.6,1772.6,338.73333333333335,103.4,1.2
1376523065,1,2399.999729,2483.199719605333,103.46666666666665,524288.0,402650.4,1950.0,344.46666666666664,107.13333333333334,1.2666666666666666
1376523365,1,2399.999729,2427.199725928667,101.13333333333334,524288.0,362805.6,1930.8666666666666,333.6,104.66666666666667,1.0666666666666667
1376523665,1,2399.999729,2487.999719063333,103.66666666666666,524288.0,339736.8,2026.2666666666667,322.4,106.8,1.2
1376523965,1,2399.999729,2491.199718702,103.8,524288.0,342882.4,2256.0,327.8666666666667,108.73333333333333,1.1333333333333333
1376524265,1,2399.999729,2449.5997233993335,102.06666666666666,524288.0,388321.86666666664,1866.5333333333335,355.66666666666663,105.8,1.2666666666666666
1376524565,1,2399.999729,2596.799706778,108.2,524288.0,352320.26666666666,1257.5333333333333,285.06666666666666,103.26666666666667,1.0666666666666667
1376524865,1,2399.999729,2612.799704971333,108.86666666666666,524288.0,382727.73333333334,1197.8,301.40000000000003,116.33333333333333,1.3333333333333333
1376525165,1,2399.999729,2214.3997499573334,92.26666666666667,524288.0,360358.93333333335,1009.4666666666667,330.4,131.6,1.8
1376525465,1,2399.999729,2561.599710752667,106.73333333333333,524288.0,373640.26666666666,1189.4,282.93333333333334,100.4,1.2666666666666666
1376525765,1,2399.999729,2489.599718882667,103.73333333333333,524288.0,384476.8,1075.9333333333332,285.73333333333335,103.8,1.1333333333333333
1376526065,1,2399.999729,2135.99975881,89.0,524288.0,357912.0,1108.0666666666664,308.6,104.0,1.2
1376526365,1,2399.999729,2425.5997261093335,101.06666666666666,524288.0,301988.0,1882.6,345.06666666666666,103.53333333333333,1.2
1376526665,1,2399.999729,2094.3997635073333,87.26666666666667,524288.0,282065.06666666665,1606.4666666666667,349.93333333333334,104.13333333333334,1.2
1376526965,1,2399.999729,1915.199783742,79.8,524288.0,239771.73333333334,1533.3333333333333,323.66666666666663,103.86666666666666,1.0666666666666667
1376527265,1,2399.999729,1956.7997790446668,81.53333333333333,524288.0,314221.06666666665,1862.7333333333333,366.73333333333335,104.86666666666666,1.1333333333333333
1376527565,1,2399.999729,2446.399723760667,101.93333333333334,524288.0,377135.2,2748.8,419.1333333333333,106.26666666666667,1.0666666666666667
1376527865,1,2399.999729,2436.7997248446673,101.53333333333335,524288.0,404748.0,2602.3333333333335,416.53333333333336,103.6,1.0
1376528165,1,2399.999729,2036.799770011333,84.86666666666666,524288.0,419428.0,2079.0666666666666,369.2,99.73333333333333,1.0
1376528465,1,2399.999729,2207.99975068,92.0,524288.0,408943.2,2188.8,385.6,104.26666666666667,1.0666666666666667
1376528765,1,2399.999729,980.7998892513334,40.86666666666667,524288.0,365952.0,452.1333333333333,335.4,129.6,1.7333333333333334
1376529065,1,2399.999729,313.5999645893334,13.066666666666668,524288.0,219150.4,1.4666666666666666,275.6666666666667,104.06666666666666,1.1333333333333333
1376529365,1,2399.999729,364.799958808,15.2,524288.0,154138.4,0.5333333333333333,283.26666666666665,106.66666666666667,1.2
1376529666,1,2399.999729,326.39996314399997,13.6,524288.0,122681.6,25.200000000000003,284.33333333333337,101.2,1.0666666666666667
1376529966,1,2399.999729,299.19996621533335,12.466666666666667,524288.0,130720.8,0.26666666666666666,277.8666666666667,101.86666666666666,1.0
1376530266,1,2399.999729,323.19996350533336,13.466666666666667,524288.0,127575.2,0.4,283.53333333333336,101.8,1.2666666666666666
1376530566,1,2399.999729,337.59996187933336,14.066666666666668,524288.0,123382.13333333333,0.13333333333333333,290.06666666666666,106.93333333333334,1.2666666666666666
1376530866,1,2399.999729,406.39995411066667,16.933333333333334,524288.0,123380.26666666666,0.06666666666666667,292.4666666666667,104.73333333333333,1.2
1376531166,1,2399.999729,486.3999450773333,20.266666666666666,524288.0,124779.2,3.066666666666667,285.1333333333333,103.46666666666667,1.2666666666666666
1376531466,1,2399.999729,419.1999526653334,17.46666666666667,524288.0,139807.73333333334,0.26666666666666666,296.8,107.06666666666666,1.2666666666666666
1376531766,1,2399.999729,398.39995501400006,16.6,524288.0,126876.0,0.2,282.4666666666667,106.46666666666667,1.2
1376532066,1,2399.999729,414.3999532073333,17.266666666666666,524288.0,140507.2,0.0,285.0,106.73333333333333,1.0
1376532366,1,2399.999729,731.1999174353333,30.466666666666665,524288.0,231733.86666666667,504.3333333333333,341.06666666666666,128.33333333333334,2.3333333333333335
1376532666,1,2399.999729,441.59995013599996,18.4,524288.0,203072.0,1.2666666666666666,284.93333333333334,104.53333333333333,1.2
1376532966,1,2399.999729,443.1999499553334,18.46666666666667,524288.0,147148.0,0.6,289.2,108.06666666666666,1.2
1376533266,1,2399.999729,441.59995013599996,18.4,524288.0,168819.73333333334,717.9333333333334,386.53333333333336,106.66666666666667,1.4
1376533566,1,2399.999729,467.19994724533336,19.46666666666667,524288.0,362805.6,332.7333333333333,327.4666666666667,107.8,1.2666666666666666
1376533866,1,2399.999729,420.7999524846666,17.53333333333333,524288.0,231733.6,1.4666666666666666,284.26666666666665,107.86666666666666,1.1333333333333333
1376534166,1,2399.999729,383.99995664,16.0,524288.0,186644.8,0.9333333333333333,286.1333333333333,102.8,0.9333333333333333
1376534466,1,2399.999729,425.59995194266673,17.733333333333334,524288.0,176159.2,0.9333333333333333,281.6666666666667,102.6,1.0
1376534766,1,2399.999729,427.19995176200007,17.8,524288.0,170916.8,11.666666666666668,283.0,108.2,0.9333333333333333
1376535066,1,2399.999729,443.1999499553334,18.46666666666667,524288.0,166720.8,21.133333333333333,281.79999999999995,104.2,1.0666666666666667
1376535366,1,2399.999729,379.19995718200005,15.8,524288.0,164974.4,0.06666666666666667,271.06666666666666,103.0,0.8666666666666667
1376535666,1,2399.999729,433.5999510393333,18.066666666666666,524288.0,144701.6,6.733333333333333,286.2,111.0,1.1333333333333333
1376535966,1,2399.999729,491.19994453533343,20.46666666666667,524288.0,168469.6,6.0,308.8,121.53333333333333,1.6
1376536266,1,2399.999729,447.99994941333335,18.666666666666668,524288.0,154838.13333333333,0.2,274.3333333333333,104.66666666666667,1.2666666666666666
1376536566,1,2399.999729,379.19995718200005,15.8,524288.0,167770.13333333333,0.06666666666666667,276.46666666666664,106.26666666666667,0.9333333333333333
1376536866,1,2399.999729,393.599955556,16.4,524288.0,157633.6,0.6666666666666667,277.4666666666667,102.73333333333333,1.0
1376537166,1,2399.999729,441.59995013599996,18.4,524288.0,150992.8,0.13333333333333333,290.6,117.6,0.8
1376537466,1,2399.999729,502.3999432706667,20.933333333333334,524288.0,153090.66666666666,0.0,274.4,104.4,0.9333333333333333
1376537766,1,2399.999729,431.99995122,18.0,524288.0,156586.4,0.13333333333333333,278.8,104.8,0.8666666666666667
1376538066,1,2399.999729,396.7999551946666,16.53333333333333,524288.0,135614.66666666666,0.4,271.8,101.06666666666666,1.0
1376538366,1,2399.999729,382.3999568206666,15.933333333333332,524288.0,141905.6,3.0,272.66666666666663,102.8,1.0
1376538666,1,2399.999729,393.599955556,16.4,524288.0,140508.0,0.6666666666666666,273.2,104.73333333333333,0.8
1376538967,1,2399.999729,407.99995393000006,17.0,524288.0,141556.0,0.0,272.6,104.66666666666667,0.9333333333333333
1376539267,1,2399.999729,420.7999524846666,17.53333333333333,524288.0,133168.0,0.2,274.8666666666667,107.13333333333334,1.1333333333333333
1376539567,1,2399.999729,539.1999391153333,22.466666666666665,524288.0,154838.93333333332,13.466666666666667,328.4,140.46666666666667,1.8
1376539867,1,2399.999729,487.99994489666665,20.333333333333332,524288.0,162877.6,0.6666666666666666,315.06666666666666,139.26666666666668,1.2666666666666666
1376540167,1,2399.999729,447.99994941333335,18.666666666666668,524288.0,148196.53333333333,0.13333333333333333,291.1333333333333,117.53333333333333,1.0666666666666667
1376540466,1,2399.999729,401.5999546526667,16.733333333333334,524288.0,134915.73333333334,0.5333333333333333,275.66666666666663,101.53333333333333,1.0666666666666667
1376540766,1,2399.999729,407.99995393000006,17.0,524288.0,139458.4,0.2,267.5333333333333,100.8,1.0
1376541066,1,2399.999729,425.59995194266673,17.733333333333334,524288.0,125477.6,0.2,300.93333333333334,113.46666666666667,1.0666666666666667
1376541366,1,2399.999729,419.1999526653334,17.46666666666667,524288.0,119186.93333333333,0.2,273.6,102.13333333333334,0.8666666666666667
1376541666,1,2399.999729,452.7999488713334,18.866666666666667,524288.0,139808.53333333333,0.13333333333333333,277.6,105.0,0.7333333333333333
1376541966,1,2399.999729,382.3999568206666,15.933333333333332,524288.0,130720.8,2.9333333333333336,273.06666666666666,100.26666666666667,0.8666666666666667
1376542267,1,2399.999729,411.1999535686667,17.133333333333333,524288.0,134216.8,0.8666666666666667,280.53333333333336,103.46666666666667,1.0
1376542567,1,2399.999729,430.3999514006667,17.933333333333334,524288.0,136313.06666666668,0.13333333333333333,275.93333333333334,103.6,0.7333333333333333
1376542867,1,2399.999729,420.7999524846666,17.53333333333333,524288.0,117788.8,0.13333333333333333,284.93333333333334,109.66666666666667,0.9333333333333333
1376543167,1,2399.999729,446.3999495940001,18.6,524288.0,155886.66666666666,7.2,296.1333333333333,120.26666666666667,1.4666666666666666
1376543467,1,2399.999729,414.3999532073333,17.266666666666666,524288.0,145050.66666666666,0.2,277.73333333333335,108.26666666666667,1.4
1376543767,1,2399.999729,391.99995573666666,16.333333333333332,524288.0,132469.06666666668,0.33333333333333337,280.5333333333333,106.2,1.0666666666666667
1376544067,1,2399.999729,390.39995591733333,16.266666666666666,524288.0,149945.33333333334,9.799999999999999,279.0,105.26666666666667,0.9333333333333333
1376544367,1,2399.999729,379.19995718200005,15.8,524288.0,141556.8,0.26666666666666666,272.1333333333333,102.6,0.8666666666666667
1376544667,1,2399.999729,387.19995627866666,16.133333333333333,524288.0,128972.8,0.26666666666666666,280.93333333333334,105.4,0.8666666666666667
1376544967,1,2399.999729,377.59995736266666,15.733333333333333,524288.0,121632.8,0.3333333333333333,273.73333333333335,101.86666666666666,0.8
1376545267,1,2399.999729,503.99994309,21.0,524288.0,124429.33333333333,0.13333333333333333,287.6,111.53333333333333,1.0
1376545567,1,2399.999729,395.1999553753334,16.46666666666667,524288.0,143653.6,2.3333333333333335,277.2,102.86666666666666,0.9333333333333333
1376545867,1,2399.999729,393.599955556,16.4,524288.0,123729.6,0.5333333333333333,292.8,112.06666666666666,1.0666666666666667
1376546167,1,2399.999729,454.3999486906667,18.933333333333334,524288.0,142603.73333333334,0.13333333333333333,277.8666666666667,106.13333333333334,1.0666666666666667
1376546467,1,2399.999729,423.99995212333334,17.666666666666668,524288.0,135962.93333333332,0.3333333333333333,285.4666666666667,109.26666666666667,1.2
1376546767,1,2399.999729,479.9999458,20.0,524288.0,164974.4,7.666666666666667,306.46666666666664,124.73333333333333,1.8666666666666667
1376547067,1,2399.999729,407.99995393000006,17.0,524288.0,153089.6,0.13333333333333333,284.0,109.0,1.3333333333333333
1376547367,1,2399.999729,390.39995591733333,16.266666666666666,524288.0,142603.73333333334,0.39999999999999997,277.46666666666664,103.26666666666667,1.0666666666666667
1376547667,1,2399.999729,401.5999546526667,16.733333333333334,524288.0,144701.6,0.2,281.8,104.2,1.2
1376547967,1,2399.999729,420.7999524846666,17.53333333333333,524288.0,159730.4,0.13333333333333333,271.0,103.6,1.0
1376548267,1,2399.999729,398.39995501400006,16.6,524288.0,132818.93333333332,0.2,278.4666666666667,107.6,1.4
1376548567,1,2399.999729,430.3999514006667,17.933333333333334,524288.0,134216.26666666666,0.4,280.06666666666666,107.93333333333334,1.2
1376548867,1,2399.999729,455.99994851,19.0,524288.0,135264.26666666666,0.13333333333333333,285.06666666666666,108.33333333333333,1.2
1376549167,1,2399.999729,403.199954472,16.8,524288.0,132817.06666666668,2.4,282.3333333333333,107.13333333333334,1.1333333333333333
1376549467,1,2399.999729,393.599955556,16.4,524288.0,119186.66666666667,0.6666666666666667,286.26666666666665,107.73333333333333,1.2
1376549767,1,2399.999729,1107.1998749786667,46.13333333333333,524288.0,180002.93333333332,0.6666666666666666,678.5333333333333,538.6666666666666,3.466666666666667
1376550067,1,2399.999729,1443.1998370386666,60.13333333333333,524288.0,263190.4,245.06666666666666,846.8666666666667,682.3333333333334,4.2
1376550367,1,2399.999729,761.5999140026668,31.733333333333334,524288.0,333444.8,21.066666666666666,420.8666666666667,233.13333333333333,2.466666666666667
1376550667,1,2399.999729,455.99994851,19.0,524288.0,230685.86666666667,1.0666666666666667,297.93333333333334,126.53333333333333,1.4666666666666666
1376550968,1,2399.999729,391.99995573666666,16.333333333333332,524288.0,166722.4,0.7333333333333334,285.4,107.86666666666666,1.2666666666666666
1376551268,1,2399.999729,463.9999476066667,19.333333333333332,524288.0,142604.8,12.333333333333332,301.93333333333334,123.4,1.1333333333333333
1376551568,1,2399.999729,447.99994941333335,18.666666666666668,524288.0,221247.73333333334,931.8000000000001,316.4666666666667,106.06666666666666,1.2
1376551868,1,2399.999729,467.19994724533336,19.46666666666667,524288.0,278569.86666666664,3.4000000000000004,305.2,116.86666666666666,1.0666666666666667
1376552168,1,2399.999729,439.9999503166666,18.333333333333332,524288.0,185246.13333333333,1.2,290.8,109.66666666666667,1.3333333333333333
1376552468,1,2399.999729,499.19994363200004,20.8,524288.0,154138.4,0.8,294.4666666666667,113.06666666666666,1.1333333333333333
1376552768,1,2399.999729,411.1999535686667,17.133333333333333,524288.0,146450.13333333333,9.2,290.6,106.86666666666666,1.2
1376553068,1,2399.999729,391.99995573666666,16.333333333333332,524288.0,152041.06666666668,20.533333333333335,288.73333333333335,107.73333333333333,1.2
1376553368,1,2399.999729,457.59994832933336,19.066666666666666,524288.0,140507.2,0.2,297.2,121.8,1.2
1376553668,1,2399.999729,495.9999439933333,20.666666666666664,524288.0,152741.6,236.8,299.20000000000005,113.26666666666667,1.4
1376553968,1,2399.999729,606.3999315273334,25.266666666666666,524288.0,268084.5333333333,107.4,342.4666666666667,141.93333333333334,2.1333333333333333
1376554268,1,2399.999729,446.3999495940001,18.6,524288.0,192936.0,0.4666666666666667,292.4,111.93333333333334,1.4
1376554568,1,2399.999729,398.39995501400006,16.6,524288.0,155187.2,0.4666666666666667,292.73333333333335,108.93333333333334,1.2666666666666666
1376554868,1,2399.999729,406.39995411066667,16.933333333333334,524288.0,138409.6,24.53333333333333,295.40000000000003,108.8,1.4
1376555168,1,2399.999729,393.599955556,16.4,524288.0,147848.0,0.3333333333333333,293.2,109.66666666666667,1.1333333333333333
1376555468,1,2399.999729,420.7999524846666,17.53333333333333,524288.0,168819.2,0.2,304.8,113.53333333333333,1.4666666666666666
1376555768,1,2399.999729,443.1999499553334,18.46666666666667,524288.0,140507.2,0.26666666666666666,299.73333333333335,114.0,1.4
1376556068,1,2399.999729,567.9999358633333,23.666666666666664,524288.0,150644.26666666666,0.0,312.6,123.13333333333334,1.3333333333333333
1376556368,1,2399.999729,508.79994254800005,21.2,524288.0,170915.2,2.266666666666667,299.6666666666667,119.4,1.2666666666666666
1376556668,1,2399.999729,547.199938212,22.8,524288.0,147848.0,3.8,311.0,120.06666666666666,1.3333333333333333
1376556968,1,2399.999729,519.9999412833333,21.666666666666664,524288.0,141556.0,0.06666666666666667,284.4,109.06666666666666,1.1333333333333333
1376557268,1,2399.999729,587.1999336953334,24.466666666666665,524288.0,153090.4,241.4,316.26666666666665,129.8,1.3333333333333333
1376557568,1,2399.999729,611.1999309853334,25.466666666666665,524288.0,238724.26666666666,9.200000000000001,326.2,138.4,1.9333333333333333
1376557868,1,2399.999729,577.5999347793334,24.066666666666666,524288.0,167770.4,0.8666666666666667,288.4,112.8,1.4
1376558168,1,2399.999729,542.399938754,22.6,524288.0,150643.73333333334,0.26666666666666666,286.6,110.73333333333333,1.3333333333333333
1376558468,1,2399.999729,564.7999362246668,23.533333333333335,524288.0,147497.6,5.133333333333334,311.0,131.26666666666668,1.2
1376558768,1,2399.999729,555.1999373086668,23.133333333333336,524288.0,152391.2,0.3333333333333333,292.4,113.93333333333334,1.2
1376559068,1,2399.999729,596.7999326113332,24.866666666666664,524288.0,133168.0,0.2,296.1333333333333,113.0,1.2666666666666666
1376559368,1,2399.999729,423.99995212333334,17.666666666666668,524288.0,154137.6,0.33333333333333337,290.4,110.86666666666666,1.8666666666666667
1376559668,1,2399.999729,396.7999551946666,16.53333333333333,524288.0,123031.2,0.13333333333333333,288.4,110.2,1.2666666666666666
1376559968,1,2399.999729,417.599952846,17.4,524288.0,128972.8,2.2666666666666666,285.0,108.73333333333333,1.2666666666666666
1376560268,1,2399.999729,411.1999535686667,17.133333333333333,524288.0,139458.66666666666,0.6,295.2,117.26666666666667,1.3333333333333333
1376560568,1,2399.999729,441.59995013599996,18.4,524288.0,141206.4,0.26666666666666666,292.73333333333335,114.66666666666667,1.2
1376560868,1,2399.999729,428.79995158133335,17.866666666666667,524288.0,142254.4,151.0,303.3333333333333,115.86666666666666,1.4666666666666666
1376561168,1,2399.999729,484.799945258,20.2,524288.0,236626.66666666666,7.333333333333334,327.8,130.46666666666667,1.8
1376561468,1,2399.999729,447.99994941333335,18.666666666666668,524288.0,156585.06666666668,0.3333333333333333,298.26666666666665,121.33333333333333,1.6
1376561768,1,2399.999729,417.599952846,17.4,524288.0,146449.06666666668,0.13333333333333333,289.4666666666667,111.93333333333334,1.4
1376562068,1,2399.999729,436.799950678,18.2,524288.0,144003.2,0.8,286.8,111.73333333333333,1.4666666666666666
1376562368,1,2399.999729,409.59995374933334,17.066666666666666,524288.0,144701.86666666667,0.3333333333333333,287.6,114.66666666666667,1.2666666666666666
1376562668,1,2399.999729,428.79995158133335,17.866666666666667,524288.0,137012.8,0.3333333333333333,307.4,122.13333333333334,1.4666666666666666
1376562968,1,2399.999729,422.399952304,17.6,524288.0,126177.33333333333,0.4,291.8666666666667,109.8,1.2
1376563269,1,2399.999729,428.79995158133335,17.866666666666667,524288.0,127574.66666666667,0.3333333333333333,303.6,117.53333333333333,1.4
1376563569,1,2399.999729,411.1999535686667,17.133333333333333,524288.0,126875.2,2.2666666666666666,287.0,107.4,1.3333333333333333
1376563869,1,2399.999729,446.3999495940001,18.6,524288.0,145749.06666666668,0.4,292.66666666666663,109.93333333333334,1.3333333333333333
1376564169,1,2399.999729,407.99995393000006,17.0,524288.0,140507.2,0.26666666666666666,285.4,110.0,1.2
1376564469,1,2399.999729,439.9999503166666,18.333333333333332,524288.0,149944.8,171.46666666666664,299.79999999999995,116.0,1.5333333333333334
1376564769,1,2399.999729,1339.199848782,55.8,524288.0,282764.26666666666,415.93333333333334,578.5333333333333,141.33333333333334,15.533333333333333
1376565069,1,2399.999729,639.9999277333333,26.666666666666664,524288.0,295696.8,749.8666666666667,468.0,127.13333333333334,2.8
1376565369,1,2399.999729,579.1999345986667,24.133333333333336,524288.0,359659.2,770.9333333333333,450.8666666666667,132.8,2.2
1376565669,1,2399.999729,556.799937128,23.2,524288.0,349873.3333333333,891.2,444.4,125.33333333333333,2.1333333333333333
1376565969,1,2399.999729,545.5999383926668,22.733333333333334,524288.0,372241.6,862.9999999999999,417.0,116.2,3.533333333333333
1376566269,1,2399.999729,1030.3998836506667,42.93333333333333,524288.0,332046.4,608.2,571.3333333333334,133.4,18.133333333333333
1376566569,1,2399.999729,603.1999318886668,25.133333333333336,524288.0,369795.73333333334,736.4666666666667,463.20000000000005,123.86666666666666,1.6666666666666667
1376566869,1,2399.999729,518.3999414640001,21.6,524288.0,376087.4666666667,716.2,404.33333333333337,113.33333333333333,2.0
1376567169,1,2399.999729,575.99993496,24.0,524288.0,383777.06666666665,823.0,428.26666666666665,125.66666666666667,1.5333333333333334
1376567469,1,2399.999729,553.5999374893333,23.066666666666666,524288.0,375039.2,889.0666666666666,430.9333333333333,120.13333333333334,3.0
1376567769,1,2399.999729,481.59994561933337,20.066666666666666,524288.0,350221.86666666664,7.199999999999999,300.1333333333333,114.53333333333333,2.1333333333333333
1376568069,1,2399.999729,435.1999508586667,18.133333333333333,524288.0,278220.26666666666,247.13333333333335,301.26666666666665,113.53333333333333,1.5333333333333334
1376568369,1,2399.999729,495.9999439933333,20.666666666666664,524288.0,295347.2,21.866666666666667,326.6,134.53333333333333,2.0
1376568669,1,2399.999729,436.799950678,18.2,524288.0,226840.26666666666,1.5999999999999999,292.8666666666667,116.93333333333334,1.6666666666666667
1376568969,1,2399.999729,407.99995393000006,17.0,524288.0,210761.6,1.0,295.6,112.66666666666667,1.4
1376569269,1,2399.999729,438.39995049733335,18.266666666666666,524288.0,199227.2,15.866666666666665,298.73333333333335,113.0,1.4
1376569569,1,2399.999729,438.39995049733335,18.266666666666666,524288.0,211810.4,0.5333333333333333,288.3333333333333,112.2,1.2666666666666666
1376569869,1,2399.999729,444.7999497746667,18.53333333333333,524288.0,188741.6,0.39999999999999997,303.73333333333335,117.73333333333333,1.4666666666666666
1376570169,1,2399.999729,441.59995013599996,18.4,524288.0,196082.4,0.26666666666666666,296.93333333333334,116.06666666666666,1.1333333333333333
1376570469,1,2399.999729,419.1999526653334,17.46666666666667,524288.0,175109.6,0.2,297.4666666666667,112.53333333333333,1.2666666666666666
1376570769,1,2399.999729,425.59995194266673,17.733333333333334,524288.0,158332.8,4.2,291.4666666666667,108.13333333333334,1.4
1376571069,1,2399.999729,446.3999495940001,18.6,524288.0,180004.53333333333,1.0666666666666667,300.4,112.2,1.4
1376571369,1,2399.999729,425.59995194266673,17.733333333333334,524288.0,180702.4,0.2,300.20000000000005,114.2,1.4
1376571669,1,2399.999729,446.3999495940001,18.6,524288.0,165324.26666666666,162.0,306.2,111.86666666666666,1.3333333333333333
1376571969,1,2399.999729,476.79994616133337,19.866666666666667,524288.0,241519.73333333334,7.666666666666667,341.6666666666667,144.26666666666668,2.0
1376572269,1,2399.999729,439.9999503166666,18.333333333333332,524288.0,190839.2,6.466666666666667,297.06666666666666,111.0,1.6666666666666667
1376572569,1,2399.999729,455.99994851,19.0,524288.0,164274.66666666666,367.1333333333333,307.20000000000005,111.33333333333333,1.4
1376572869,1,2399.999729,838.3999053306668,34.93333333333334,524288.0,251656.53333333333,393.4666666666667,432.5333333333333,219.0,4.0
1376573169,1,2399.999729,732.7999172546668,30.533333333333335,524288.0,228587.73333333334,1.6666666666666665,385.06666666666666,213.26666666666668,1.2
1376573469,1,2399.999729,908.7998973813334,37.86666666666667,524288.0,184198.4,0.9333333333333333,431.06666666666666,251.2,1.5333333333333334
1376573769,1,2399.999729,801.599909486,33.4,524288.0,194333.86666666667,0.6,408.9333333333333,237.53333333333333,1.4
1376574069,1,2399.999729,694.3999215906666,28.933333333333334,524288.0,185596.0,0.8666666666666666,349.6,171.73333333333332,1.4
1376574369,1,2399.999729,412.799953388,17.2,524288.0,158333.86666666667,4.800000000000001,287.6,106.8,1.2666666666666666
1376574669,1,2399.999729,462.39994778733336,19.266666666666666,524288.0,157284.8,12.533333333333333,304.8666666666667,123.73333333333333,1.3333333333333333
1376574969,1,2399.999729,441.59995013599996,18.4,524288.0,159381.6,0.6,293.73333333333335,112.86666666666666,1.2
1376575269,1,2399.999729,439.9999503166666,18.333333333333332,524288.0,147498.13333333333,242.8,301.6,114.33333333333333,1.4666666666666666
1376575569,1,2399.999729,1361.5998462526666,56.73333333333333,524288.0,303036.0,1445.6666666666665,610.2666666666667,159.73333333333332,15.933333333333334
1376575869,1,2399.999729,1470.3998339673335,61.26666666666667,524288.0,439352.26666666666,1393.3333333333335,602.0,157.33333333333334,12.266666666666667
1376576169,1,2399.999729,807.9999087633333,33.666666666666664,524288.0,403002.13333333336,832.4666666666667,531.2,177.66666666666666,2.8666666666666667
1376576469,1,2399.999729,647.99992683,27.0,524288.0,375038.13333333336,929.6666666666666,497.93333333333334,158.86666666666667,1.8666666666666667
1376576769,1,2399.999729,619.199930082,25.8,524288.0,380980.26666666666,1011.5333333333333,467.1333333333333,149.66666666666666,1.8666666666666667
1376577069,1,2399.999729,739.1999165320001,30.8,524288.0,389719.2,946.8666666666667,517.1333333333333,161.73333333333332,1.6666666666666667
1376577369,1,2399.999729,665.5999248426666,27.733333333333334,524288.0,404049.6,912.5333333333333,531.8666666666667,144.93333333333334,1.5333333333333334
1376577669,1,2399.999729,859.1999029819999,35.8,524288.0,458924.8,1029.6,521.6666666666666,166.4,1.4
1376577970,1,2399.999729,694.3999215906666,28.933333333333334,524288.0,445642.4,1416.3999999999999,530.0666666666667,148.0,3.1333333333333333
1376578270,1,2399.999729,1372.7998449880001,57.2,524288.0,435156.8,877.1333333333333,719.0,172.46666666666667,23.533333333333335
1376578570,1,2399.999729,607.9999313466668,25.333333333333336,524288.0,459274.4,1472.2666666666669,560.3333333333334,142.46666666666667,1.8666666666666667
1376578870,1,2399.999729,932.7998946713335,38.86666666666667,524288.0,419428.5333333333,1656.8,632.1333333333334,210.4,7.333333333333333
1376579170,1,2399.999729,951.9998925033334,39.666666666666664,524288.0,445992.8,1415.4666666666667,716.8,226.66666666666666,7.2
1376579470,1,2399.999729,763.1999138220001,31.8,524288.0,420128.26666666666,1579.1333333333334,607.8666666666666,196.93333333333334,1.4666666666666666
1376579770,1,2399.999729,726.3999179773334,30.266666666666666,524288.0,409642.4,756.1333333333333,446.8666666666667,166.46666666666667,2.2666666666666666
1376580070,1,2399.999729,713.5999194226667,29.733333333333334,524288.0,348124.8,31.666666666666668,378.8,197.6,1.4
1376580370,1,2399.999729,615.9999304433333,25.666666666666664,524288.0,284162.4,1.4666666666666666,335.4,161.6,1.2
1376580670,1,2399.999729,534.3999396573333,22.266666666666666,524288.0,261093.6,1.0666666666666667,317.4,135.6,1.4666666666666666
1376580970,1,2399.999729,524.7999407413332,21.866666666666664,524288.0,242569.33333333334,1.6,317.9333333333333,136.13333333333333,1.4
1376581270,1,2399.999729,561.599936586,23.4,524288.0,206917.86666666667,1.2,311.0,129.33333333333334,1.3333333333333333
1376581570,1,2399.999729,483.1999454386667,20.133333333333333,524288.0,200975.2,4.3999999999999995,282.8666666666667,106.86666666666666,1.4666666666666666
1376581870,1,2399.999729,492.7999443546667,20.533333333333335,524288.0,175110.4,20.266666666666666,292.79999999999995,109.33333333333333,1.2666666666666666
1376582170,1,2399.999729,443.1999499553334,18.46666666666667,524288.0,166722.4,0.2,284.66666666666663,110.73333333333333,1.3333333333333333
1376582470,1,2399.999729,430.3999514006667,17.933333333333334,524288.0,160429.6,0.2,291.8,117.0,1.6
1376582770,1,2399.999729,441.59995013599996,18.4,524288.0,171964.0,17.866666666666667,316.26666666666665,129.66666666666666,1.8666666666666667
1376583070,1,2399.999729,401.5999546526667,16.733333333333334,524288.0,156236.0,0.0,272.06666666666666,105.93333333333334,1.2
1376583370,1,2399.999729,420.7999524846666,17.53333333333333,524288.0,142604.0,0.06666666666666667,274.2,110.13333333333334,1.3333333333333333
1376583670,1,2399.999729,435.1999508586667,18.133333333333333,524288.0,153439.2,0.7333333333333333,290.3333333333333,117.33333333333333,1.2
1376583970,1,2399.999729,372.79995790466666,15.533333333333333,524288.0,151342.13333333333,0.2,281.0,108.73333333333333,1.2666666666666666
1376584270,1,2399.999729,391.99995573666666,16.333333333333332,524288.0,141905.06666666668,0.39999999999999997,296.4,116.53333333333333,1.2666666666666666
1376584570,1,2399.999729,915.1998966586667,38.13333333333333,524288.0,160430.4,1.2,619.2,481.1333333333333,3.2
1376584870,1,2399.999729,1455.9998355933335,60.66666666666667,524288.0,262142.4,1.4666666666666666,815.4,678.6,3.466666666666667
1376585170,1,2399.999729,1004.7998865413334,41.86666666666667,524288.0,229985.06666666668,14.066666666666666,567.5333333333333,413.2,2.3333333333333335
1376585470,1,2399.999729,465.59994742599997,19.4,524288.0,185246.93333333332,8.733333333333334,306.6666666666667,133.93333333333334,1.4666666666666666
1376585770,1,2399.999729,377.59995736266666,15.733333333333333,524288.0,138759.73333333334,0.9333333333333333,280.6,110.2,1.2666666666666666
1376586070,1,2399.999729,390.39995591733333,16.266666666666666,524288.0,132468.53333333333,0.3333333333333333,286.6,115.66666666666667,1.6
1376586370,1,2399.999729,431.99995122,18.0,524288.0,148896.0,17.333333333333336,314.5333333333333,130.33333333333334,1.8666666666666667
1376586670,1,2399.999729,383.99995664,16.0,524288.0,131070.4,0.5333333333333333,275.93333333333334,105.46666666666667,1.3333333333333333
1376586970,1,2399.999729,383.99995664,16.0,524288.0,132119.2,0.6666666666666666,281.79999999999995,111.86666666666666,1.4
1376587270,1,2399.999729,406.39995411066667,16.933333333333334,524288.0,134216.8,17.6,283.06666666666666,110.13333333333334,1.4
1376587571,1,2399.999729,356.7999597113334,14.866666666666667,524288.0,133168.0,0.06666666666666667,269.5333333333333,103.86666666666666,1.4
1376587871,1,2399.999729,379.19995718200005,15.8,524288.0,122680.8,0.13333333333333333,278.73333333333335,108.6,1.4666666666666666
1376588171,1,2399.999729,391.99995573666666,16.333333333333332,524288.0,129673.6,0.4,287.73333333333335,113.26666666666667,1.2
1376588471,1,2399.999729,385.5999564593333,16.066666666666666,524288.0,137362.13333333333,0.5333333333333333,280.4666666666667,109.6,1.3333333333333333
1376588771,1,2399.999729,387.19995627866666,16.133333333333333,524288.0,142953.33333333334,2.0,277.26666666666665,105.13333333333334,1.2666666666666666
1376589071,1,2399.999729,379.19995718200005,15.8,524288.0,146099.46666666667,1.0,281.8666666666667,108.86666666666666,1.2666666666666666
1376589371,1,2399.999729,387.19995627866666,16.133333333333333,524288.0,147149.06666666668,0.2,278.0,107.66666666666667,1.1333333333333333
1376589670,1,2399.999729,366.3999586273334,15.266666666666667,524288.0,150993.33333333334,0.4666666666666667,277.5333333333333,109.93333333333334,1.4
1376589970,1,2399.999729,419.1999526653334,17.46666666666667,524288.0,166022.13333333333,8.4,315.46666666666664,132.0,1.9333333333333333
1376590270,1,2399.999729,366.3999586273334,15.266666666666667,524288.0,143303.73333333334,0.26666666666666666,277.6666666666667,106.53333333333333,1.6666666666666667
1376590570,1,2399.999729,361.5999591693334,15.066666666666668,524288.0,155536.26666666666,0.26666666666666666,280.8,108.4,1.4
1376590870,1,2399.999729,383.99995664,16.0,524288.0,141206.4,0.6666666666666666,280.46666666666664,106.66666666666667,1.3333333333333333
1376591170,1,2399.999729,345.599960976,14.4,524288.0,134566.13333333333,0.2,271.8666666666667,101.66666666666667,1.2
1376591470,1,2399.999729,383.99995664,16.0,524288.0,129672.26666666666,0.13333333333333333,281.73333333333335,108.26666666666667,1.4
1376591771,1,2399.999729,540.7999389346667,22.533333333333335,524288.0,130720.53333333334,0.33333333333333337,279.93333333333334,108.93333333333334,1.3333333333333333
1376592071,1,2399.999729,535.9999394766668,22.333333333333336,524288.0,150294.4,0.06666666666666667,281.1333333333333,107.73333333333333,1.5333333333333334
1376592371,1,2399.999729,502.3999432706667,20.933333333333334,524288.0,132120.0,2.4,283.3333333333333,106.26666666666667,1.4
1376592671,1,2399.999729,668.7999244813333,27.866666666666664,524288.0,157284.8,0.9333333333333333,307.6666666666667,135.33333333333334,1.4666666666666666
1376592971,1,2399.999729,476.79994616133337,19.866666666666667,524288.0,167769.6,0.26666666666666666,285.0,118.93333333333334,1.4
1376593271,1,2399.999729,395.1999553753334,16.46666666666667,524288.0,143652.8,0.3333333333333333,280.79999999999995,109.8,1.4666666666666666
1376593571,1,2399.999729,435.1999508586667,18.133333333333333,524288.0,175109.6,7.8,322.6,135.0,1.8
1376593871,1,2399.999729,414.3999532073333,17.266666666666666,524288.0,153090.4,0.7333333333333333,277.93333333333334,108.0,1.8
1376594171,1,2399.999729,383.99995664,16.0,524288.0,126876.0,0.2,279.1333333333333,106.93333333333334,1.3333333333333333
1376594471,1,2399.999729,404.79995429133334,16.866666666666667,524288.0,131069.6,0.3333333333333333,283.0,107.13333333333334,1.4
1376594771,1,2399.999729,380.7999570013334,15.866666666666667,524288.0,135613.6,0.2,278.4,106.6,1.2
1376595071,1,2399.999729,412.799953388,17.2,524288.0,124778.93333333333,0.0,301.6666666666667,118.8,1.2666666666666666
1376595371,1,2399.999729,430.3999514006667,17.933333333333334,524288.0,144002.93333333332,0.13333333333333333,302.93333333333334,117.13333333333334,1.2666666666666666
1376595671,1,2399.999729,422.399952304,17.6,524288.0,139808.8,0.26666666666666666,303.6,117.46666666666667,1.4
1376595971,1,2399.999729,396.7999551946666,16.53333333333333,524288.0,125127.46666666666,2.533333333333333,295.73333333333335,112.33333333333333,1.3333333333333333
1376596271,1,2399.999729,403.199954472,16.8,524288.0,135613.6,0.4,279.2,105.8,1.4
1376596571,1,2399.999729,383.99995664,16.0,524288.0,131769.6,0.4,278.93333333333334,108.26666666666667,1.3333333333333333
1376596871,1,2399.999729,379.19995718200005,15.8,524288.0,127574.66666666667,0.5333333333333333,281.53333333333336,109.33333333333333,1.4
1376597171,1,2399.999729,441.59995013599996,18.4,524288.0,164274.93333333332,7.533333333333334,314.8666666666667,130.8,2.0
1376597471,1,2399.999729,385.5999564593333,16.066666666666666,524288.0,146449.33333333334,0.4666666666666667,278.5333333333333,106.33333333333333,1.4666666666666666
1376597771,1,2399.999729,387.19995627866666,16.133333333333333,524288.0,137711.73333333334,0.2,283.26666666666665,108.93333333333334,1.3333333333333333
1376598071,1,2399.999729,431.99995122,18.0,524288.0,131070.13333333333,9.533333333333333,291.8666666666667,117.06666666666666,1.4666666666666666
1376598371,1,2399.999729,406.39995411066667,16.933333333333334,524288.0,143303.2,0.2,286.93333333333334,115.0,1.2666666666666666
1376598671,1,2399.999729,403.199954472,16.8,524288.0,146449.06666666668,0.06666666666666667,287.6666666666667,116.2,1.2
1376598971,1,2399.999729,430.3999514006667,17.933333333333334,524288.0,137012.26666666666,0.4666666666666667,293.66666666666663,118.46666666666667,1.2
1376599271,1,2399.999729,409.59995374933334,17.066666666666666,524288.0,134216.53333333333,0.13333333333333333,278.26666666666665,116.0,1.3333333333333333
1376599571,1,2399.999729,404.79995429133334,16.866666666666667,524288.0,135265.6,2.2,275.8666666666667,113.13333333333334,1.3333333333333333
1376599871,1,2399.999729,443.1999499553334,18.46666666666667,524288.0,145749.6,0.5333333333333333,292.79999999999995,118.26666666666667,1.2666666666666666
1376600171,1,2399.999729,401.5999546526667,16.733333333333334,524288.0,157284.8,0.4,281.73333333333335,114.2,1.1333333333333333
1376600471,1,2399.999729,415.9999530266666,17.333333333333332,524288.0,137362.4,0.4,285.26666666666665,119.93333333333334,1.4
1376600771,1,2399.999729,444.7999497746667,18.53333333333333,524288.0,161478.4,7.733333333333333,313.3333333333333,130.0,1.9333333333333333
1376601072,1,2399.999729,399.9999548333334,16.666666666666668,524288.0,141556.0,0.13333333333333333,283.06666666666666,110.66666666666667,1.6
1376601372,1,2399.999729,428.79995158133335,17.866666666666667,524288.0,132118.93333333332,0.26666666666666666,284.53333333333336,114.2,1.4
1376601672,1,2399.999729,411.1999535686667,17.133333333333333,524288.0,134565.86666666667,0.4666666666666667,288.5333333333333,112.06666666666666,1.3333333333333333
1376601972,1,2399.999729,377.59995736266666,15.733333333333333,524288.0,144002.66666666666,0.26666666666666666,281.3333333333333,108.53333333333333,1.3333333333333333
1376602272,1,2399.999729,414.3999532073333,17.266666666666666,524288.0,134215.73333333334,0.2,287.6,114.66666666666667,1.2666666666666666
1376602572,1,2399.999729,412.799953388,17.2,524288.0,127225.06666666667,0.4,292.8666666666667,118.53333333333333,1.1333333333333333
1376602872,1,2399.999729,406.39995411066667,16.933333333333334,524288.0,126176.26666666666,0.26666666666666666,286.66666666666663,113.33333333333333,1.4
1376603172,1,2399.999729,403.199954472,16.8,524288.0,146099.46666666667,2.266666666666667,282.6,110.0,1.3333333333333333
1376603472,1,2399.999729,412.799953388,17.2,524288.0,140158.13333333333,0.4,288.4,115.33333333333333,1.3333333333333333
1376603772,1,2399.999729,409.59995374933334,17.066666666666666,524288.0,132119.2,0.13333333333333333,280.46666666666664,113.86666666666666,1.2666666666666666
1376604072,1,2399.999729,412.799953388,17.2,524288.0,133167.2,4.8,289.06666666666666,123.8,1.3333333333333333
1376604372,1,2399.999729,462.39994778733336,19.266666666666666,524288.0,167420.26666666666,11.2,347.73333333333335,154.33333333333334,1.6666666666666667
1376604672,1,2399.999729,399.9999548333334,16.666666666666668,524288.0,137711.73333333334,0.4666666666666667,298.6,115.8,1.4
1376604972,1,2399.999729,398.39995501400006,16.6,524288.0,148546.66666666666,0.3333333333333333,291.20000000000005,107.53333333333333,1.2666666666666666
1376605272,1,2399.999729,383.99995664,16.0,524288.0,146099.73333333334,0.5333333333333333,292.8,107.46666666666667,1.2666666666666666
1376605572,1,2399.999729,379.19995718200005,15.8,524288.0,159032.26666666666,0.0,286.8666666666667,104.8,1.1333333333333333
1376605872,1,2399.999729,486.3999450773333,20.266666666666666,524288.0,153789.06666666668,0.0,325.6,144.66666666666666,1.2666666666666666
1376606172,1,2399.999729,399.9999548333334,16.666666666666668,524288.0,161478.4,0.06666666666666667,290.8,108.86666666666666,1.1333333333333333
1376606472,1,2399.999729,423.99995212333334,17.666666666666668,524288.0,146798.4,0.06666666666666667,306.46666666666664,123.13333333333334,1.3333333333333333
1376606772,1,2399.999729,427.19995176200007,17.8,524288.0,144700.8,2.066666666666667,302.5333333333333,123.4,1.2666666666666666
1376607072,1,2399.999729,404.79995429133334,16.866666666666667,524288.0,145751.2,0.5333333333333333,291.3333333333333,109.6,1.4
1376607372,1,2399.999729,420.7999524846666,17.53333333333333,524288.0,142604.8,0.26666666666666666,283.4666666666667,111.73333333333333,1.1333333333333333
1376607672,1,2399.999729,399.9999548333334,16.666666666666668,524288.0,138760.53333333333,237.33333333333331,310.5333333333333,110.86666666666666,1.4
1376607972,1,2399.999729,595.199932792,24.8,524288.0,319115.2,1746.6000000000001,636.6666666666667,148.13333333333333,1.8666666666666667
1376608272,1,2399.999729,1078.3998782306667,44.93333333333333,524288.0,396010.93333333335,1963.6,508.66666666666663,120.66666666666667,1.4
1376608572,1,2399.999729,2499.199717798667,104.13333333333334,524288.0,397758.6666666667,1968.8666666666668,349.26666666666665,118.0,1.2
1376608872,1,2399.999729,2428.799725748,101.2,524288.0,349173.6,2061.9333333333334,353.1333333333333,110.26666666666667,1.2
1376609172,1,2399.999729,2558.3997111139997,106.6,524288.0,351970.13333333336,2297.5333333333333,340.1333333333333,107.86666666666666,1.2
1376609472,1,2399.999729,2481.599719786,103.4,524288.0,393564.26666666666,1965.8666666666666,351.1333333333333,111.93333333333334,1.3333333333333333
1376609772,1,2399.999729,2539.199713282,105.8,524288.0,344630.13333333336,1278.1333333333334,315.0,113.13333333333334,1.2666666666666666
1376610072,1,2399.999729,2633.599702622667,109.73333333333333,524288.0,380980.8,1226.0666666666666,296.2,110.13333333333334,1.2666666666666666
1376610372,1,2399.999729,2623.999703706667,109.33333333333334,524288.0,390767.4666666667,1236.4666666666667,302.93333333333334,110.86666666666666,1.2
1376610672,1,2399.999729,2468.7997212313335,102.86666666666666,524288.0,414185.6,1219.8,301.2,109.8,1.1333333333333333
1376610972,1,2399.999729,2652.7997004546673,110.53333333333335,524288.0,395661.3333333333,1236.2,296.93333333333334,113.06666666666666,1.2
1376611272,1,2399.999729,2454.3997228573335,102.26666666666667,524288.0,386224.26666666666,1446.4666666666665,353.4,134.6,1.2666666666666666
1376611572,1,2399.999729,2375.99973171,99.0,524288.0,325056.26666666666,1997.0666666666666,417.8,137.06666666666666,1.6666666666666667
1376611872,1,2399.999729,2462.399721954,102.6,524288.0,262142.13333333333,2061.9333333333334,347.8,107.93333333333334,1.3333333333333333
1376612172,1,2399.999729,2500.799717618,104.2,524288.0,338688.5333333333,2658.333333333333,413.6666666666667,106.86666666666666,1.1333333333333333
1376612472,1,2399.999729,2566.399710210667,106.93333333333334,524288.0,413487.2,2958.066666666667,441.5333333333333,107.93333333333334,1.1333333333333333
1376612772,1,2399.999729,2447.99972358,102.0,524288.0,437953.86666666664,2644.0,416.6666666666667,101.4,1.0666666666666667
1376613072,1,2399.999729,2412.7997275546672,100.53333333333335,524288.0,416632.0,2665.7333333333336,421.1333333333333,107.73333333333333,1.2
1376613372,1,2399.999729,1513.5998290893333,63.06666666666667,524288.0,385873.6,978.4000000000001,328.5333333333333,103.46666666666667,1.2
1376613672,1,2399.999729,332.7999624213333,13.866666666666667,524288.0,237674.93333333332,1.5333333333333334,282.6,104.6,1.0666666666666667
1376613972,1,2399.999729,337.59996187933336,14.066666666666668,524288.0,143653.6,14.6,286.4,103.4,1.1333333333333333
1376614272,1,2399.999729,350.39996043400004,14.6,524288.0,122680.8,22.4,296.06666666666666,110.73333333333333,1.1333333333333333
1376614572,1,2399.999729,331.199962602,13.8,524288.0,164624.8,0.13333333333333333,278.06666666666666,103.8,1.0
1376614872,1,2399.999729,337.59996187933336,14.066666666666668,524288.0,123730.4,0.06666666666666667,286.66666666666663,109.0,1.2666666666666666
1376615172,1,2399.999729,367.99995844666665,15.333333333333332,524288.0,141555.2,9.933333333333334,315.6666666666667,129.26666666666668,1.7333333333333334
1376615472,1,2399.999729,343.9999611566667,14.333333333333332,524288.0,119536.0,0.06666666666666667,289.79999999999995,110.0,1.4666666666666666
1376615772,1,2399.999729,345.599960976,14.4,524288.0,136313.6,0.0,291.4,110.73333333333333,1.1333333333333333
1376616072,1,2399.999729,347.1999607953333,14.466666666666667,524288.0,131070.4,0.2,292.0,106.46666666666667,1.2666666666666666
1376616372,1,2399.999729,327.99996296333336,13.666666666666668,524288.0,123030.4,0.06666666666666667,287.5333333333333,105.26666666666667,1.0666666666666667
1376616672,1,2399.999729,348.7999606146667,14.533333333333333,524288.0,115341.33333333333,0.2,293.3333333333333,109.86666666666666,1.2666666666666666
1376616973,1,2399.999729,340.799961518,14.2,524288.0,118487.46666666666,0.0,294.5333333333333,108.8,1.2666666666666666
1376617273,1,2399.999729,334.39996224066664,13.933333333333332,524288.0,114991.2,0.7999999999999999,287.73333333333335,105.4,1.2666666666666666
1376617573,1,2399.999729,329.5999627826667,13.733333333333333,524288.0,135264.8,4.266666666666667,287.3333333333333,102.86666666666666,1.0666666666666667
1376617873,1,2399.999729,342.39996133733337,14.266666666666667,524288.0,109399.2,0.9333333333333333,298.93333333333334,111.06666666666666,1.3333333333333333
1376618173,1,2399.999729,335.99996206000003,14.0,524288.0,114641.6,0.06666666666666667,289.2,110.66666666666667,1.2
1376618473,1,2399.999729,339.19996169866664,14.133333333333333,524288.0,129672.0,0.06666666666666667,294.06666666666666,116.26666666666667,1.3333333333333333
1376618773,1,2399.999729,561.599936586,23.4,524288.0,163924.8,520.3333333333334,357.1333333333333,127.73333333333333,2.2
1376619073,1,2399.999729,537.599939296,22.4,524288.0,284511.73333333334,969.4,513.8666666666667,116.13333333333334,1.8
1376619373,1,2399.999729,449.5999492326667,18.733333333333334,524288.0,360708.26666666666,4.2,296.33333333333337,110.93333333333334,1.2666666666666666
1376619673,1,2399.999729,401.5999546526667,16.733333333333334,524288.0,238373.6,36.333333333333336,312.4,113.2,1.3333333333333333
1376619973,1,2399.999729,332.7999624213333,13.866666666666667,524288.0,215305.6,1.2,290.93333333333334,105.0,1.0666666666666667
1376620273,1,2399.999729,340.799961518,14.2,524288.0,174061.6,0.4,290.73333333333335,108.86666666666666,1.1333333333333333
1376620573,1,2399.999729,340.799961518,14.2,524288.0,153089.6,0.6,287.6666666666667,106.8,1.1333333333333333
1376620873,1,2399.999729,348.7999606146667,14.533333333333333,524288.0,164624.0,0.6,290.06666666666666,111.73333333333333,1.0666666666666667
1376621173,1,2399.999729,332.7999624213333,13.866666666666667,524288.0,156236.0,2.4000000000000004,286.06666666666666,104.4,1.0
1376621473,1,2399.999729,339.19996169866664,14.133333333333333,524288.0,173012.0,2.3333333333333335,290.4,107.13333333333334,1.0666666666666667
1376621773,1,2399.999729,332.7999624213333,13.866666666666667,524288.0,159381.6,0.06666666666666667,277.1333333333333,105.4,1.0
1376622073,1,2399.999729,331.199962602,13.8,524288.0,160431.2,9.666666666666666,287.8666666666667,107.46666666666667,1.0
1376622373,1,2399.999729,351.9999602533334,14.666666666666668,524288.0,188392.0,6.0,309.1333333333333,122.4,1.6
1376622673,1,2399.999729,350.39996043400004,14.6,524288.0,154488.53333333333,0.06666666666666667,290.4,107.33333333333333,1.3333333333333333
1376622973,1,2399.999729,403.199954472,16.8,524288.0,136313.6,0.06666666666666667,287.6666666666667,109.46666666666667,1.0666666666666667
1376623273,1,2399.999729,399.9999548333334,16.666666666666668,524288.0,139458.93333333332,9.466666666666667,295.73333333333335,109.2,1.0666666666666667
1376623573,1,2399.999729,374.399957724,15.6,524288.0,155537.06666666668,0.2,277.5333333333333,104.86666666666666,1.0666666666666667
1376623873,1,2399.999729,395.1999553753334,16.46666666666667,524288.0,136313.33333333334,0.06666666666666667,285.6,108.66666666666667,1.1333333333333333
1376624173,1,2399.999729,428.79995158133335,17.866666666666667,524288.0,298143.2,933.8666666666666,329.66666666666663,110.93333333333334,1.0666666666666667
1376624473,1,2399.999729,395.1999553753334,16.46666666666667,524288.0,199576.26666666666,3.2666666666666666,281.1333333333333,105.0,1.1333333333333333
1376624773,1,2399.999729,388.79995609799994,16.2,524288.0,152740.53333333333,9.0,285.4,107.46666666666667,1.1333333333333333
1376625073,1,2399.999729,393.599955556,16.4,524288.0,150992.8,19.066666666666666,288.6666666666667,110.46666666666667,1.0666666666666667
1376625373,1,2399.999729,371.1999580853333,15.466666666666667,524288.0,145051.2,0.2,276.8666666666667,104.66666666666667,1.0
1376625673,1,2399.999729,409.59995374933334,17.066666666666666,524288.0,137710.93333333332,0.13333333333333333,298.8,116.6,1.1333333333333333
1376625973,1,2399.999729,455.99994851,19.0,524288.0,181052.8,7.933333333333333,330.1333333333333,137.0,1.5333333333333334
1376626273,1,2399.999729,543.9999385733332,22.666666666666664,524288.0,185246.13333333333,0.06666666666666667,335.73333333333335,151.33333333333334,1.3333333333333333
1376626573,1,2399.999729,407.99995393000006,17.0,524288.0,180003.73333333334,0.4,298.4666666666667,115.4,0.9333333333333333
1376626873,1,2399.999729,395.1999553753334,16.46666666666667,524288.0,160430.4,5.733333333333333,287.0,107.33333333333333,0.9333333333333333
1376627173,1,2399.999729,350.39996043400004,14.6,524288.0,134217.06666666668,0.2,278.06666666666666,102.93333333333334,0.8666666666666667
1376627473,1,2399.999729,406.39995411066667,16.933333333333334,524288.0,133866.4,0.4666666666666667,296.4666666666667,110.93333333333334,1.1333333333333333
1376627773,1,2399.999729,404.79995429133334,16.866666666666667,524288.0,144701.6,0.4,290.06666666666666,112.46666666666667,1.0666666666666667
1376628073,1,2399.999729,388.79995609799994,16.2,524288.0,150992.8,0.06666666666666667,279.8,104.73333333333333,1.0666666666666667
1376628373,1,2399.999729,383.99995664,16.0,524288.0,141556.0,3.666666666666667,279.3333333333333,105.2,0.8
1376628673,1,2399.999729,380.7999570013334,15.866666666666667,524288.0,155187.73333333334,1.2,294.1333333333333,107.53333333333333,1.0
1376628973,1,2399.999729,374.399957724,15.6,524288.0,149944.8,0.13333333333333333,277.3333333333333,105.13333333333334,0.8666666666666667
1376629273,1,2399.999729,399.9999548333334,16.666666666666668,524288.0,144700.8,0.2,291.6666666666667,111.4,1.0
1376629573,1,2399.999729,415.9999530266666,17.333333333333332,524288.0,165322.93333333332,7.133333333333334,305.8,124.6,1.5333333333333334
1376629873,1,2399.999729,407.99995393000006,17.0,524288.0,151692.8,0.7333333333333333,289.73333333333335,109.33333333333333,1.4
1376630173,1,2399.999729,398.39995501400006,16.6,524288.0,142255.2,0.2,286.20000000000005,109.0,1.2
1376630474,1,2399.999729,439.9999503166666,18.333333333333332,524288.0,146100.0,11.266666666666667,294.2,110.86666666666666,1.0666666666666667
1376630774,1,2399.999729,486.3999450773333,20.266666666666666,524288.0,157285.06666666668,0.4666666666666667,274.93333333333334,104.86666666666666,0.9333333333333333
1376631074,1,2399.999729,503.99994309,21.0,524288.0,163925.06666666668,0.06666666666666667,291.5333333333333,107.66666666666667,1.0
1376631374,1,2399.999729,388.79995609799994,16.2,524288.0,161129.33333333334,0.06666666666666667,288.4666666666667,112.6,1.0666666666666667
1376631674,1,2399.999729,422.399952304,17.6,524288.0,132468.0,0.2,292.8,107.66666666666667,1.1333333333333333
1376631974,1,2399.999729,391.99995573666666,16.333333333333332,524288.0,142254.4,1.8666666666666667,288.8666666666667,107.13333333333334,1.1333333333333333
1376632274,1,2399.999729,399.9999548333334,16.666666666666668,524288.0,136662.4,0.5333333333333333,298.6,108.13333333333334,1.2666666666666666
1376632574,1,2399.999729,390.39995591733333,16.266666666666666,524288.0,164973.6,0.06666666666666667,287.6,106.0,1.0
1376632874,1,2399.999729,388.79995609799994,16.2,524288.0,146100.26666666666,0.4,300.6,112.2,1.2
1376633174,1,2399.999729,446.3999495940001,18.6,524288.0,151342.66666666666,6.666666666666667,324.46666666666664,133.66666666666666,1.6666666666666667
1376633474,1,2399.999729,431.99995122,18.0,524288.0,148547.46666666667,0.13333333333333333,296.8,109.73333333333333,1.6
1376633774,1,2399.999729,401.5999546526667,16.733333333333334,524288.0,129322.4,0.4,293.1333333333333,107.93333333333334,1.2
1376634074,1,2399.999729,417.599952846,17.4,524288.0,132119.2,0.2,306.06666666666666,117.06666666666666,1.2666666666666666
1376634374,1,2399.999729,399.9999548333334,16.666666666666668,524288.0,142604.8,0.13333333333333333,284.73333333333335,104.93333333333334,0.9333333333333333
1376634674,1,2399.999729,406.39995411066667,16.933333333333334,524288.0,130021.6,0.06666666666666667,284.4,109.4,1.1333333333333333
1376634974,1,2399.999729,399.9999548333334,16.666666666666668,524288.0,147846.4,0.5333333333333333,291.73333333333335,109.73333333333333,1.0666666666666667
1376635274,1,2399.999729,414.3999532073333,17.266666666666666,524288.0,133166.4,0.06666666666666667,291.93333333333334,112.73333333333333,1.1333333333333333
1376635574,1,2399.999729,382.3999568206666,15.933333333333332,524288.0,148197.6,2.2,289.4,106.2,1.1333333333333333
1376635874,1,2399.999729,403.199954472,16.8,524288.0,144003.2,0.6666666666666667,287.8,107.86666666666666,1.1333333333333333
1376636174,1,2399.999729,924.7998955746667,38.53333333333333,524288.0,166720.8,0.7999999999999999,581.2,425.8666666666667,3.3333333333333335
1376636474,1,2399.999729,1347.1998478786668,56.13333333333333,524288.0,234878.13333333333,241.40000000000003,794.1333333333333,625.4,3.1333333333333333
1376636774,1,2399.999729,948.7998928646666,39.53333333333333,524288.0,278569.3333333333,20.06666666666667,552.0,369.53333333333336,2.7333333333333334
1376637074,1,2399.999729,625.5999293593334,26.066666666666666,524288.0,203771.46666666667,1.2,347.93333333333334,162.66666666666666,1.6666666666666667
1376637374,1,2399.999729,412.799953388,17.2,524288.0,188742.4,0.4,296.73333333333335,107.53333333333333,1.1333333333333333
1376637674,1,2399.999729,534.3999396573333,22.266666666666666,524288.0,164625.6,11.733333333333334,298.1333333333333,112.53333333333333,1.2
1376637974,1,2399.999729,406.39995411066667,16.933333333333334,524288.0,171964.8,0.2,292.6,110.93333333333334,1.1333333333333333
1376638274,1,2399.999729,431.99995122,18.0,524288.0,134216.0,0.26666666666666666,309.26666666666665,117.2,1.3333333333333333
1376638574,1,2399.999729,398.39995501400006,16.6,524288.0,130022.4,0.6,287.4,111.33333333333333,1.3333333333333333
1376638874,1,2399.999729,393.599955556,16.4,524288.0,127924.0,0.26666666666666666,287.3333333333333,109.4,1.4
1376639174,1,2399.999729,388.79995609799994,16.2,524288.0,143303.2,4.066666666666666,286.8666666666667,107.53333333333333,1.2666666666666666
1376639474,1,2399.999729,406.39995411066667,16.933333333333334,524288.0,135264.0,2.6666666666666665,293.0,109.66666666666667,1.4
1376639774,1,2399.999729,388.79995609799994,16.2,524288.0,134566.13333333333,0.4666666666666667,290.8,106.6,1.2
1376640074,1,2399.999729,423.99995212333334,17.666666666666668,524288.0,129322.93333333333,160.86666666666667,303.0,111.53333333333333,1.3333333333333333
1376640374,1,2399.999729,431.99995122,18.0,524288.0,210412.8,8.2,311.4,123.46666666666667,1.9333333333333333
1376640674,1,2399.999729,404.79995429133334,16.866666666666667,524288.0,156235.73333333334,0.4,294.1333333333333,110.66666666666667,1.7333333333333334
1376640974,1,2399.999729,412.799953388,17.2,524288.0,144352.26666666666,0.0,292.3333333333333,108.26666666666667,1.4666666666666666
1376641275,1,2399.999729,409.59995374933334,17.066666666666666,524288.0,130720.8,12.466666666666667,291.6,107.33333333333333,1.4666666666666666
1376641575,1,2399.999729,398.39995501400006,16.6,524288.0,139459.46666666667,0.6,283.26666666666665,107.26666666666667,1.4666666666666666
1376641875,1,2399.999729,412.799953388,17.2,524288.0,137712.0,0.06666666666666667,297.4,120.06666666666666,1.6
1376642175,1,2399.999729,391.99995573666666,16.333333333333332,524288.0,128623.46666666666,0.06666666666666667,282.1333333333333,108.2,1.5333333333333334
1376642475,1,2399.999729,412.799953388,17.2,524288.0,137362.13333333333,0.2,292.8,111.53333333333333,1.3333333333333333
1376642775,1,2399.999729,403.199954472,16.8,524288.0,154487.73333333334,2.066666666666667,283.79999999999995,106.06666666666666,1.2666666666666666
1376643075,1,2399.999729,543.9999385733332,22.666666666666664,524288.0,128273.6,0.6,290.6,109.2,1.2666666666666666
1376643375,1,2399.999729,417.599952846,17.4,524288.0,138759.46666666667,0.06666666666666667,277.8666666666667,107.4,1.1333333333333333
1376643675,1,2399.999729,431.99995122,18.0,524288.0,139109.6,165.06666666666666,298.4,113.06666666666666,1.4
1376643975,1,2399.999729,505.5999429093333,21.066666666666666,524288.0,271580.0,108.86666666666667,322.93333333333334,123.93333333333334,2.0
1376644275,1,2399.999729,483.1999454386667,20.133333333333333,524288.0,195033.6,0.26666666666666666,303.4666666666667,128.66666666666666,1.7333333333333334
1376644575,1,2399.999729,409.59995374933334,17.066666666666666,524288.0,139459.2,0.13333333333333333,291.1333333333333,107.86666666666666,1.2666666666666666
1376644875,1,2399.999729,422.399952304,17.6,524288.0,139458.4,1.0,292.26666666666665,107.66666666666667,1.4
1376645175,1,2399.999729,427.19995176200007,17.8,524288.0,134566.13333333333,0.3333333333333333,294.46666666666664,115.26666666666667,1.1333333333333333
1376645475,1,2399.999729,419.1999526653334,17.46666666666667,524288.0,145401.33333333334,0.26666666666666666,299.8,115.73333333333333,1.4
1376645775,1,2399.999729,443.1999499553334,18.46666666666667,524288.0,141556.53333333333,0.13333333333333333,294.0,110.86666666666666,1.2666666666666666
1376646075,1,2399.999729,422.399952304,17.6,524288.0,137710.93333333332,0.13333333333333333,300.8666666666667,117.0,1.3333333333333333
1376646375,1,2399.999729,422.399952304,17.6,524288.0,147847.73333333334,2.466666666666667,291.79999999999995,108.6,1.2
1376646675,1,2399.999729,433.5999510393333,18.066666666666666,524288.0,135614.93333333332,5.2666666666666675,294.66666666666663,109.8,1.2666666666666666
1376646975,1,2399.999729,420.7999524846666,17.53333333333333,524288.0,130023.2,0.0,286.0,107.93333333333334,1.1333333333333333
1376647275,1,2399.999729,452.7999488713334,18.866666666666667,524288.0,160430.93333333332,240.8,305.8666666666667,111.0,1.3333333333333333
1376647575,1,2399.999729,486.3999450773333,20.266666666666666,524288.0,232082.66666666666,9.866666666666667,327.2,129.0,1.8666666666666667
1376647875,1,2399.999729,471.9999467033334,19.666666666666668,524288.0,151342.4,1.2666666666666666,291.6,114.33333333333333,1.4666666666666666
1376648175,1,2399.999729,407.99995393000006,17.0,524288.0,152739.73333333334,0.3333333333333333,285.0,107.86666666666666,1.2666666666666666
1376648475,1,2399.999729,427.19995176200007,17.8,524288.0,139459.46666666667,5.466666666666667,285.8666666666667,107.0,1.2666666666666666
1376648775,1,2399.999729,407.99995393000006,17.0,524288.0,164973.33333333334,0.2,281.6,102.53333333333333,1.2
1376649075,1,2399.999729,455.99994851,19.0,524288.0,139808.26666666666,0.26666666666666666,312.93333333333334,118.4,1.4666666666666666
1376649375,1,2399.999729,425.59995194266673,17.733333333333334,524288.0,131769.06666666668,0.0,288.26666666666665,110.2,1.3333333333333333
1376649675,1,2399.999729,430.3999514006667,17.933333333333334,524288.0,134565.6,0.5333333333333333,301.8,113.4,1.2666666666666666
1376649975,1,2399.999729,417.599952846,17.4,524288.0,136313.86666666667,1.8666666666666667,291.4,110.86666666666666,1.1333333333333333
1376650276,1,2399.999729,411.1999535686667,17.133333333333333,524288.0,145751.2,0.8,287.66666666666663,107.13333333333334,1.2666666666666666
1376650576,1,2399.999729,391.99995573666666,16.333333333333332,524288.0,139459.2,0.13333333333333333,278.26666666666665,105.26666666666667,1.1333333333333333
1376650876,1,2399.999729,430.3999514006667,17.933333333333334,524288.0,140507.73333333334,150.73333333333335,297.8,109.66666666666667,1.4666666666666666
1376651176,1,2399.999729,1276.799855828,53.2,524288.0,260044.8,502.73333333333335,562.9333333333334,139.6,16.0
1376651476,1,2399.999729,659.1999255653334,27.466666666666665,524288.0,343232.0,841.0666666666667,467.2,110.13333333333334,2.0
1376651776,1,2399.999729,545.5999383926668,22.733333333333334,524288.0,363853.3333333333,921.1333333333333,462.46666666666664,112.2,1.8666666666666667
1376652076,1,2399.999729,587.1999336953334,24.466666666666665,524288.0,368397.86666666664,1039.8,443.73333333333335,117.06666666666666,2.066666666666667
1376652376,1,2399.999729,967.9998906966667,40.333333333333336,524288.0,357212.0,785.3333333333333,561.3333333333334,115.33333333333333,20.0
1376652676,1,2399.999729,623.99992954,26.0,524288.0,401603.4666666667,1270.0666666666666,505.33333333333337,130.73333333333332,2.533333333333333
1376652976,1,2399.999729,563.1999364053333,23.466666666666665,524288.0,415932.8,1099.4,462.8666666666667,121.2,2.066666666666667
1376653276,1,2399.999729,551.99993767,23.0,524288.0,388669.86666666664,992.3999999999999,444.8666666666667,110.4,1.8
1376653576,1,2399.999729,548.7999380313333,22.866666666666664,524288.0,380980.26666666666,839.4666666666667,424.79999999999995,117.0,3.533333333333333
1376653876,1,2399.999729,449.5999492326667,18.733333333333334,524288.0,326104.5333333333,23.866666666666667,295.1333333333333,110.93333333333334,1.6666666666666667
1376654176,1,2399.999729,427.19995176200007,17.8,524288.0,263889.6,1.4666666666666666,288.8,111.06666666666666,1.3333333333333333
1376654476,1,2399.999729,444.7999497746667,18.53333333333333,524288.0,233830.4,243.73333333333335,303.4,109.8,1.4
1376654776,1,2399.999729,476.79994616133337,19.866666666666667,524288.0,296745.6,20.6,328.26666666666665,136.93333333333334,1.6666666666666667
1376655076,1,2399.999729,451.199949052,18.8,524288.0,219149.6,1.1333333333333333,300.06666666666666,114.2,1.5333333333333334
1376655376,1,2399.999729,420.7999524846666,17.53333333333333,524288.0,189790.4,0.8,301.4,115.53333333333333,1.2
1376655676,1,2399.999729,454.3999486906667,18.933333333333334,524288.0,182450.4,15.333333333333334,302.4,112.93333333333334,1.4
1376655976,1,2399.999729,420.7999524846666,17.53333333333333,524288.0,175809.33333333334,0.6,303.73333333333335,120.6,1.2
1376656276,1,2399.999729,454.3999486906667,18.933333333333334,524288.0,149944.53333333333,0.26666666666666666,330.93333333333334,136.73333333333332,1.3333333333333333
1376656576,1,2399.999729,452.7999488713334,18.866666666666667,524288.0,190489.33333333334,0.3333333333333333,308.26666666666665,126.86666666666666,1.2666666666666666
1376656876,1,2399.999729,433.5999510393333,18.066666666666666,524288.0,153090.66666666666,0.4666666666666667,298.2,114.33333333333333,1.2666666666666666
1376657176,1,2399.999729,409.59995374933334,17.066666666666666,524288.0,156934.93333333332,4.066666666666666,289.73333333333335,109.33333333333333,1.4
1376657476,1,2399.999729,433.5999510393333,18.066666666666666,524288.0,163575.73333333334,1.0666666666666667,294.1333333333333,110.86666666666666,1.3333333333333333
1376657776,1,2399.999729,404.79995429133334,16.866666666666667,524288.0,156934.66666666666,0.13333333333333333,280.6666666666667,106.8,1.2666666666666666
1376658076,1,2399.999729,443.1999499553334,18.46666666666667,524288.0,170566.4,174.2,308.46666666666664,114.4,1.4666666666666666
1376658376,1,2399.999729,467.19994724533336,19.46666666666667,524288.0,228937.6,7.533333333333333,329.26666666666665,132.06666666666666,1.6666666666666667
1376658676,1,2399.999729,425.59995194266673,17.733333333333334,524288.0,161478.66666666666,0.5333333333333333,287.06666666666666,106.2,1.6666666666666667
1376658976,1,2399.999729,415.9999530266666,17.333333333333332,524288.0,137012.53333333333,0.4,292.6,110.93333333333334,1.3333333333333333
1376659276,1,2399.999729,783.9999114733333,32.666666666666664,524288.0,160431.46666666667,2.533333333333333,401.06666666666666,218.93333333333334,3.4
1376659576,1,2399.999729,703.9999205066669,29.333333333333336,524288.0,165324.26666666666,0.26666666666666666,372.6,201.26666666666668,1.3333333333333333
1376659876,1,2399.999729,687.9999223133334,28.666666666666664,524288.0,168818.4,0.13333333333333333,383.1333333333333,193.6,1.4666666666666666
1376660176,1,2399.999729,595.199932792,24.8,524288.0,163576.0,0.4,346.4,171.53333333333333,1.1333333333333333
1376660476,1,2399.999729,649.5999266493334,27.066666666666666,524288.0,146797.6,0.8666666666666667,369.79999999999995,188.2,1.2666666666666666
1376660776,1,2399.999729,630.3999288173334,26.266666666666666,524288.0,155186.4,6.933333333333334,369.1333333333333,187.93333333333334,1.2
1376661076,1,2399.999729,543.9999385733332,22.666666666666664,524288.0,146100.0,20.2,347.06666666666666,155.46666666666667,1.3333333333333333
1376661376,1,2399.999729,395.1999553753334,16.46666666666667,524288.0,162528.0,0.2,293.1333333333333,109.46666666666667,1.2666666666666666
1376661676,1,2399.999729,391.99995573666666,16.333333333333332,524288.0,157984.0,241.06666666666666,309.6,115.33333333333333,1.4
1376661976,1,2399.999729,1246.3998592606667,51.93333333333333,524288.0,272977.3333333333,1232.9333333333334,591.4000000000001,153.86666666666667,16.2
1376662276,1,2399.999729,1319.99985095,55.0,524288.0,426069.6,1684.2666666666669,639.2,156.26666666666668,12.4
1376662576,1,2399.999729,691.199921952,28.8,524288.0,398806.13333333336,909.9333333333334,582.6666666666666,198.26666666666668,3.4
1376662876,1,2399.999729,615.9999304433333,25.666666666666664,524288.0,376437.6,956.0,490.4,145.06666666666666,2.1333333333333333
1376663176,1,2399.999729,684.7999226746667,28.533333333333335,524288.0,393913.3333333333,1084.2,518.6666666666666,188.73333333333332,1.4666666666666666
1376663477,1,2399.999729,732.7999172546668,30.533333333333335,524288.0,398806.6666666667,928.9333333333334,534.3333333333333,170.4,1.6666666666666667
1376663777,1,2399.999729,627.1999291786668,26.133333333333336,524288.0,403699.2,887.1333333333333,514.6,146.06666666666666,1.4
1376664077,1,2399.999729,678.3999233973333,28.266666666666666,524288.0,406146.6666666667,860.3333333333333,453.73333333333335,152.06666666666666,1.4
1376664377,1,2399.999729,588.7999335146667,24.533333333333335,524288.0,399505.86666666664,1006.6,451.6,131.0,1.6
1376664677,1,2399.999729,1271.99985637,53.0,524288.0,403001.06666666665,610.6,650.5333333333333,204.2,25.266666666666666
1376664977,1,2399.999729,491.19994453533343,20.46666666666667,524288.0,379582.4,847.2666666666667,483.0666666666666,119.86666666666666,1.3333333333333333
1376665277,1,2399.999729,636.7999280946667,26.533333333333335,524288.0,379232.8,855.4000000000001,496.8,166.13333333333333,1.6
1376665577,1,2399.999729,739.1999165320001,30.8,524288.0,393214.4,952.4,543.4,208.4,1.8666666666666667
1376665877,1,2399.999729,910.3998972006667,37.93333333333334,524288.0,392515.4666666667,901.5333333333333,573.3333333333333,211.53333333333333,11.0
1376666177,1,2399.999729,806.399908944,33.6,524288.0,390068.26666666666,1017.8,572.3333333333333,162.26666666666668,4.0
1376666477,1,2399.999729,825.599906776,34.4,524288.0,374689.06666666665,971.3333333333333,545.0,204.93333333333334,1.6
1376666777,1,2399.999729,708.7999199646667,29.533333333333335,524288.0,394262.93333333335,1082.8666666666666,499.79999999999995,164.4,1.4666666666666666
1376667077,1,2399.999729,695.9999214100001,29.0,524288.0,395311.2,680.8,435.93333333333334,159.53333333333333,2.1333333333333333
1376667377,1,2399.999729,441.59995013599996,18.4,524288.0,324008.0,3.5999999999999996,287.20000000000005,112.53333333333333,1.4666666666666666
1376667677,1,2399.999729,489.599944716,20.4,524288.0,242219.2,1.4666666666666666,292.6,115.13333333333334,1.4666666666666666
1376667977,1,2399.999729,447.99994941333335,18.666666666666668,524288.0,258996.0,12.6,291.26666666666665,114.93333333333334,1.6
1376668277,1,2399.999729,521.5999411026667,21.733333333333334,524288.0,251656.0,21.400000000000002,302.8666666666667,125.06666666666666,1.4666666666666666
1376668577,1,2399.999729,510.3999423673333,21.266666666666666,524288.0,246064.53333333333,0.5333333333333333,285.2,114.46666666666667,1.3333333333333333
1376668877,1,2399.999729,444.7999497746667,18.53333333333333,524288.0,235928.0,0.6666666666666666,284.26666666666665,109.06666666666666,1.6
1376669177,1,2399.999729,454.3999486906667,18.933333333333334,524288.0,218800.53333333333,18.2,313.6,125.73333333333333,1.8666666666666667
1376669477,1,2399.999729,431.99995122,18.0,524288.0,176857.86666666667,0.6666666666666666,277.1333333333333,103.0,1.6
1376669777,1,2399.999729,446.3999495940001,18.6,524288.0,182101.33333333334,0.4,280.4666666666667,103.53333333333333,1.2666666666666666
1376670077,1,2399.999729,478.39994598066664,19.933333333333334,524288.0,181402.4,1.4,289.6,111.86666666666666,1.4
1376670377,1,2399.999729,398.39995501400006,16.6,524288.0,175110.4,0.2,276.8,101.66666666666667,1.7333333333333334
1376670677,1,2399.999729,404.79995429133334,16.866666666666667,524288.0,174061.33333333334,0.4,285.93333333333334,106.93333333333334,1.8
1376670977,1,2399.999729,1167.9998681133336,48.66666666666667,524288.0,172663.2,0.5333333333333333,710.4666666666667,566.0666666666667,3.933333333333333
1376671277,1,2399.999729,1441.5998372193335,60.06666666666667,524288.0,258995.2,2.2,799.4,666.0,3.8666666666666667
1376671577,1,2399.999729,916.7998964780002,38.2,524288.0,238025.86666666667,14.4,538.2,378.26666666666665,2.533333333333333
1376671878,1,2399.999729,444.7999497746667,18.53333333333333,524288.0,190140.0,12.266666666666667,294.2,116.46666666666667,1.5333333333333334
1376672178,1,2399.999729,427.19995176200007,17.8,524288.0,156235.73333333334,0.5333333333333333,275.66666666666663,104.13333333333334,1.5333333333333334
1376672478,1,2399.999729,417.599952846,17.4,524288.0,141556.0,0.6,279.4,107.53333333333333,1.8666666666666667
1376672778,1,2399.999729,455.99994851,19.0,524288.0,180352.8,18.2,312.73333333333335,128.66666666666666,2.1333333333333333
1376673078,1,2399.999729,385.5999564593333,16.066666666666666,524288.0,148895.73333333334,0.6666666666666666,274.0,101.06666666666666,2.0
1376673378,1,2399.999729,382.3999568206666,15.933333333333332,524288.0,122681.6,0.6,276.0,104.2,1.8
1376673678,1,2399.999729,427.19995176200007,17.8,524288.0,136313.06666666668,11.666666666666668,295.93333333333334,114.8,2.2
1376673978,1,2399.999729,399.9999548333334,16.666666666666668,524288.0,142254.93333333332,0.13333333333333333,275.73333333333335,107.2,1.6666666666666667
1376674278,1,2399.999729,388.79995609799994,16.2,524288.0,144352.8,0.13333333333333333,278.33333333333337,104.2,1.7333333333333334
1376674578,1,2399.999729,403.199954472,16.8,524288.0,132118.66666666666,0.06666666666666667,288.3333333333333,113.73333333333333,1.4666666666666666
1376674878,1,2399.999729,385.5999564593333,16.066666666666666,524288.0,135264.8,0.6666666666666667,277.53333333333336,104.2,1.5333333333333334
1376675178,1,2399.999729,364.799958808,15.2,524288.0,154488.53333333333,2.2,275.0,100.26666666666667,1.6
1376675478,1,2399.999729,387.19995627866666,16.133333333333333,524288.0,138409.6,0.6666666666666666,281.6,102.33333333333333,1.4666666666666666
1376675778,1,2399.999729,374.399957724,15.6,524288.0,138759.46666666667,0.13333333333333333,272.06666666666666,101.33333333333333,1.4666666666666666
1376676078,1,2399.999729,372.79995790466666,15.533333333333333,524288.0,122681.33333333333,0.26666666666666666,285.06666666666666,110.53333333333333,1.5333333333333334
1376676378,1,2399.999729,420.7999524846666,17.53333333333333,524288.0,150293.86666666667,8.066666666666666,312.26666666666665,123.8,2.066666666666667
1376676678,1,2399.999729,371.1999580853333,15.466666666666667,524288.0,128973.33333333333,0.3333333333333333,278.2,102.46666666666667,1.5333333333333334
1376676978,1,2399.999729,395.1999553753334,16.46666666666667,524288.0,133866.4,0.26666666666666666,274.73333333333335,100.26666666666667,1.4
1376677278,1,2399.999729,366.3999586273334,15.266666666666667,524288.0,145750.4,0.5333333333333333,276.8,98.33333333333333,1.4666666666666666
1376677578,1,2399.999729,361.5999591693334,15.066666666666668,524288.0,130021.33333333333,0.2,273.4,99.86666666666666,1.4666666666666666
1376677878,1,2399.999729,390.39995591733333,16.266666666666666,524288.0,134565.06666666668,0.13333333333333333,289.53333333333336,111.53333333333333,1.4666666666666666
1376678178,1,2399.999729,385.5999564593333,16.066666666666666,524288.0,134216.53333333333,0.26666666666666666,279.5333333333333,102.8,1.4
1376678478,1,2399.999729,363.1999589886667,15.133333333333333,524288.0,130020.8,0.0,278.8,100.73333333333333,1.3333333333333333
1376678778,1,2399.999729,375.9999575433334,15.666666666666668,524288.0,139459.2,2.1333333333333333,280.79999999999995,105.53333333333333,1.5333333333333334
1376679078,1,2399.999729,534.3999396573333,22.266666666666666,524288.0,138410.4,0.9333333333333333,307.79999999999995,129.06666666666666,1.4666666666666666
1376679378,1,2399.999729,619.199930082,25.8,524288.0,147846.13333333333,0.6000000000000001,284.5333333333333,110.13333333333334,1.2
1376679679,1,2399.999729,508.79994254800005,21.2,524288.0,134566.13333333333,0.3333333333333333,287.4,112.33333333333333,1.4
1376679979,1,2399.999729,489.599944716,20.4,524288.0,177206.66666666666,7.466666666666667,316.4,128.86666666666667,2.0
1376680279,1,2399.999729,564.7999362246668,23.533333333333335,524288.0,154138.93333333332,0.4,275.1333333333333,100.93333333333334,1.4
1376680579,1,2399.999729,532.799939838,22.2,524288.0,147846.93333333332,0.0,275.5333333333333,101.26666666666667,1.3333333333333333
1376680879,1,2399.999729,532.799939838,22.2,524288.0,150643.73333333334,0.3333333333333333,278.53333333333336,100.46666666666667,1.6666666666666667
1376681179,1,2399.999729,558.3999369473333,23.266666666666666,524288.0,144003.2,0.2,274.6,104.0,1.5333333333333334
1376681479,1,2399.999729,556.799937128,23.2,524288.0,130021.86666666667,0.33333333333333337,275.1333333333333,101.93333333333334,1.4666666666666666
1376681779,1,2399.999729,532.799939838,22.2,524288.0,145400.53333333333,0.06666666666666667,282.73333333333335,109.33333333333333,1.4666666666666666
1376682079,1,2399.999729,535.9999394766668,22.333333333333336,524288.0,136313.6,0.06666666666666667,278.6666666666667,103.6,1.5333333333333334
1376682379,1,2399.999729,527.99994038,22.0,524288.0,147847.2,2.0,275.3333333333333,100.13333333333334,1.3333333333333333
1376682679,1,2399.999729,551.99993767,23.0,524288.0,179304.8,0.5333333333333333,294.0,109.33333333333333,1.4
1376682979,1,2399.999729,491.19994453533343,20.46666666666667,524288.0,167770.4,0.13333333333333333,279.6666666666667,105.73333333333333,1.4666666666666666
1376683279,1,2399.999729,521.5999411026667,21.733333333333334,524288.0,142255.2,0.26666666666666666,280.8,106.0,1.6
1376683579,1,2399.999729,539.1999391153333,22.466666666666665,524288.0,162527.46666666667,7.666666666666667,299.8666666666667,123.66666666666667,2.0
1376683879,1,2399.999729,543.9999385733332,22.666666666666664,524288.0,141206.4,0.9333333333333333,272.93333333333334,103.66666666666667,1.7333333333333334
1376684179,1,2399.999729,529.5999401993333,22.066666666666666,524288.0,138760.0,0.13333333333333333,278.4666666666667,104.33333333333333,1.6
1376684479,1,2399.999729,575.99993496,24.0,524288.0,145402.13333333333,9.133333333333333,283.33333333333337,110.2,1.3333333333333333
1376684779,1,2399.999729,510.3999423673333,21.266666666666666,524288.0,163577.06666666668,0.3333333333333333,282.5333333333333,110.8,1.3333333333333333
1376685079,1,2399.999729,563.1999364053333,23.466666666666665,524288.0,140507.2,0.3333333333333333,289.06666666666666,115.93333333333334,1.4
1376685379,1,2399.999729,558.3999369473333,23.266666666666666,524288.0,140158.66666666666,0.06666666666666667,285.46666666666664,110.8,1.3333333333333333
1376685679,1,2399.999729,593.5999329726667,24.733333333333334,524288.0,138061.86666666667,0.33333333333333337,292.8,117.33333333333333,1.3333333333333333
1376685979,1,2399.999729,611.1999309853334,25.466666666666665,524288.0,134216.0,2.2,289.4,113.06666666666666,1.2666666666666666
1376686279,1,2399.999729,603.1999318886668,25.133333333333336,524288.0,149944.0,0.7333333333333334,293.0,114.06666666666666,1.2666666666666666
1376686579,1,2399.999729,561.599936586,23.4,524288.0,154139.2,0.26666666666666666,283.33333333333337,110.86666666666666,1.3333333333333333
1376686879,1,2399.999729,603.1999318886668,25.133333333333336,524288.0,165672.8,0.13333333333333333,293.26666666666665,116.66666666666667,1.4666666666666666
1376687179,1,2399.999729,588.7999335146667,24.533333333333335,524288.0,192236.53333333333,7.733333333333333,309.2,125.66666666666667,2.066666666666667
1376687479,1,2399.999729,527.99994038,22.0,524288.0,153789.06666666668,0.2,280.8,106.66666666666667,1.4
1376687779,1,2399.999729,566.399936044,23.6,524288.0,132118.66666666666,0.06666666666666667,279.4,106.13333333333334,1.4666666666666666
1376688079,1,2399.999729,604.799931708,25.2,524288.0,141206.13333333333,0.4666666666666667,283.6,108.33333333333333,1.5333333333333334
1376688379,1,2399.999729,577.5999347793334,24.066666666666666,524288.0,142254.93333333332,0.6,283.06666666666666,109.2,1.4
1376688679,1,2399.999729,606.3999315273334,25.266666666666666,524288.0,146450.13333333333,0.26666666666666666,287.53333333333336,109.4,1.4
1376688979,1,2399.999729,575.99993496,24.0,524288.0,128274.13333333333,0.13333333333333333,281.1333333333333,107.2,1.3333333333333333
1376689279,1,2399.999729,620.7999299013333,25.866666666666664,524288.0,141206.66666666666,0.06666666666666667,285.06666666666666,108.06666666666666,1.7333333333333334
1376689579,1,2399.999729,587.1999336953334,24.466666666666665,524288.0,128624.26666666666,2.3333333333333335,284.33333333333337,107.93333333333334,1.5333333333333334
1376689879,1,2399.999729,591.9999331533334,24.666666666666664,524288.0,152042.4,1.0,291.93333333333334,112.0,1.5333333333333334
1376690179,1,2399.999729,534.3999396573333,22.266666666666666,524288.0,170915.2,0.2,283.33333333333337,107.6,1.2666666666666666
1376690479,1,2399.999729,574.3999351406667,23.933333333333334,524288.0,149944.8,2.6,301.0,124.93333333333334,1.4
1376690779,1,2399.999729,451.199949052,18.8,524288.0,194684.0,7.133333333333333,336.53333333333336,135.13333333333333,1.8
1376691079,1,2399.999729,579.1999345986667,24.133333333333336,524288.0,152390.4,0.0,281.6,107.4,1.6
1376691379,1,2399.999729,567.9999358633333,23.666666666666664,524288.0,148546.4,0.2,284.46666666666664,107.0,1.2666666666666666
1376691679,1,2399.999729,505.5999429093333,21.066666666666666,524288.0,152740.8,0.6,292.4666666666667,108.4,1.4
1376691979,1,2399.999729,508.79994254800005,21.2,524288.0,155886.66666666666,0.06666666666666667,278.2,100.6,1.2666666666666666
1376692279,1,2399.999729,521.5999411026667,21.733333333333334,524288.0,145401.06666666668,0.0,295.20000000000005,114.66666666666667,1.2666666666666666
1376692579,1,2399.999729,547.199938212,22.8,524288.0,152042.13333333333,0.0,291.4666666666667,114.6,1.2
1376692879,1,2399.999729,503.99994309,21.0,524288.0,143304.53333333333,0.0,273.33333333333337,100.4,1.4
1376693179,1,2399.999729,494.39994417400004,20.6,524288.0,138410.4,1.9333333333333333,276.0,101.0,1.2666666666666666
1376693480,1,2399.999729,563.1999364053333,23.466666666666665,524288.0,160780.26666666666,0.2,285.79999999999995,107.6,1.3333333333333333
1376693780,1,2399.999729,492.7999443546667,20.533333333333335,524288.0,144702.4,0.4666666666666667,275.73333333333335,102.2,0.9333333333333333
1376694080,1,2399.999729,508.79994254800005,21.2,524288.0,136313.6,259.8666666666667,329.79999999999995,111.66666666666667,1.3333333333333333
1376694380,1,2399.999729,657.5999257459999,27.4,524288.0,265288.8,1337.6666666666665,584.6666666666666,159.13333333333333,1.8666666666666667
1376694680,1,2399.999729,559.9999367666667,23.333333333333336,524288.0,361756.0,1343.7333333333333,505.8666666666667,110.33333333333333,1.5333333333333334
1376694980,1,2399.999729,1855.9997904266668,77.33333333333333,524288.0,389020.0,1879.2666666666667,371.6666666666667,106.53333333333333,1.2666666666666666
1376695280,1,2399.999729,2307.199739478667,96.13333333333334,524288.0,389718.93333333335,1816.6666666666665,335.1333333333333,103.73333333333333,1.4
1376695580,1,2399.999729,2371.199732252,98.8,524288.0,321911.73333333334,2045.2,329.06666666666666,100.46666666666667,1.4
1376695880,1,2399.999729,2255.99974526,94.0,524288.0,353018.93333333335,1958.1333333333334,334.20000000000005,109.06666666666666,1.1333333333333333
1376696180,1,2399.999729,2299.199740382,95.8,524288.0,361407.73333333334,1752.0,336.5333333333333,105.0,1.1333333333333333
1376696480,1,2399.999729,2374.3997318906668,98.93333333333334,524288.0,332396.8,1374.7333333333336,300.46666666666664,108.66666666666667,1.3333333333333333
1376696780,1,2399.999729,2502.3997174373335,104.26666666666667,524288.0,398807.4666666667,1431.2666666666667,313.8666666666667,102.33333333333333,1.2666666666666666
1376697080,1,2399.999729,2387.199730445333,99.46666666666665,524288.0,408593.86666666664,1494.5333333333333,330.79999999999995,113.0,1.2
1376697380,1,2399.999729,2511.999716353333,104.66666666666666,524288.0,405098.93333333335,1318.2,298.4,102.46666666666667,1.1333333333333333
1376697680,1,2399.999729,2398.399729180667,99.93333333333334,524288.0,382728.5333333333,1088.1333333333332,315.3333333333333,126.53333333333333,1.3333333333333333
1376697980,1,2399.999729,2391.9997299033334,99.66666666666666,524288.0,390767.73333333334,1316.0666666666666,336.8,125.53333333333333,1.8666666666666667
1376698280,1,2399.999729,2092.799763688,87.2,524288.0,309677.3333333333,1783.6666666666667,355.6,106.66666666666667,1.3333333333333333
1376698580,1,2399.999729,2356.799733878,98.2,524288.0,231034.66666666666,1979.8,335.46666666666664,100.4,1.2666666666666666
1376698880,1,2399.999729,2347.199734962,97.8,524288.0,347776.26666666666,2358.866666666667,374.33333333333337,101.06666666666666,1.3333333333333333
1376699180,1,2399.999729,2315.199738575333,96.46666666666665,524288.0,383776.8,2626.2000000000003,413.8666666666667,99.46666666666667,1.2
1376699480,1,2399.999729,2441.599724302667,101.73333333333333,524288.0,419428.26666666666,2683.6,414.3333333333333,102.0,1.2666666666666666
1376699780,1,2399.999729,2270.399743634,94.6,524288.0,416283.2,2449.5333333333333,397.0,100.2,1.2
1376700080,1,2399.999729,2238.3997472473334,93.26666666666667,524288.0,414185.6,2026.0,364.2,106.33333333333333,1.2666666666666666
1376700380,1,2399.999729,401.5999546526667,16.733333333333334,524288.0,331348.0,15.933333333333334,274.8666666666667,98.6,1.1333333333333333
1376700680,1,2399.999729,331.199962602,13.8,524288.0,197130.4,22.400000000000002,289.4,109.0,1.2666666666666666
1376700980,1,2399.999729,297.599966396,12.4,524288.0,148896.0,0.13333333333333333,271.93333333333334,100.6,1.1333333333333333
1376701280,1,2399.999729,307.199965312,12.8,524288.0,139459.2,0.2,279.8666666666667,103.33333333333333,1.3333333333333333
1376701581,1,2399.999729,340.799961518,14.2,524288.0,135963.46666666667,9.866666666666667,315.26666666666665,127.46666666666667,1.8666666666666667
1376701881,1,2399.999729,321.599963686,13.4,524288.0,128623.2,0.7333333333333333,279.73333333333335,104.13333333333334,1.4
1376702181,1,2399.999729,313.5999645893334,13.066666666666668,524288.0,130720.8,0.13333333333333333,284.1333333333333,101.13333333333334,1.2
1376702481,1,2399.999729,324.7999633246667,13.533333333333333,524288.0,147846.93333333332,0.0,287.4666666666667,102.33333333333333,1.2666666666666666
1376702781,1,2399.999729,302.399965854,12.6,524288.0,144351.73333333334,0.0,282.0,100.06666666666666,1.0666666666666667
1376703081,1,2399.999729,313.5999645893334,13.066666666666668,524288.0,124779.46666666666,0.06666666666666667,290.40000000000003,107.33333333333333,1.1333333333333333
1376703381,1,2399.999729,313.5999645893334,13.066666666666668,524288.0,115691.46666666666,0.8,280.8666666666667,101.73333333333333,1.2
1376703681,1,2399.999729,350.39996043400004,14.6,524288.0,130370.66666666667,0.06666666666666667,276.1333333333333,100.6,1.2666666666666666
1376703981,1,2399.999729,358.39995953066665,14.933333333333332,524288.0,133517.06666666668,3.6,277.1333333333333,99.13333333333334,1.1333333333333333
1376704281,1,2399.999729,428.79995158133335,17.866666666666667,524288.0,128273.86666666667,0.6,291.5333333333333,109.33333333333333,1.3333333333333333
1376704581,1,2399.999729,355.19995989200004,14.8,524288.0,135614.4,0.13333333333333333,277.46666666666664,102.6,1.2
1376704881,1,2399.999729,382.3999568206666,15.933333333333332,524288.0,130022.4,0.06666666666666667,281.6666666666667,107.33333333333333,1.3333333333333333
1376705181,1,2399.999729,582.3999342373334,24.266666666666666,524288.0,226840.0,525.2666666666667,326.26666666666665,127.8,2.2666666666666666
1376705481,1,2399.999729,423.99995212333334,17.666666666666668,524288.0,197480.26666666666,322.4666666666667,338.8,114.66666666666667,1.6
1376705781,1,2399.999729,452.7999488713334,18.866666666666667,524288.0,333444.5333333333,544.0666666666667,381.26666666666665,104.66666666666667,1.0666666666666667
1376706081,1,2399.999729,438.39995049733335,18.266666666666666,524288.0,253753.6,34.8,307.53333333333336,108.66666666666667,1.4
1376706381,1,2399.999729,374.399957724,15.6,524288.0,188741.6,0.6666666666666666,280.93333333333334,100.6,1.2
1376706681,1,2399.999729,390.39995591733333,16.266666666666666,524288.0,176158.4,0.4,276.26666666666665,102.0,1.1333333333333333
1376706981,1,2399.999729,382.3999568206666,15.933333333333332,524288.0,164625.6,0.2,274.1333333333333,100.8,1.0
1376707281,1,2399.999729,372.79995790466666,15.533333333333333,524288.0,170915.2,0.3333333333333333,272.0,99.46666666666667,1.2
1376707581,1,2399.999729,377.59995736266666,15.733333333333333,524288.0,180003.2,2.8000000000000003,275.8,101.53333333333333,1.0
1376707881,1,2399.999729,391.99995573666666,16.333333333333332,524288.0,156935.73333333334,1.0,284.1333333333333,106.26666666666667,1.1333333333333333
1376708181,1,2399.999729,380.7999570013334,15.866666666666667,524288.0,153090.93333333332,0.13333333333333333,270.8666666666667,100.2,0.9333333333333333
1376708481,1,2399.999729,366.3999586273334,15.266666666666667,524288.0,157983.2,9.066666666666666,280.8666666666667,104.0,1.2
1376708781,1,2399.999729,414.3999532073333,17.266666666666666,524288.0,178955.73333333334,6.800000000000001,296.93333333333334,118.73333333333333,1.6
1376709081,1,2399.999729,399.9999548333334,16.666666666666668,524288.0,160080.26666666666,0.2,270.73333333333335,101.53333333333333,1.4
1376709381,1,2399.999729,398.39995501400006,16.6,524288.0,130371.73333333334,0.0,268.93333333333334,100.8,1.1333333333333333
1376709681,1,2399.999729,399.9999548333334,16.666666666666668,524288.0,127924.0,0.2,281.26666666666665,102.73333333333333,1.1333333333333333
1376709981,1,2399.999729,371.1999580853333,15.466666666666667,524288.0,124428.8,0.0,265.1333333333333,97.6,1.0
1376710281,1,2399.999729,404.79995429133334,16.866666666666667,524288.0,129323.2,0.06666666666666667,273.06666666666666,102.26666666666667,1.1333333333333333
1376710581,1,2399.999729,383.99995664,16.0,524288.0,134565.33333333334,0.13333333333333333,281.73333333333335,105.66666666666667,1.0
1376710881,1,2399.999729,401.5999546526667,16.733333333333334,524288.0,141555.46666666667,0.06666666666666667,276.26666666666665,100.0,1.1333333333333333
1376711181,1,2399.999729,369.59995826600004,15.4,524288.0,123380.8,1.8666666666666667,275.4,101.0,1.0
1376711481,1,2399.999729,398.39995501400006,16.6,524288.0,132118.4,0.5333333333333333,281.33333333333337,103.66666666666667,1.0666666666666667
1376711781,1,2399.999729,361.5999591693334,15.066666666666668,524288.0,134216.0,0.13333333333333333,271.6,99.33333333333333,0.8666666666666667
1376712082,1,2399.999729,401.5999546526667,16.733333333333334,524288.0,134216.8,0.26666666666666666,283.4,108.73333333333333,1.1333333333333333
1376712382,1,2399.999729,507.19994272866677,21.133333333333336,524288.0,149944.8,13.733333333333333,347.93333333333334,156.06666666666666,1.6666666666666667
1376712682,1,2399.999729,518.3999414640001,21.6,524288.0,139109.33333333334,0.2,312.33333333333337,131.73333333333332,1.2666666666666666
1376712982,1,2399.999729,403.199954472,16.8,524288.0,152041.6,0.06666666666666667,289.6666666666667,110.33333333333333,0.9333333333333333
1376713282,1,2399.999729,399.9999548333334,16.666666666666668,524288.0,139458.93333333332,5.733333333333333,275.8666666666667,105.13333333333334,1.0666666666666667
1376713582,1,2399.999729,372.79995790466666,15.533333333333333,524288.0,139807.2,0.13333333333333333,267.6666666666667,102.66666666666667,1.0
1376713882,1,2399.999729,399.9999548333334,16.666666666666668,524288.0,136313.33333333334,0.13333333333333333,271.06666666666666,103.2,1.0
1376714182,1,2399.999729,385.5999564593333,16.066666666666666,524288.0,148197.33333333334,0.0,275.33333333333337,103.33333333333333,0.9333333333333333
1376714482,1,2399.999729,358.39995953066665,14.933333333333332,524288.0,131070.4,0.13333333333333333,269.06666666666666,99.0,1.0666666666666667
1376714782,1,2399.999729,366.3999586273334,15.266666666666667,524288.0,132469.33333333334,2.066666666666667,268.40000000000003,98.2,1.0
1376715082,1,2399.999729,377.59995736266666,15.733333333333333,524288.0,146449.86666666667,0.4,274.1333333333333,102.6,1.0666666666666667
1376715382,1,2399.999729,372.79995790466666,15.533333333333333,524288.0,143304.26666666666,0.26666666666666666,264.2,100.06666666666666,0.9333333333333333
1376715682,1,2399.999729,383.99995664,16.0,524288.0,125128.0,0.26666666666666666,276.79999999999995,107.46666666666667,1.2
1376715982,1,2399.999729,403.199954472,16.8,524288.0,161478.93333333332,9.799999999999999,294.06666666666666,115.26666666666667,1.5333333333333334
1376716282,1,2399.999729,398.39995501400006,16.6,524288.0,136662.93333333332,0.06666666666666667,272.20000000000005,102.73333333333333,1.3333333333333333
1376716582,1,2399.999729,372.79995790466666,15.533333333333333,524288.0,127575.2,0.26666666666666666,272.93333333333334,100.86666666666666,1.0666666666666667
1376716882,1,2399.999729,382.3999568206666,15.933333333333332,524288.0,136314.13333333333,9.266666666666666,272.6666666666667,98.46666666666667,1.0
1376717182,1,2399.999729,358.39995953066665,14.933333333333332,524288.0,137361.6,0.0,271.40000000000003,99.8,0.8666666666666667
1376717482,1,2399.999729,379.19995718200005,15.8,524288.0,124778.4,0.13333333333333333,276.2,103.26666666666667,1.2666666666666666
1376717782,1,2399.999729,380.7999570013334,15.866666666666667,524288.0,120235.2,0.06666666666666667,273.3333333333333,104.4,1.1333333333333333
1376718082,1,2399.999729,383.99995664,16.0,524288.0,128972.8,0.2,265.8,101.73333333333333,1.0666666666666667
1376718382,1,2399.999729,356.7999597113334,14.866666666666667,524288.0,117438.4,2.066666666666667,263.5333333333333,97.8,1.1333333333333333
1376718682,1,2399.999729,388.79995609799994,16.2,524288.0,110098.4,0.26666666666666666,276.06666666666666,102.86666666666666,1.1333333333333333
1376718982,1,2399.999729,383.99995664,16.0,524288.0,119535.2,0.26666666666666666,264.2,100.06666666666666,1.0
1376719282,1,2399.999729,393.599955556,16.4,524288.0,121633.6,0.3333333333333333,274.93333333333334,107.26666666666667,1.2666666666666666
1376719582,1,2399.999729,428.79995158133335,17.866666666666667,524288.0,148196.53333333333,8.133333333333333,289.2,117.06666666666666,1.7333333333333334
1376719882,1,2399.999729,399.9999548333334,16.666666666666668,524288.0,149944.8,0.6666666666666666,275.26666666666665,108.6,1.3333333333333333
1376720182,1,2399.999729,385.5999564593333,16.066666666666666,524288.0,159381.6,0.0,272.4666666666667,101.53333333333333,1.1333333333333333
1376720482,1,2399.999729,377.59995736266666,15.733333333333333,524288.0,145400.8,0.6666666666666667,275.8,100.86666666666666,1.2
1376720782,1,2399.999729,366.3999586273334,15.266666666666667,524288.0,137710.93333333332,0.06666666666666667,267.33333333333337,98.0,1.0666666666666667
1376721082,1,2399.999729,382.3999568206666,15.933333333333332,524288.0,116390.4,0.2,282.4,107.66666666666667,1.2
1376721382,1,2399.999729,404.79995429133334,16.866666666666667,524288.0,128274.4,0.13333333333333333,277.73333333333335,104.93333333333334,1.2
1376721682,1,2399.999729,380.7999570013334,15.866666666666667,524288.0,124429.6,0.13333333333333333,274.93333333333334,101.46666666666667,1.3333333333333333
1376721982,1,2399.999729,385.5999564593333,16.066666666666666,524288.0,124778.13333333333,2.1333333333333337,273.4666666666667,99.8,1.2
1376722282,1,2399.999729,388.79995609799994,16.2,524288.0,128973.86666666667,0.26666666666666666,284.33333333333337,104.13333333333334,1.2666666666666666
1376722582,1,2399.999729,1078.3998782306667,44.93333333333333,524288.0,173361.86666666667,0.7333333333333334,618.7333333333333,471.26666666666665,3.6
1376722882,1,2399.999729,1289.5998543826665,53.73333333333333,524288.0,235927.2,1.3333333333333333,764.6666666666666,610.7333333333333,3.8
1376723182,1,2399.999729,964.7998910580001,40.2,524288.0,294648.8,21.666666666666664,521.2,347.3333333333333,2.6666666666666665
1376723482,1,2399.999729,582.3999342373334,24.266666666666666,524288.0,218451.2,0.6666666666666666,287.93333333333334,120.26666666666667,1.6
1376723782,1,2399.999729,542.399938754,22.6,524288.0,166021.86666666667,0.39999999999999997,275.46666666666664,104.2,1.3333333333333333
1376724082,1,2399.999729,535.9999394766668,22.333333333333336,524288.0,154488.26666666666,7.2,270.73333333333335,100.46666666666667,1.2666666666666666
1376724382,1,2399.999729,478.39994598066664,19.933333333333334,524288.0,151342.66666666666,0.06666666666666667,269.26666666666665,98.13333333333334,1.1333333333333333
1376724682,1,2399.999729,518.3999414640001,21.6,524288.0,142605.6,0.2,273.6,103.73333333333333,1.4
1376724982,1,2399.999729,423.99995212333334,17.666666666666668,524288.0,139808.8,0.2,271.4,100.4,1.0666666666666667
1376725282,1,2399.999729,337.59996187933336,14.066666666666668,524288.0,152390.93333333332,0.13333333333333333,269.8,99.53333333333333,1.1333333333333333
1376725582,1,2399.999729,327.99996296333336,13.666666666666668,524288.0,126526.4,3.7333333333333334,271.5333333333333,98.73333333333333,1.1333333333333333
1376725882,1,2399.999729,513.599942006,21.4,524288.0,129321.6,0.7333333333333333,278.26666666666665,105.26666666666667,1.2
1376726182,1,2399.999729,507.19994272866677,21.133333333333336,524288.0,141205.6,0.06666666666666667,271.06666666666666,100.93333333333334,1.0666666666666667
1376726482,1,2399.999729,481.59994561933337,20.066666666666666,524288.0,144702.4,0.3333333333333333,277.2,104.73333333333333,1.3333333333333333
1376726782,1,2399.999729,505.5999429093333,21.066666666666666,524288.0,154138.4,8.733333333333334,298.5333333333333,118.86666666666666,1.8
1376727082,1,2399.999729,521.5999411026667,21.733333333333334,524288.0,136313.6,0.06666666666666667,276.2,110.46666666666667,1.4
1376727382,1,2399.999729,515.1999418253333,21.466666666666665,524288.0,136314.4,0.06666666666666667,269.93333333333334,102.06666666666666,1.2
1376727682,1,2399.999729,547.199938212,22.8,524288.0,137012.53333333333,9.133333333333333,268.06666666666666,101.06666666666666,1.2666666666666666
1376727982,1,2399.999729,492.7999443546667,20.533333333333335,524288.0,137011.46666666667,0.06666666666666667,267.6,99.6,1.1333333333333333
1376728282,1,2399.999729,523.199940922,21.8,524288.0,154837.6,0.2,269.93333333333334,101.93333333333334,1.2666666666666666
1376728583,1,2399.999729,516.7999416446668,21.533333333333335,524288.0,144351.46666666667,0.4,267.06666666666666,99.8,1.1333333333333333
1376728883,1,2399.999729,563.1999364053333,23.466666666666665,524288.0,135963.73333333334,0.0,273.26666666666665,103.6,1.3333333333333333
1376729183,1,2399.999729,558.3999369473333,23.266666666666666,524288.0,143653.6,1.8666666666666667,274.1333333333333,105.86666666666666,1.3333333333333333
1376729483,1,2399.999729,532.799939838,22.2,524288.0,154488.26666666666,0.39999999999999997,275.66666666666663,103.33333333333333,1.2666666666666666
1376729783,1,2399.999729,503.99994309,21.0,524288.0,139109.86666666667,0.2,266.06666666666666,99.86666666666666,1.1333333333333333
1376730083,1,2399.999729,503.99994309,21.0,524288.0,135264.8,0.26666666666666666,291.53333333333336,118.46666666666667,1.4
1376730383,1,2399.999729,513.599942006,21.4,524288.0,157284.0,8.2,296.3333333333333,118.46666666666667,1.8666666666666667
1376730683,1,2399.999729,545.5999383926668,22.733333333333334,524288.0,164624.8,0.06666666666666667,270.66666666666663,105.6,1.4
1376730983,1,2399.999729,537.599939296,22.4,524288.0,147847.2,0.06666666666666667,267.66666666666663,101.2,1.2
1376731283,1,2399.999729,558.3999369473333,23.266666666666666,524288.0,138410.4,0.4,271.66666666666663,101.6,1.3333333333333333
1376731583,1,2399.999729,495.9999439933333,20.666666666666664,524288.0,152041.86666666667,0.2,262.1333333333333,97.6,1.0
1376731883,1,2399.999729,553.5999374893333,23.066666666666666,524288.0,155885.6,0.2,271.73333333333335,102.86666666666666,1.3333333333333333
1376732183,1,2399.999729,566.399936044,23.6,524288.0,151343.2,0.2,279.73333333333335,112.73333333333333,1.3333333333333333
1376732483,1,2399.999729,591.9999331533334,24.666666666666664,524288.0,142604.53333333333,7.2666666666666675,273.8666666666667,102.0,1.3333333333333333
1376732783,1,2399.999729,523.199940922,21.8,524288.0,160431.2,401.59999999999997,292.2,102.26666666666667,1.4
1376733083,1,2399.999729,414.3999532073333,17.266666666666666,524288.0,224393.33333333334,347.4,303.1333333333333,103.06666666666666,1.9333333333333333
1376733383,1,2399.999729,529.5999401993333,22.066666666666666,524288.0,212160.0,0.6666666666666666,263.0,99.46666666666667,1.2
1376733683,1,2399.999729,564.7999362246668,23.533333333333335,524288.0,149594.93333333332,0.7333333333333333,281.0,108.2,1.3333333333333333
1376733983,1,2399.999729,633.5999284559999,26.4,524288.0,205170.4,250.93333333333334,316.1333333333333,124.06666666666666,1.8666666666666667
1376734283,1,2399.999729,521.5999411026667,21.733333333333334,524288.0,158333.06666666668,0.4666666666666667,272.1333333333333,103.6,1.6
1376734583,1,2399.999729,495.9999439933333,20.666666666666664,524288.0,144002.66666666666,0.5333333333333333,271.8,100.2,1.2
1376734883,1,2399.999729,542.399938754,22.6,524288.0,138411.2,16.333333333333332,281.06666666666666,111.13333333333334,1.2666666666666666
1376735184,1,2399.999729,553.5999374893333,23.066666666666666,524288.0,141556.0,0.26666666666666666,267.93333333333334,101.0,1.3333333333333333
1376735484,1,2399.999729,526.3999405606668,21.933333333333334,524288.0,148896.0,0.2,283.2,115.2,1.4666666666666666
1376735784,1,2399.999729,561.599936586,23.4,524288.0,160430.4,0.06666666666666667,269.53333333333336,102.93333333333334,1.1333333333333333
1376736084,1,2399.999729,591.9999331533334,24.666666666666664,524288.0,167420.8,0.4,294.4666666666667,110.2,1.4
1376736384,1,2399.999729,510.3999423673333,21.266666666666666,524288.0,166371.73333333334,2.2,288.4666666666667,113.6,1.2666666666666666
1376736684,1,2399.999729,577.5999347793334,24.066666666666666,524288.0,156585.33333333334,0.2,296.73333333333335,117.93333333333334,1.2666666666666666
1376736984,1,2399.999729,551.99993767,23.0,524288.0,152739.73333333334,0.0,267.5333333333333,105.13333333333334,1.2666666666666666
1376737284,1,2399.999729,574.3999351406667,23.933333333333334,524288.0,128274.66666666667,0.0,273.0,105.73333333333333,1.4
1376737584,1,2399.999729,1177.5998670293334,49.06666666666667,524288.0,247812.26666666666,718.4666666666667,575.4666666666667,146.33333333333334,15.8
1376737884,1,2399.999729,588.7999335146667,24.533333333333335,524288.0,331348.0,874.8,463.2,110.06666666666666,2.066666666666667
1376738184,1,2399.999729,526.3999405606668,21.933333333333334,524288.0,360358.4,953.2,450.26666666666665,119.13333333333334,2.0
1376738484,1,2399.999729,502.3999432706667,20.933333333333334,524288.0,358610.4,1027.8666666666668,398.93333333333334,102.6,1.5333333333333334
1376738784,1,2399.999729,867.1999020786666,36.13333333333333,524288.0,368047.2,763.0,531.8666666666667,114.06666666666666,20.066666666666666
1376739084,1,2399.999729,527.99994038,22.0,524288.0,381680.0,852.9333333333333,457.0,115.66666666666667,2.2
1376739384,1,2399.999729,494.39994417400004,20.6,524288.0,375387.2,864.8,433.8666666666667,124.53333333333333,1.6666666666666667
1376739684,1,2399.999729,510.3999423673333,21.266666666666666,524288.0,383427.4666666667,1044.2666666666667,409.4,102.8,1.8
1376739984,1,2399.999729,502.3999432706667,20.933333333333334,524288.0,389020.0,590.0,368.5333333333333,111.0,3.533333333333333
1376740284,1,2399.999729,417.599952846,17.4,524288.0,331698.13333333336,22.133333333333333,290.8,112.46666666666667,1.5333333333333334
1376740584,1,2399.999729,391.99995573666666,16.333333333333332,524288.0,247462.4,0.8666666666666667,275.20000000000005,103.93333333333334,1.4
1376740884,1,2399.999729,401.5999546526667,16.733333333333334,524288.0,216354.66666666666,0.9333333333333333,292.6,117.66666666666667,1.4
1376741184,1,2399.999729,419.1999526653334,17.46666666666667,524288.0,255150.93333333332,16.066666666666666,299.8,122.2,1.7333333333333334
1376741484,1,2399.999729,439.9999503166666,18.333333333333332,524288.0,232781.86666666667,0.5333333333333333,273.6666666666667,106.2,1.6666666666666667
1376741784,1,2399.999729,391.99995573666666,16.333333333333332,524288.0,212509.86666666667,0.6666666666666666,266.5333333333333,101.4,1.3333333333333333
1376742084,1,2399.999729,427.19995176200007,17.8,524288.0,195032.8,18.53333333333333,278.4,105.06666666666666,1.3333333333333333
1376742384,1,2399.999729,403.199954472,16.8,524288.0,197479.73333333334,0.3333333333333333,279.6,109.86666666666666,1.2
1376742684,1,2399.999729,428.79995158133335,17.866666666666667,524288.0,166022.93333333332,0.2,284.73333333333335,113.93333333333334,1.4
1376742984,1,2399.999729,415.9999530266666,17.333333333333332,524288.0,167070.93333333332,0.13333333333333333,274.06666666666666,106.46666666666667,1.2
1376743284,1,2399.999729,388.79995609799994,16.2,524288.0,196081.06666666668,0.26666666666666666,267.8,101.33333333333333,1.2666666666666666
1376743584,1,2399.999729,377.59995736266666,15.733333333333333,524288.0,170916.8,3.666666666666667,271.3333333333333,101.26666666666667,1.3333333333333333
1376743885,1,2399.999729,403.199954472,16.8,524288.0,166721.6,0.6,279.1333333333333,105.06666666666666,1.4
1376744185,1,2399.999729,401.5999546526667,16.733333333333334,524288.0,158332.0,0.2,267.53333333333336,100.86666666666666,1.2666666666666666
1376744485,1,2399.999729,423.99995212333334,17.666666666666668,524288.0,127924.0,0.2,292.20000000000005,118.66666666666667,1.4
1376744785,1,2399.999729,435.1999508586667,18.133333333333333,524288.0,195032.8,8.4,299.66666666666663,124.53333333333333,1.7333333333333334
1376745085,1,2399.999729,387.19995627866666,16.133333333333333,524288.0,185595.2,0.06666666666666667,271.4666666666667,103.0,1.6
1376745385,1,2399.999729,388.79995609799994,16.2,524288.0,134215.2,0.06666666666666667,268.20000000000005,100.26666666666667,1.1333333333333333
1376745685,1,2399.999729,811.199908402,33.8,524288.0,130720.26666666666,0.6,386.1333333333333,217.4,3.3333333333333335
1376745985,1,2399.999729,593.5999329726667,24.733333333333334,524288.0,165673.33333333334,0.33333333333333337,318.4,155.2,1.2
1376746285,1,2399.999729,555.1999373086668,23.133333333333336,524288.0,161478.93333333332,0.3333333333333333,309.73333333333335,145.86666666666667,1.4
1376746585,1,2399.999729,582.3999342373334,24.266666666666666,524288.0,138759.46666666667,0.13333333333333333,315.73333333333335,155.8,1.2
1376746885,1,2399.999729,518.3999414640001,21.6,524288.0,134914.4,0.06666666666666667,300.3333333333333,137.46666666666667,1.3333333333333333
1376747185,1,2399.999729,521.5999411026667,21.733333333333334,524288.0,163924.26666666666,3.7333333333333334,306.2,139.2,1.2666666666666666
1376747485,1,2399.999729,550.3999378506667,22.933333333333334,524288.0,162527.2,1.0,315.3333333333333,148.2,1.3333333333333333
1376747785,1,2399.999729,535.9999394766668,22.333333333333336,524288.0,159732.0,0.06666666666666667,305.26666666666665,140.8,1.2666666666666666
1376748085,1,2399.999729,535.9999394766668,22.333333333333336,524288.0,139458.4,0.13333333333333333,308.73333333333335,142.8,1.4666666666666666
1376748385,1,2399.999729,1486.3998321606666,61.93333333333333,524288.0,255151.46666666667,2269.133333333333,639.6666666666666,193.93333333333334,15.8
1376748685,1,2399.999729,1459.199835232,60.8,524288.0,441448.0,973.4000000000001,633.2,192.66666666666666,12.866666666666667
1376748985,1,2399.999729,663.9999250233334,27.666666666666664,524288.0,397408.5333333333,932.2666666666665,520.2666666666667,160.86666666666667,3.0
1376749285,1,2399.999729,564.7999362246668,23.533333333333335,524288.0,393912.5333333333,947.2666666666667,447.33333333333337,128.73333333333332,2.0
1376749585,1,2399.999729,614.399930624,25.6,524288.0,396011.2,1028.9333333333334,442.4,143.66666666666666,1.4
1376749885,1,2399.999729,726.3999179773334,30.266666666666666,524288.0,394612.5333333333,919.6,519.6666666666666,163.26666666666668,1.5333333333333334
1376750185,1,2399.999729,583.9999340566668,24.333333333333336,524288.0,413486.6666666667,899.8,467.79999999999995,123.8,1.3333333333333333
1376750485,1,2399.999729,691.199921952,28.8,524288.0,402652.26666666666,900.0,477.8666666666667,153.8,1.2666666666666666
1376750785,1,2399.999729,596.7999326113332,24.866666666666664,524288.0,396709.06666666665,935.0666666666667,410.93333333333334,126.86666666666666,1.2666666666666666
1376751085,1,2399.999729,1166.399868294,48.6,524288.0,380631.73333333334,625.4,621.6,181.73333333333332,25.4
1376751385,1,2399.999729,550.3999378506667,22.933333333333334,524288.0,378184.5333333333,866.3333333333333,491.20000000000005,136.73333333333332,1.8666666666666667
1376751685,1,2399.999729,638.399927914,26.6,524288.0,374339.2,830.2,483.53333333333336,172.93333333333334,1.6
1376751985,1,2399.999729,809.5999085826667,33.733333333333334,524288.0,383776.8,1019.5333333333333,537.1333333333333,223.8,1.7333333333333334
1376752285,1,2399.999729,915.1998966586667,38.13333333333333,524288.0,386922.4,822.5333333333334,554.2666666666667,199.4,13.2
1376752586,1,2399.999729,819.1999074986667,34.13333333333333,524288.0,404748.8,1027.1999999999998,551.9333333333334,166.13333333333333,1.3333333333333333
1376752886,1,2399.999729,791.9999105700001,33.0,524288.0,409642.6666666667,931.4,511.66666666666663,190.66666666666666,1.6666666666666667
1376753186,1,2399.999729,665.5999248426666,27.733333333333334,524288.0,393913.3333333333,958.0,459.0,151.73333333333332,1.2666666666666666
1376753485,1,2399.999729,702.3999206873334,29.266666666666666,524288.0,394962.4,842.4666666666667,425.93333333333334,137.66666666666666,2.1333333333333333
1376753785,1,2399.999729,515.1999418253333,21.466666666666665,524288.0,344980.26666666666,3.066666666666667,305.8,132.93333333333334,1.2666666666666666
1376754085,1,2399.999729,521.5999411026667,21.733333333333334,524288.0,269832.0,1.3333333333333333,294.4666666666667,122.13333333333334,1.2
1376754385,1,2399.999729,476.79994616133337,19.866666666666667,524288.0,225441.86666666667,12.2,271.4666666666667,99.73333333333333,1.2666666666666666
1376754685,1,2399.999729,502.3999432706667,20.933333333333334,524288.0,225791.46666666667,21.2,274.73333333333335,105.8,1.4
1376754985,1,2399.999729,439.9999503166666,18.333333333333332,524288.0,222296.53333333333,0.3333333333333333,264.93333333333334,103.6,1.3333333333333333
1376755285,1,2399.999729,454.3999486906667,18.933333333333334,524288.0,206567.2,0.8,285.5333333333333,118.86666666666666,1.5333333333333334
1376755585,1,2399.999729,460.79994796799997,19.2,524288.0,242220.0,16.533333333333335,299.53333333333336,122.66666666666667,1.8
1376755885,1,2399.999729,444.7999497746667,18.53333333333333,524288.0,212859.2,1.2666666666666666,272.73333333333335,107.0,1.7333333333333334
1376756185,1,2399.999729,401.5999546526667,16.733333333333334,524288.0,170916.0,0.2,269.1333333333333,103.2,1.4
1376756485,1,2399.999729,423.99995212333334,17.666666666666668,524288.0,182100.26666666666,1.5999999999999999,275.8666666666667,106.53333333333333,1.5333333333333334
1376756785,1,2399.999729,387.19995627866666,16.133333333333333,524288.0,180352.8,0.0,273.1333333333333,102.73333333333333,1.5333333333333334
1376757085,1,2399.999729,380.7999570013334,15.866666666666667,524288.0,162876.53333333333,0.13333333333333333,275.8666666666667,104.13333333333334,1.4
1376757385,1,2399.999729,1049.5998814826664,43.73333333333333,524288.0,179654.4,0.4666666666666667,694.8,558.0,3.6
1376757685,1,2399.999729,1407.9998410133337,58.66666666666667,524288.0,280667.2,1.2666666666666666,792.0666666666666,658.4666666666667,3.533333333333333
1376757985,1,2399.999729,852.7999037046667,35.53333333333333,524288.0,231033.86666666667,15.866666666666667,503.06666666666666,348.93333333333334,2.2666666666666666
1376758285,1,2399.999729,433.5999510393333,18.066666666666666,524288.0,194683.46666666667,20.8,286.73333333333335,108.6,1.5333333333333334
1376758585,1,2399.999729,340.799961518,14.2,524288.0,147498.4,0.5333333333333333,263.06666666666666,102.26666666666667,1.1333333333333333
1376758886,1,2399.999729,379.19995718200005,15.8,524288.0,158332.53333333333,0.7333333333333333,269.6666666666667,108.86666666666666,1.4
1376759186,1,2399.999729,439.9999503166666,18.333333333333332,524288.0,191887.2,17.400000000000002,302.93333333333334,123.2,1.7333333333333334
1376759486,1,2399.999729,395.1999553753334,16.46666666666667,524288.0,175110.4,0.4,271.93333333333334,105.6,1.8
1376759786,1,2399.999729,358.39995953066665,14.933333333333332,524288.0,157284.0,0.2,270.1333333333333,106.2,1.6
1376760086,1,2399.999729,380.7999570013334,15.866666666666667,524288.0,157284.0,9.6,275.6,110.13333333333334,1.7333333333333334
1376760386,1,2399.999729,340.799961518,14.2,524288.0,147847.2,0.06666666666666667,267.5333333333333,99.66666666666667,1.6666666666666667
1376760686,1,2399.999729,399.9999548333334,16.666666666666668,524288.0,143652.8,0.0,278.73333333333335,108.93333333333334,1.6
1376760986,1,2399.999729,353.59996007266665,14.733333333333333,524288.0,139460.0,0.2,272.3333333333333,105.26666666666667,1.4
1376761286,1,2399.999729,367.99995844666665,15.333333333333332,524288.0,147497.6,0.2,278.6,107.73333333333333,1.4666666666666666
1376761586,1,2399.999729,337.59996187933336,14.066666666666668,524288.0,133168.53333333333,2.2,268.6,100.86666666666666,1.4
1376761886,1,2399.999729,363.1999589886667,15.133333333333333,524288.0,149944.26666666666,0.6666666666666666,276.06666666666666,104.93333333333334,1.7333333333333334
1376762186,1,2399.999729,350.39996043400004,14.6,524288.0,137711.46666666667,0.06666666666666667,268.6,104.26666666666667,2.2
1376762486,1,2399.999729,372.79995790466666,15.533333333333333,524288.0,134915.73333333334,0.2,278.5333333333333,115.73333333333333,1.6666666666666667
1376762786,1,2399.999729,377.59995736266666,15.733333333333333,524288.0,171266.4,7.533333333333334,291.8,121.8,1.6
1376763086,1,2399.999729,359.99995935,15.0,524288.0,152041.33333333334,0.13333333333333333,266.53333333333336,104.33333333333333,1.8666666666666667
1376763386,1,2399.999729,337.59996187933336,14.066666666666668,524288.0,149246.4,0.3333333333333333,264.4,102.73333333333333,1.4
1376763686,1,2399.999729,345.599960976,14.4,524288.0,137362.4,0.4666666666666667,262.8666666666667,99.53333333333333,1.6666666666666667
1376763986,1,2399.999729,332.7999624213333,13.866666666666667,524288.0,160081.06666666668,0.2,260.3333333333333,100.26666666666667,1.3333333333333333
1376764286,1,2399.999729,355.19995989200004,14.8,524288.0,133516.8,0.13333333333333333,265.1333333333333,103.2,1.6
1376764586,1,2399.999729,345.599960976,14.4,524288.0,128973.06666666667,0.0,271.0,107.8,1.3333333333333333
1376764886,1,2399.999729,345.599960976,14.4,524288.0,138061.06666666668,0.3333333333333333,274.6,108.13333333333334,1.4666666666666666
1376765186,1,2399.999729,335.99996206000003,14.0,524288.0,147148.0,2.266666666666667,265.06666666666666,100.66666666666667,1.3333333333333333
1376765486,1,2399.999729,518.3999414640001,21.6,524288.0,141906.13333333333,0.8666666666666667,301.4666666666667,132.2,1.4
1376765786,1,2399.999729,435.1999508586667,18.133333333333333,524288.0,145750.93333333332,0.13333333333333333,276.3333333333333,116.06666666666666,2.1333333333333333
1376766086,1,2399.999729,377.59995736266666,15.733333333333333,524288.0,144352.0,0.26666666666666666,274.4666666666667,106.4,1.7333333333333334
1376766386,1,2399.999729,444.7999497746667,18.53333333333333,524288.0,167071.2,7.466666666666667,314.4666666666667,139.73333333333332,1.6666666666666667
1376766686,1,2399.999729,366.3999586273334,15.266666666666667,524288.0,150992.8,0.06666666666666667,275.06666666666666,105.6,1.8
1376766986,1,2399.999729,375.9999575433334,15.666666666666668,524288.0,140507.2,0.0,274.66666666666663,102.66666666666667,1.4
1376767286,1,2399.999729,374.399957724,15.6,524288.0,124779.2,0.5333333333333333,273.20000000000005,102.13333333333334,1.4666666666666666
1376767586,1,2399.999729,351.9999602533334,14.666666666666668,524288.0,131070.4,0.06666666666666667,257.4,97.46666666666667,1.3333333333333333
1376767886,1,2399.999729,372.79995790466666,15.533333333333333,524288.0,117438.4,0.2,265.79999999999995,103.46666666666667,1.4
1376768187,1,2399.999729,361.5999591693334,15.066666666666668,524288.0,119536.8,0.06666666666666667,265.33333333333337,99.93333333333334,1.2666666666666666
1376768487,1,2399.999729,358.39995953066665,14.933333333333332,524288.0,115691.73333333334,0.2,267.5333333333333,101.93333333333334,1.3333333333333333
1376768787,1,2399.999729,363.1999589886667,15.133333333333333,524288.0,120234.66666666667,2.0,268.6,104.93333333333334,1.4
1376769087,1,2399.999729,388.79995609799994,16.2,524288.0,137361.33333333334,0.6,278.66666666666663,109.4,1.4666666666666666
1376769387,1,2399.999729,364.799958808,15.2,524288.0,127924.0,0.06666666666666667,267.4666666666667,105.46666666666667,1.3333333333333333
1376769687,1,2399.999729,375.9999575433334,15.666666666666668,524288.0,127225.6,407.6666666666667,289.2,107.06666666666666,1.6
1376769987,1,2399.999729,435.1999508586667,18.133333333333333,524288.0,304435.73333333334,535.6,331.6,129.93333333333334,1.7333333333333334
1376770287,1,2399.999729,387.19995627866666,16.133333333333333,524288.0,204469.6,2.1333333333333333,269.06666666666666,102.93333333333334,1.6666666666666667
1376770587,1,2399.999729,361.5999591693334,15.066666666666668,524288.0,158333.06666666668,1.0,271.4,102.86666666666666,1.2666666666666666
1376770887,1,2399.999729,407.99995393000006,17.0,524288.0,146449.86666666667,27.866666666666667,279.0,111.2,1.4666666666666666
1376771187,1,2399.999729,401.5999546526667,16.733333333333334,524288.0,164974.4,0.4666666666666667,281.1333333333333,116.06666666666666,1.2666666666666666
1376771487,1,2399.999729,412.799953388,17.2,524288.0,147496.8,0.2,277.93333333333334,113.66666666666667,1.3333333333333333
1376771787,1,2399.999729,409.59995374933334,17.066666666666666,524288.0,151342.66666666666,0.13333333333333333,275.8,109.6,1.3333333333333333
1376772087,1,2399.999729,403.199954472,16.8,524288.0,145400.8,0.13333333333333333,281.26666666666665,112.8,1.4666666666666666
1376772387,1,2399.999729,396.7999551946666,16.53333333333333,524288.0,128624.0,3.3333333333333335,277.26666666666665,110.26666666666667,1.2666666666666666
1376772687,1,2399.999729,409.59995374933334,17.066666666666666,524288.0,132119.2,9.533333333333333,282.5333333333333,114.26666666666667,1.5333333333333334
1376772987,1,2399.999729,388.79995609799994,16.2,524288.0,142604.8,0.13333333333333333,281.06666666666666,116.4,1.2666666666666666
1376773287,1,2399.999729,391.99995573666666,16.333333333333332,524288.0,137361.6,0.4666666666666667,279.2,113.26666666666667,1.5333333333333334
1376773587,1,2399.999729,388.79995609799994,16.2,524288.0,204470.4,8.333333333333332,298.4666666666667,122.33333333333333,1.5333333333333334
1376773887,1,2399.999729,406.39995411066667,16.933333333333334,524288.0,171964.8,0.8666666666666667,279.8666666666667,110.13333333333334,1.8
1376774187,1,2399.999729,371.1999580853333,15.466666666666667,524288.0,138410.4,0.13333333333333333,275.53333333333336,106.33333333333333,1.4
1376774487,1,2399.999729,422.399952304,17.6,524288.0,131070.4,0.5333333333333333,278.0,110.0,1.8666666666666667
1376774787,1,2399.999729,548.7999380313333,22.866666666666664,524288.0,155537.06666666668,0.06666666666666667,275.6,109.6,1.2666666666666666
1376775087,1,2399.999729,391.99995573666666,16.333333333333332,524288.0,162528.53333333333,0.13333333333333333,277.06666666666666,109.66666666666667,1.4666666666666666
1376775387,1,2399.999729,391.99995573666666,16.333333333333332,524288.0,148895.46666666667,0.26666666666666666,282.8,113.6,1.3333333333333333
1376775687,1,2399.999729,387.19995627866666,16.133333333333333,524288.0,153438.93333333332,0.26666666666666666,278.0,107.86666666666666,1.4
1376775988,1,2399.999729,414.3999532073333,17.266666666666666,524288.0,141206.4,2.066666666666667,268.06666666666666,108.26666666666667,1.4
1376776288,1,2399.999729,419.1999526653334,17.46666666666667,524288.0,165672.53333333333,0.7333333333333334,272.4,113.0,1.6
1376776588,1,2399.999729,403.199954472,16.8,524288.0,163575.73333333334,0.2,266.5333333333333,107.8,1.4
1376776891,1,2399.999729,387.19995627866666,16.133333333333333,524288.0,139458.66666666666,3.7333333333333334,278.73333333333335,118.8,1.5333333333333334
1376777191,1,2399.999729,396.7999551946666,16.53333333333333,524288.0,166371.2,6.733333333333333,323.4,121.8,1.8
1376777491,1,2399.999729,393.599955556,16.4,524288.0,145751.2,0.2,284.4,103.53333333333333,1.7333333333333334
1376777791,1,2399.999729,351.9999602533334,14.666666666666668,524288.0,123380.0,0.06666666666666667,282.1333333333333,101.86666666666666,1.4
1376778091,1,2399.999729,393.599955556,16.4,524288.0,120584.8,0.26666666666666666,288.8666666666667,107.46666666666667,1.3333333333333333
1376778391,1,2399.999729,340.799961518,14.2,524288.0,121284.0,0.0,277.1333333333333,98.86666666666666,1.2
1376778691,1,2399.999729,388.79995609799994,16.2,524288.0,124080.0,0.0,286.1333333333333,104.73333333333333,1.3333333333333333
1376778991,1,2399.999729,454.3999486906667,18.933333333333334,524288.0,146798.4,0.06666666666666667,315.2,137.2,1.3333333333333333
1376779291,1,2399.999729,361.5999591693334,15.066666666666668,524288.0,145750.4,0.13333333333333333,286.73333333333335,102.86666666666666,1.4666666666666666
1376779591,1,2399.999729,364.799958808,15.2,524288.0,130021.6,1.9333333333333333,281.2,99.0,1.3333333333333333
1376779891,1,2399.999729,361.5999591693334,15.066666666666668,524288.0,137361.6,0.7333333333333334,283.06666666666666,102.26666666666667,1.5333333333333334
1376780191,1,2399.999729,345.599960976,14.4,524288.0,134216.8,0.0,259.1333333333333,99.0,1.2
1376780491,1,2399.999729,388.79995609799994,16.2,524288.0,127924.26666666666,211.0,304.4666666666667,107.26666666666667,1.4
1376780791,1,2399.999729,591.9999331533334,24.666666666666664,524288.0,303385.6,1177.4,534.0,147.4,1.5333333333333334
1376781091,1,2399.999729,499.19994363200004,20.8,524288.0,375038.93333333335,1400.8,525.0666666666667,109.06666666666666,1.7333333333333334
1376781391,1,2399.999729,1679.9998103,70.0,524288.0,381330.93333333335,1914.8,376.06666666666666,105.13333333333334,1.4666666666666666
1376781691,1,2399.999729,2425.5997261093335,101.06666666666666,524288.0,363505.06666666665,1965.6666666666665,337.6,104.86666666666666,1.3333333333333333
1376781991,1,2399.999729,2483.199719605333,103.46666666666665,524288.0,303735.73333333334,2169.133333333333,328.4,101.33333333333333,1.4
1376782291,1,2399.999729,2388.7997302646672,99.53333333333335,524288.0,378184.26666666666,2088.8,332.06666666666666,105.46666666666667,1.3333333333333333
1376782591,1,2399.999729,2473.5997206893335,103.06666666666666,524288.0,365951.4666666667,1514.3333333333335,320.3333333333333,103.93333333333334,1.1333333333333333
1376782891,1,2399.999729,2513.599716172667,104.73333333333333,524288.0,353367.73333333334,1185.2666666666667,291.26666666666665,103.4,1.2666666666666666
1376783191,1,2399.999729,2523.199715088667,105.13333333333334,524288.0,386224.26666666666,1205.7333333333333,289.5333333333333,102.2,1.2
1376783491,1,2399.999729,2462.399721954,102.6,524288.0,382378.93333333335,1228.1333333333334,298.1333333333333,103.66666666666667,1.3333333333333333
1376783791,1,2399.999729,2548.799712198,106.2,524288.0,387971.2,1194.1333333333332,286.53333333333336,102.4,1.2
1376784091,1,2399.999729,2494.399718340667,103.93333333333334,524288.0,378882.93333333335,1162.4,309.6666666666667,120.53333333333333,1.3333333333333333
1376784392,1,2399.999729,2348.7997347813334,97.86666666666666,524288.0,349523.2,1926.6666666666667,399.59999999999997,117.8,1.6
1376784692,1,2399.999729,2372.7997320713334,98.86666666666666,524288.0,332745.6,2054.266666666667,340.3333333333333,103.0,1.5333333333333334
1376784992,1,2399.999729,2363.199733155333,98.46666666666665,524288.0,289054.93333333335,1972.6666666666667,326.46666666666664,105.26666666666667,1.2666666666666666
1376785292,1,2399.999729,2363.199733155333,98.46666666666665,524288.0,372941.06666666665,2748.5333333333333,418.26666666666665,100.26666666666667,1.4
1376785592,1,2399.999729,2398.399729180667,99.93333333333334,524288.0,430963.2,2709.666666666667,415.8666666666667,98.66666666666667,1.2
1376785892,1,2399.999729,2223.9997488733334,92.66666666666666,524288.0,415234.4,2384.3333333333335,400.46666666666664,103.4,1.2
1376786191,1,2399.999729,2204.7997510413334,91.86666666666666,524288.0,426768.8,2458.8,399.40000000000003,98.06666666666666,1.2
1376786491,1,2399.999729,1187.1998659453334,49.46666666666667,524288.0,385873.6,695.4666666666667,295.53333333333336,102.2,1.3333333333333333
1376786791,1,2399.999729,279.99996838333334,11.666666666666668,524288.0,220199.2,15.200000000000001,267.66666666666663,95.0,1.1333333333333333
1376787091,1,2399.999729,302.399965854,12.6,524288.0,154139.2,22.133333333333336,278.8666666666667,101.26666666666667,1.2
1376787391,1,2399.999729,292.799966938,12.2,524288.0,129322.13333333333,0.06666666666666667,269.73333333333335,100.06666666666666,1.0666666666666667
1376787691,1,2399.999729,305.5999654926667,12.733333333333333,524288.0,127923.73333333334,0.13333333333333333,276.73333333333335,102.06666666666666,1.3333333333333333
1376787991,1,2399.999729,342.39996133733337,14.266666666666667,524288.0,156585.06666666668,9.466666666666667,308.4666666666667,128.33333333333334,1.4666666666666666
1376788291,1,2399.999729,319.99996386666663,13.333333333333332,524288.0,131768.53333333333,0.13333333333333333,276.8666666666667,102.46666666666667,1.6666666666666667
1376788591,1,2399.999729,297.599966396,12.4,524288.0,114292.53333333334,0.06666666666666667,275.93333333333334,100.46666666666667,1.1333333333333333
1376788891,1,2399.999729,316.79996422799996,13.2,524288.0,120234.93333333333,0.13333333333333333,284.4666666666667,103.33333333333333,1.4
1376789191,1,2399.999729,295.9999665766667,12.333333333333332,524288.0,139808.26666666666,0.0,267.33333333333337,95.0,1.1333333333333333
1376789491,1,2399.999729,308.79996513133335,12.866666666666667,524288.0,113244.53333333334,0.26666666666666666,276.66666666666663,102.2,1.2
1376789791,1,2399.999729,305.5999654926667,12.733333333333333,524288.0,123381.06666666667,0.4666666666666667,278.2,101.13333333333334,1.2666666666666666
1376790092,1,2399.999729,308.79996513133335,12.866666666666667,524288.0,139109.06666666668,0.0,279.8,104.73333333333333,1.2
1376790392,1,2399.999729,300.7999660346667,12.533333333333333,524288.0,128624.0,3.6666666666666665,278.3333333333333,102.53333333333333,1.2
1376790692,1,2399.999729,307.199965312,12.8,524288.0,137012.0,0.6000000000000001,284.46666666666664,103.4,1.4
1376790992,1,2399.999729,310.39996495066663,12.933333333333332,524288.0,137711.2,0.26666666666666666,280.1333333333333,107.2,1.4
1376791292,1,2399.999729,310.39996495066663,12.933333333333332,524288.0,122681.6,0.06666666666666667,272.93333333333334,105.93333333333334,1.4
1376791592,1,2399.999729,540.7999389346667,22.533333333333335,524288.0,254452.8,531.0666666666666,379.93333333333334,158.4,2.4
1376791892,1,2399.999729,369.59995826600004,15.4,524288.0,232432.26666666666,2.0,304.46666666666664,117.0,1.8
1376792192,1,2399.999729,436.799950678,18.2,524288.0,339038.13333333336,872.9333333333334,461.66666666666663,132.2,1.4666666666666666
1376792492,1,2399.999729,340.799961518,14.2,524288.0,305133.6,36.13333333333333,302.5333333333333,121.66666666666667,1.3333333333333333
1376792792,1,2399.999729,598.3999324306667,24.933333333333334,524288.0,287308.0,97.2,320.73333333333335,105.53333333333333,1.3333333333333333
1376793092,1,2399.999729,319.99996386666663,13.333333333333332,524288.0,234878.4,0.4,269.8,102.6,1.1333333333333333
1376793392,1,2399.999729,363.1999589886667,15.133333333333333,524288.0,190839.2,0.26666666666666666,273.06666666666666,102.86666666666666,1.0666666666666667
1376793692,1,2399.999729,353.59996007266665,14.733333333333333,524288.0,165672.8,0.4666666666666667,268.6666666666667,99.46666666666667,1.1333333333333333
1376793992,1,2399.999729,361.5999591693334,15.066666666666668,524288.0,144701.6,2.4000000000000004,268.6,99.4,1.0666666666666667
1376794292,1,2399.999729,377.59995736266666,15.733333333333333,524288.0,154488.26666666666,16.933333333333334,278.93333333333334,104.73333333333333,1.2666666666666666
1376794592,1,2399.999729,356.7999597113334,14.866666666666667,524288.0,146100.0,0.06666666666666667,266.06666666666666,98.53333333333333,1.0
1376794892,1,2399.999729,355.19995989200004,14.8,524288.0,144702.13333333333,8.266666666666666,279.0,102.53333333333333,1.2
1376795192,1,2399.999729,361.5999591693334,15.066666666666668,524288.0,182450.93333333332,6.333333333333334,297.6,116.0,1.4
1376795492,1,2399.999729,371.1999580853333,15.466666666666667,524288.0,155536.53333333333,0.06666666666666667,271.8,100.73333333333333,1.6
1376795792,1,2399.999729,356.7999597113334,14.866666666666667,524288.0,138411.2,0.4,276.4,102.8,1.0666666666666667
1376796092,1,2399.999729,374.399957724,15.6,524288.0,155188.0,0.6666666666666666,277.4666666666667,102.2,1.2666666666666666
1376796392,1,2399.999729,355.19995989200004,14.8,524288.0,155187.2,0.06666666666666667,266.06666666666666,97.2,1.0666666666666667
1376796692,1,2399.999729,377.59995736266666,15.733333333333333,524288.0,120584.53333333334,0.06666666666666667,271.26666666666665,101.46666666666667,1.2
1376796992,1,2399.999729,382.3999568206666,15.933333333333332,524288.0,121633.6,0.0,272.26666666666665,99.73333333333333,1.2
1376797292,1,2399.999729,503.99994309,21.0,524288.0,108351.2,0.06666666666666667,267.06666666666666,96.93333333333334,1.1333333333333333
1376797592,1,2399.999729,348.7999606146667,14.533333333333333,524288.0,132469.33333333334,2.8,268.6666666666667,98.73333333333333,1.0666666666666667
1376797893,1,2399.999729,353.59996007266665,14.733333333333333,524288.0,140856.8,0.6,283.26666666666665,107.0,1.1333333333333333
1376798193,1,2399.999729,327.99996296333336,13.666666666666668,524288.0,135963.73333333334,0.0,268.1333333333333,97.06666666666666,0.8666666666666667
1376798493,1,2399.999729,391.99995573666666,16.333333333333332,524288.0,131768.53333333333,7.2666666666666675,298.06666666666666,121.46666666666667,1.6
1376798793,1,2399.999729,414.3999532073333,17.266666666666666,524288.0,161130.13333333333,0.3333333333333333,301.93333333333334,123.33333333333333,1.3333333333333333
1376799093,1,2399.999729,473.5999465226667,19.733333333333334,524288.0,149244.8,0.26666666666666666,317.0,137.33333333333334,1.2
1376799393,1,2399.999729,382.3999568206666,15.933333333333332,524288.0,141556.26666666666,0.0,281.4,104.46666666666667,1.1333333333333333
1376799693,1,2399.999729,353.59996007266665,14.733333333333333,524288.0,135963.73333333334,0.4,277.6,100.66666666666667,1.1333333333333333
1376799993,1,2399.999729,324.7999633246667,13.533333333333333,524288.0,134915.73333333334,0.13333333333333333,264.2,98.26666666666667,1.0
1376800293,1,2399.999729,356.7999597113334,14.866666666666667,524288.0,124429.6,0.2,269.2,103.4,1.1333333333333333
1376800593,1,2399.999729,343.9999611566667,14.333333333333332,524288.0,135963.2,0.2,270.2,99.73333333333333,1.0666666666666667
1376800893,1,2399.999729,361.5999591693334,15.066666666666668,524288.0,122681.6,0.0,266.0,98.33333333333333,1.0666666666666667
1376801193,1,2399.999729,340.799961518,14.2,524288.0,135264.8,4.266666666666667,270.46666666666664,98.86666666666666,1.1333333333333333
1376801493,1,2399.999729,363.1999589886667,15.133333333333333,524288.0,139458.4,0.5333333333333333,272.1333333333333,100.53333333333333,1.0666666666666667
1376801793,1,2399.999729,350.39996043400004,14.6,524288.0,134216.0,0.2,267.93333333333334,99.2,0.9333333333333333
1376802093,1,2399.999729,366.3999586273334,15.266666666666667,524288.0,121632.8,8.8,294.6666666666667,120.73333333333333,1.5333333333333334
1376802393,1,2399.999729,371.1999580853333,15.466666666666667,524288.0,159380.8,8.399999999999999,269.93333333333334,97.73333333333333,1.2666666666666666
1376802693,1,2399.999729,383.99995664,16.0,524288.0,152041.6,0.13333333333333333,274.26666666666665,106.53333333333333,1.2666666666666666
1376802993,1,2399.999729,369.59995826600004,15.4,524288.0,131419.73333333334,0.06666666666666667,277.0,106.13333333333334,1.2
1376803293,1,2399.999729,347.1999607953333,14.466666666666667,524288.0,134565.33333333334,10.733333333333333,273.0,99.46666666666667,1.2666666666666666
1376803593,1,2399.999729,353.59996007266665,14.733333333333333,524288.0,140857.6,0.13333333333333333,264.1333333333333,97.0,1.0
1376803893,1,2399.999729,367.99995844666665,15.333333333333332,524288.0,133865.6,0.2,273.93333333333334,102.46666666666667,1.0666666666666667
1376804193,1,2399.999729,345.599960976,14.4,524288.0,118137.86666666667,0.06666666666666667,269.5333333333333,99.86666666666666,1.0666666666666667
1376804493,1,2399.999729,379.19995718200005,15.8,524288.0,118486.4,0.33333333333333337,273.6,101.93333333333334,1.1333333333333333
1376804793,1,2399.999729,356.7999597113334,14.866666666666667,524288.0,127575.46666666666,1.9333333333333333,269.3333333333333,97.13333333333334,1.3333333333333333
1376805093,1,2399.999729,361.5999591693334,15.066666666666668,524288.0,149595.73333333334,0.7999999999999999,276.06666666666666,100.6,1.2
1376805393,1,2399.999729,345.599960976,14.4,524288.0,145400.8,0.2,263.8,97.93333333333334,1.0666666666666667
1376805693,1,2399.999729,379.19995718200005,15.8,524288.0,146100.26666666666,8.266666666666666,305.93333333333334,128.4,1.6
1376805993,1,2399.999729,359.99995935,15.0,524288.0,148197.06666666668,2.066666666666667,274.8666666666667,97.73333333333333,1.3333333333333333
1376806293,1,2399.999729,363.1999589886667,15.133333333333333,524288.0,166023.46666666667,0.0,277.1333333333333,102.26666666666667,1.2666666666666666
1376806593,1,2399.999729,348.7999606146667,14.533333333333333,524288.0,135265.06666666668,0.13333333333333333,276.1333333333333,99.2,1.1333333333333333
1376806893,1,2399.999729,351.9999602533334,14.666666666666668,524288.0,138410.66666666666,0.3333333333333333,279.26666666666665,107.53333333333333,1.2
1376807193,1,2399.999729,331.199962602,13.8,524288.0,131770.13333333333,0.26666666666666666,262.46666666666664,96.06666666666666,1.0666666666666667
1376807493,1,2399.999729,342.39996133733337,14.266666666666667,524288.0,112195.73333333334,0.13333333333333333,261.4666666666667,100.53333333333333,1.1333333333333333
1376807793,1,2399.999729,371.1999580853333,15.466666666666667,524288.0,127924.53333333334,0.26666666666666666,276.2,104.86666666666666,1.1333333333333333
1376808093,1,2399.999729,345.599960976,14.4,524288.0,143653.33333333334,0.13333333333333333,269.06666666666666,100.06666666666666,1.1333333333333333
1376808393,1,2399.999729,348.7999606146667,14.533333333333333,524288.0,134216.8,3.0,266.3333333333333,98.73333333333333,1.2
1376808693,1,2399.999729,377.59995736266666,15.733333333333333,524288.0,143652.8,0.6,278.0,109.06666666666666,1.1333333333333333
1376808993,1,2399.999729,993.5998878060001,41.4,524288.0,163226.66666666666,0.33333333333333337,540.0666666666666,405.1333333333333,3.8
1376809293,1,2399.999729,1412.7998404713333,58.86666666666667,524288.0,241170.93333333332,10.933333333333334,757.0666666666666,615.0666666666667,3.3333333333333335
1376809593,1,2399.999729,926.399895394,38.6,524288.0,260394.66666666666,9.666666666666668,529.6,372.2,2.2666666666666666
1376809894,1,2399.999729,526.3999405606668,21.933333333333334,524288.0,226840.53333333333,1.5333333333333332,319.06666666666666,153.6,1.4666666666666666
1376810194,1,2399.999729,356.7999597113334,14.866666666666667,524288.0,168470.4,0.4,265.06666666666666,99.73333333333333,1.1333333333333333
1376810494,1,2399.999729,366.3999586273334,15.266666666666667,524288.0,142255.2,11.533333333333333,266.0,99.86666666666666,1.2666666666666666
1376810794,1,2399.999729,334.39996224066664,13.933333333333332,524288.0,149245.06666666668,0.06666666666666667,263.8,97.06666666666666,1.1333333333333333
1376811094,1,2399.999729,366.3999586273334,15.266666666666667,524288.0,128624.8,0.26666666666666666,271.73333333333335,103.26666666666667,1.2666666666666666
1376811394,1,2399.999729,332.7999624213333,13.866666666666667,524288.0,129672.53333333334,0.26666666666666666,269.33333333333337,100.6,1.2
1376811694,1,2399.999729,343.9999611566667,14.333333333333332,524288.0,142604.8,0.06666666666666667,263.8666666666667,99.46666666666667,1.2
1376811994,1,2399.999729,363.1999589886667,15.133333333333333,524288.0,117438.4,4.0,266.33333333333337,98.33333333333333,1.2666666666666666
1376812294,1,2399.999729,359.99995935,15.0,524288.0,121983.2,0.2,273.6,105.93333333333334,1.2666666666666666
1376812594,1,2399.999729,377.59995736266666,15.733333333333333,524288.0,137361.6,19.066666666666666,288.1333333333333,97.66666666666667,1.0666666666666667
1376812894,1,2399.999729,385.5999564593333,16.066666666666666,524288.0,211461.33333333334,528.0666666666667,326.4666666666667,121.6,1.9333333333333333
1376813194,1,2399.999729,399.9999548333334,16.666666666666668,524288.0,244316.8,220.4,293.4666666666667,101.33333333333333,1.6
1376813494,1,2399.999729,363.1999589886667,15.133333333333333,524288.0,163575.73333333334,0.8,273.06666666666666,103.33333333333333,1.7333333333333334
1376813794,1,2399.999729,351.9999602533334,14.666666666666668,524288.0,125827.73333333334,0.4666666666666667,265.8,100.26666666666667,1.2
1376814094,1,2399.999729,355.19995989200004,14.8,524288.0,128972.8,28.466666666666665,271.33333333333337,99.93333333333334,1.2
1376814394,1,2399.999729,334.39996224066664,13.933333333333332,524288.0,149245.33333333334,0.3333333333333333,265.20000000000005,97.86666666666666,1.1333333333333333
1376814694,1,2399.999729,363.1999589886667,15.133333333333333,524288.0,147147.73333333334,0.06666666666666667,275.6666666666667,108.66666666666667,1.4
1376814994,1,2399.999729,351.9999602533334,14.666666666666668,524288.0,135614.13333333333,0.4,273.06666666666666,101.33333333333333,1.2
1376815294,1,2399.999729,390.39995591733333,16.266666666666666,524288.0,137012.0,0.06666666666666667,268.26666666666665,101.53333333333333,1.2666666666666666
1376815594,1,2399.999729,371.1999580853333,15.466666666666667,524288.0,132468.0,2.2,270.26666666666665,104.53333333333333,1.2666666666666666
1376815894,1,2399.999729,372.79995790466666,15.533333333333333,524288.0,137012.8,0.2,274.4,103.26666666666667,1.3333333333333333
1376816194,1,2399.999729,374.399957724,15.6,524288.0,116390.66666666667,0.13333333333333333,271.40000000000003,99.93333333333334,1.2666666666666666
1376816494,1,2399.999729,380.7999570013334,15.866666666666667,524288.0,116740.0,6.066666666666666,308.5333333333333,128.8,1.6
1376816794,1,2399.999729,374.399957724,15.6,524288.0,150293.86666666667,1.2,277.2,101.33333333333333,1.4666666666666666
1376817094,1,2399.999729,390.39995591733333,16.266666666666666,524288.0,134566.4,0.0,274.5333333333333,109.53333333333333,1.4666666666666666
1376817394,1,2399.999729,356.7999597113334,14.866666666666667,524288.0,134566.4,0.2,266.53333333333336,99.26666666666667,1.2
1376817694,1,2399.999729,351.9999602533334,14.666666666666668,524288.0,133168.0,0.6666666666666666,270.2,101.06666666666666,1.2666666666666666
1376817994,1,2399.999729,364.799958808,15.2,524288.0,131769.6,0.2,265.4666666666667,99.26666666666667,1.2
1376818294,1,2399.999729,358.39995953066665,14.933333333333332,524288.0,129322.13333333333,0.06666666666666667,267.33333333333337,103.06666666666666,1.3333333333333333
1376818594,1,2399.999729,350.39996043400004,14.6,524288.0,140508.0,0.0,269.8,101.46666666666667,1.4
1376818894,1,2399.999729,353.59996007266665,14.733333333333333,524288.0,148895.2,0.0,268.4,100.06666666666666,1.3333333333333333
1376819194,1,2399.999729,364.799958808,15.2,524288.0,132118.4,2.3333333333333335,270.5333333333333,99.86666666666666,1.4
1376819494,1,2399.999729,379.19995718200005,15.8,524288.0,119886.13333333333,0.6,270.8,101.73333333333333,1.3333333333333333
1376819794,1,2399.999729,359.99995935,15.0,524288.0,137362.4,0.13333333333333333,274.4,105.06666666666666,1.3333333333333333
1376820094,1,2399.999729,374.399957724,15.6,524288.0,139460.0,6.4,297.3333333333333,122.06666666666666,1.7333333333333334
1376820394,1,2399.999729,356.7999597113334,14.866666666666667,524288.0,170916.26666666666,1.5333333333333332,284.73333333333335,101.33333333333333,1.4
1376820694,1,2399.999729,380.7999570013334,15.866666666666667,524288.0,168818.93333333332,0.06666666666666667,282.79999999999995,108.53333333333333,1.6666666666666667
1376820994,1,2399.999729,351.9999602533334,14.666666666666668,524288.0,147846.4,0.0,277.6666666666667,101.53333333333333,1.1333333333333333
1376821294,1,2399.999729,371.1999580853333,15.466666666666667,524288.0,129322.66666666667,0.2,277.8,100.6,1.2666666666666666
1376821594,1,2399.999729,343.9999611566667,14.333333333333332,524288.0,151342.93333333332,0.2,266.4666666666667,98.33333333333333,1.2666666666666666
1376821894,1,2399.999729,364.799958808,15.2,524288.0,132817.86666666667,0.13333333333333333,266.53333333333336,101.73333333333333,1.2666666666666666
1376822194,1,2399.999729,369.59995826600004,15.4,524288.0,135963.2,0.26666666666666666,277.0,108.8,1.2
1376822494,1,2399.999729,383.99995664,16.0,524288.0,150992.26666666666,0.2,288.4,105.73333333333333,1.3333333333333333
1376822794,1,2399.999729,358.39995953066665,14.933333333333332,524288.0,144352.0,3.0,268.0,98.66666666666667,1.2666666666666666
1376823094,1,2399.999729,358.39995953066665,14.933333333333332,524288.0,144352.53333333333,0.26666666666666666,271.0,102.26666666666667,1.4
1376823394,1,2399.999729,367.99995844666665,15.333333333333332,524288.0,154138.66666666666,0.06666666666666667,271.6,107.13333333333334,1.2666666666666666
1376823694,1,2399.999729,372.79995790466666,15.533333333333333,524288.0,136661.86666666667,29.333333333333332,301.73333333333335,123.33333333333333,2.8
1376823995,1,2399.999729,1159.9998690166667,48.33333333333333,524288.0,257948.26666666666,809.6666666666667,562.4666666666667,116.13333333333334,15.533333333333333
1376824295,1,2399.999729,534.3999396573333,22.266666666666666,524288.0,348125.6,849.7333333333333,470.6,119.93333333333334,2.7333333333333334
1376824595,1,2399.999729,492.7999443546667,20.533333333333335,524288.0,351271.2,916.1999999999999,446.8666666666667,117.46666666666667,2.066666666666667
1376824895,1,2399.999729,475.19994634200003,19.8,524288.0,382728.0,1024.2666666666667,412.1333333333333,105.53333333333333,1.6666666666666667
1376825195,1,2399.999729,807.9999087633333,33.666666666666664,524288.0,365252.26666666666,780.1333333333333,541.5333333333333,108.66666666666667,20.2
1376825495,1,2399.999729,479.9999458,20.0,524288.0,385524.8,799.4,448.33333333333337,116.4,2.1333333333333333
1376825795,1,2399.999729,478.39994598066664,19.933333333333334,524288.0,392864.26666666666,730.4666666666667,405.33333333333337,113.46666666666667,1.6666666666666667
1376826095,1,2399.999729,452.7999488713334,18.866666666666667,524288.0,385175.2,801.3333333333334,404.06666666666666,101.46666666666667,1.9333333333333333
1376826395,1,2399.999729,598.3999324306667,24.933333333333334,524288.0,438653.06666666665,880.0666666666666,391.8666666666667,110.2,1.5333333333333334
1376826695,1,2399.999729,455.99994851,19.0,524288.0,405797.06666666665,149.46666666666667,314.6,106.26666666666667,3.8
1376826995,1,2399.999729,374.399957724,15.6,524288.0,296395.2,0.8666666666666667,273.4,102.2,1.4
1376827295,1,2399.999729,411.1999535686667,17.133333333333333,524288.0,233130.93333333332,9.333333333333334,302.66666666666663,124.66666666666667,1.8
1376827595,1,2399.999729,390.39995591733333,16.266666666666666,524288.0,256200.8,9.133333333333333,283.06666666666666,104.06666666666666,1.6666666666666667
1376827895,1,2399.999729,401.5999546526667,16.733333333333334,524288.0,234179.2,1.6,279.1333333333333,104.73333333333333,1.4666666666666666
1376828195,1,2399.999729,380.7999570013334,15.866666666666667,524288.0,234879.2,0.3333333333333333,276.4,103.4,1.4
1376828495,1,2399.999729,411.1999535686667,17.133333333333333,524288.0,213906.66666666666,22.666666666666664,281.46666666666664,104.86666666666666,1.2
1376828795,1,2399.999729,390.39995591733333,16.266666666666666,524288.0,214257.6,0.3333333333333333,277.33333333333337,103.4,1.2
1376829095,1,2399.999729,415.9999530266666,17.333333333333332,524288.0,215655.73333333334,0.2,287.8666666666667,112.0,1.3333333333333333
1376829395,1,2399.999729,377.59995736266666,15.733333333333333,524288.0,207616.0,0.2,282.8,106.66666666666667,1.2666666666666666
1376829695,1,2399.999729,398.39995501400006,16.6,524288.0,167770.4,0.2,279.4,102.53333333333333,1.2666666666666666
1376829995,1,2399.999729,355.19995989200004,14.8,524288.0,155186.4,4.266666666666667,275.8666666666667,101.8,1.2666666666666666
1376830295,1,2399.999729,398.39995501400006,16.6,524288.0,178255.2,1.3333333333333333,281.3333333333333,109.13333333333334,1.2666666666666666
1376830595,1,2399.999729,366.3999586273334,15.266666666666667,524288.0,163575.2,0.5333333333333333,266.26666666666665,100.33333333333333,1.2
1376830895,1,2399.999729,404.79995429133334,16.866666666666667,524288.0,142255.2,9.0,299.06666666666666,129.2,1.6666666666666667
1376831195,1,2399.999729,395.1999553753334,16.46666666666667,524288.0,174761.33333333334,1.7333333333333334,292.5333333333333,113.66666666666667,1.4
1376831495,1,2399.999729,385.5999564593333,16.066666666666666,524288.0,153789.06666666668,0.2,277.1333333333333,103.13333333333334,1.5333333333333334
1376831796,1,2399.999729,359.99995935,15.0,524288.0,140508.8,0.13333333333333333,273.2,101.13333333333334,1.2666666666666666
1376832096,1,2399.999729,774.3999125573333,32.266666666666666,524288.0,146798.93333333332,0.8,399.73333333333335,229.6,3.1333333333333333
1376832396,1,2399.999729,646.3999270106667,26.933333333333334,524288.0,157983.73333333334,0.2,345.6666666666667,179.53333333333333,1.2666666666666666
1376832696,1,2399.999729,804.7999091246666,33.53333333333333,524288.0,162177.86666666667,0.26666666666666666,390.40000000000003,229.6,1.3333333333333333
1376832996,1,2399.999729,787.199911112,32.8,524288.0,167419.73333333334,0.2,364.0,196.46666666666667,1.2666666666666666
1376833296,1,2399.999729,683.1999228553333,28.466666666666665,524288.0,169168.26666666666,0.3333333333333333,354.4,185.73333333333332,1.2666666666666666
1376833596,1,2399.999729,473.5999465226667,19.733333333333334,524288.0,163226.66666666666,4.466666666666667,295.4,119.66666666666667,1.3333333333333333
1376833896,1,2399.999729,372.79995790466666,15.533333333333333,524288.0,149595.2,0.8666666666666667,283.73333333333335,105.8,1.4
1376834196,1,2399.999729,428.79995158133335,17.866666666666667,524288.0,131769.86666666667,0.06666666666666667,287.3333333333333,113.86666666666666,1.2666666666666666
1376834495,1,2399.999729,398.39995501400006,16.6,524288.0,144352.0,18.866666666666667,302.6,122.6,2.533333333333333
1376834795,1,2399.999729,1415.99984011,59.0,524288.0,262841.3333333333,1991.0,584.6,130.8,15.4
1376835095,1,2399.999729,1359.9998464333337,56.66666666666667,524288.0,431662.4,1152.3333333333333,611.5333333333333,171.86666666666667,13.666666666666666
1376835395,1,2399.999729,627.1999291786668,26.133333333333336,524288.0,396709.86666666664,843.3333333333333,510.9333333333334,159.2,2.4
1376835695,1,2399.999729,534.3999396573333,22.266666666666666,524288.0,381680.0,817.8666666666667,446.1333333333333,133.46666666666667,1.6666666666666667
1376835995,1,2399.999729,641.5999275526667,26.733333333333334,524288.0,379932.5333333333,941.8666666666666,449.0666666666667,150.8,1.4666666666666666
1376836295,1,2399.999729,631.9999286366667,26.333333333333336,524288.0,401952.5333333333,934.8,482.0,151.6,1.5333333333333334
1376836595,1,2399.999729,636.7999280946667,26.533333333333335,524288.0,392166.6666666667,954.2666666666667,511.6,140.4,1.4666666666666666
1376836895,1,2399.999729,639.9999277333333,26.666666666666664,524288.0,420477.06666666665,791.5333333333333,452.9333333333333,153.53333333333333,1.2
1376837195,1,2399.999729,641.5999275526667,26.733333333333334,524288.0,406846.93333333335,1040.4666666666667,460.79999999999995,135.0,1.2666666666666666
1376837495,1,2399.999729,822.3999071373333,34.266666666666666,524288.0,391466.4,735.5333333333333,508.26666666666665,153.46666666666667,14.133333333333333
1376837795,1,2399.999729,1087.9998771466664,45.33333333333333,524288.0,438303.2,1080.3333333333333,630.3333333333334,149.53333333333333,13.133333333333333
1376838096,1,2399.999729,735.9999168933333,30.666666666666664,524288.0,447740.0,1273.3999999999999,586.1333333333333,201.53333333333333,1.7333333333333334
1376838396,1,2399.999729,843.1999047886668,35.13333333333333,524288.0,430963.2,1402.9999999999998,558.7333333333333,194.73333333333332,3.3333333333333335
1376838696,1,2399.999729,1003.199886722,41.8,524288.0,426419.2,1318.5333333333333,688.1333333333333,178.2,11.0
1376838996,1,2399.999729,913.5998968393333,38.06666666666666,524288.0,413835.73333333334,1185.2666666666669,595.6666666666667,231.46666666666667,1.6666666666666667
1376839296,1,2399.999729,819.1999074986667,34.13333333333333,524288.0,428866.4,1176.0,481.79999999999995,175.2,1.3333333333333333
1376839596,1,2399.999729,654.3999261073334,27.266666666666666,524288.0,397758.93333333335,81.66666666666667,344.6,160.86666666666667,2.066666666666667
1376839896,1,2399.999729,484.799945258,20.2,524288.0,294298.4,2.2666666666666666,288.26666666666665,121.4,1.4
1376840196,1,2399.999729,595.199932792,24.8,524288.0,253404.26666666666,1.4,342.6,176.73333333333332,1.4
1376840496,1,2399.999729,507.19994272866677,21.133333333333336,524288.0,250258.13333333333,1.0,296.6666666666667,130.66666666666666,1.3333333333333333
1376840796,1,2399.999729,420.7999524846666,17.53333333333333,524288.0,233830.66666666666,11.8,279.59999999999997,107.0,1.2666666666666666
1376841096,1,2399.999729,415.9999530266666,17.333333333333332,524288.0,220199.2,20.599999999999998,276.3333333333333,101.93333333333334,1.1333333333333333
1376841396,1,2399.999729,427.19995176200007,17.8,524288.0,206567.2,0.4666666666666667,273.4,102.13333333333334,1.2
1376841696,1,2399.999729,436.799950678,18.2,524288.0,184548.0,9.466666666666667,299.4,123.66666666666667,1.6666666666666667
1376841996,1,2399.999729,419.1999526653334,17.46666666666667,524288.0,198179.2,7.533333333333333,281.73333333333335,110.8,1.4666666666666666
1376842296,1,2399.999729,452.7999488713334,18.866666666666667,524288.0,238724.26666666666,927.6,307.8666666666667,103.73333333333333,1.4
1376842596,1,2399.999729,452.7999488713334,18.866666666666667,524288.0,324706.6666666667,5.266666666666667,282.5333333333333,109.0,1.2666666666666666
1376842896,1,2399.999729,412.799953388,17.2,524288.0,189091.2,20.466666666666665,259.8,101.2,1.2
1376843196,1,2399.999729,366.3999586273334,15.266666666666667,524288.0,143304.26666666666,0.4,274.6,107.86666666666666,1.4
1376843496,1,2399.999729,361.5999591693334,15.066666666666668,524288.0,131070.13333333333,0.26666666666666666,266.8666666666667,106.4,1.3333333333333333
1376843796,1,2399.999729,1046.399881844,43.6,524288.0,176159.2,0.7333333333333333,654.9333333333334,528.2666666666667,3.2666666666666666
1376844096,1,2399.999729,1300.799853118,54.2,524288.0,279968.0,1.8,768.0666666666666,633.0,3.2
1376844396,1,2399.999729,822.3999071373333,34.266666666666666,524288.0,240121.6,12.733333333333333,496.26666666666665,344.8666666666667,2.0
1376844696,1,2399.999729,476.79994616133337,19.866666666666667,524288.0,208664.8,23.6,325.0,157.0,1.5333333333333334
1376844996,1,2399.999729,379.19995718200005,15.8,524288.0,160430.4,0.13333333333333333,267.2,101.33333333333333,1.3333333333333333
1376845296,1,2399.999729,391.99995573666666,16.333333333333332,524288.0,146797.6,10.266666666666666,296.2,126.46666666666667,1.6666666666666667
1376845596,1,2399.999729,391.99995573666666,16.333333333333332,524288.0,171964.0,8.0,286.93333333333334,112.8,1.3333333333333333
1376845896,1,2399.999729,361.5999591693334,15.066666666666668,524288.0,154138.93333333332,1.6,271.6666666666667,103.93333333333334,1.6666666666666667
1376846196,1,2399.999729,377.59995736266666,15.733333333333333,524288.0,126875.73333333334,0.2,277.3333333333333,108.73333333333333,1.3333333333333333
1376846496,1,2399.999729,342.39996133733337,14.266666666666667,524288.0,136313.33333333334,8.8,274.6,101.93333333333334,1.3333333333333333
1376846796,1,2399.999729,345.599960976,14.4,524288.0,146798.13333333333,0.26666666666666666,267.46666666666664,99.6,1.2666666666666666
1376847096,1,2399.999729,351.9999602533334,14.666666666666668,524288.0,134915.46666666667,0.26666666666666666,276.2,107.66666666666667,1.4
1376847396,1,2399.999729,366.3999586273334,15.266666666666667,524288.0,152740.53333333333,0.06666666666666667,278.8666666666667,105.6,1.2666666666666666
1376847696,1,2399.999729,343.9999611566667,14.333333333333332,524288.0,132468.53333333333,0.2,270.8,101.93333333333334,1.2666666666666666
1376847996,1,2399.999729,353.59996007266665,14.733333333333333,524288.0,131070.66666666667,2.266666666666667,272.8666666666667,104.33333333333333,1.4
1376848296,1,2399.999729,339.19996169866664,14.133333333333333,524288.0,149945.6,0.8,274.3333333333333,102.13333333333334,1.2666666666666666
1376848596,1,2399.999729,363.1999589886667,15.133333333333333,524288.0,141905.33333333334,0.2,270.33333333333337,103.86666666666666,1.2666666666666666
1376848896,1,2399.999729,350.39996043400004,14.6,524288.0,123381.33333333333,7.466666666666667,294.93333333333334,123.46666666666667,1.7333333333333334
1376849196,1,2399.999729,367.99995844666665,15.333333333333332,524288.0,154487.2,0.6666666666666666,278.26666666666665,103.73333333333333,1.4666666666666666
1376849496,1,2399.999729,374.399957724,15.6,524288.0,131419.46666666667,0.26666666666666666,279.8666666666667,112.13333333333334,1.6
1376849796,1,2399.999729,347.1999607953333,14.466666666666667,524288.0,114991.73333333334,0.0,271.26666666666665,101.4,1.4
1376850096,1,2399.999729,339.19996169866664,14.133333333333333,524288.0,130020.53333333334,0.26666666666666666,270.33333333333337,100.53333333333333,1.4
1376850396,1,2399.999729,343.9999611566667,14.333333333333332,524288.0,136662.66666666666,0.06666666666666667,264.4,97.6,1.3333333333333333
1376850696,1,2399.999729,347.1999607953333,14.466666666666667,524288.0,136313.33333333334,0.06666666666666667,270.26666666666665,104.26666666666667,1.4
1376850996,1,2399.999729,363.1999589886667,15.133333333333333,524288.0,143304.53333333333,0.2,274.0,102.93333333333334,1.2
1376851296,1,2399.999729,324.7999633246667,13.533333333333333,524288.0,122332.0,0.0,270.3333333333333,100.2,1.2666666666666666
1376851596,1,2399.999729,351.9999602533334,14.666666666666668,524288.0,138411.2,2.066666666666667,276.2,105.6,1.2666666666666666
1376851896,1,2399.999729,519.9999412833333,21.666666666666664,524288.0,168818.4,0.9333333333333333,297.73333333333335,129.13333333333333,1.4
1376852196,1,2399.999729,404.79995429133334,16.866666666666667,524288.0,138409.6,0.06666666666666667,272.8,103.0,1.2
1376852496,1,2399.999729,382.3999568206666,15.933333333333332,524288.0,139459.2,7.199999999999999,294.26666666666665,124.0,1.9333333333333333
1376852796,1,2399.999729,398.39995501400006,16.6,524288.0,159381.6,0.5333333333333333,288.06666666666666,115.33333333333333,1.4
1376853096,1,2399.999729,379.19995718200005,15.8,524288.0,142953.6,0.06666666666666667,272.0,102.6,1.6666666666666667
1376853396,1,2399.999729,361.5999591693334,15.066666666666668,524288.0,134915.46666666667,0.0,280.6,108.66666666666667,1.4
1376853697,1,2399.999729,379.19995718200005,15.8,524288.0,136663.46666666667,0.4,271.33333333333337,101.73333333333333,1.6
1376853996,1,2399.999729,351.9999602533334,14.666666666666668,524288.0,134914.66666666666,0.26666666666666666,270.3333333333333,99.46666666666667,1.2666666666666666
1376854297,1,2399.999729,391.99995573666666,16.333333333333332,524288.0,145748.8,0.13333333333333333,268.0,103.13333333333334,2.0
1376854597,1,2399.999729,347.1999607953333,14.466666666666667,524288.0,145400.53333333333,0.2,273.3333333333333,100.46666666666667,1.4666666666666666
1376854897,1,2399.999729,374.399957724,15.6,524288.0,152740.53333333333,0.06666666666666667,268.93333333333334,98.26666666666667,1.3333333333333333
1376855197,1,2399.999729,348.7999606146667,14.533333333333333,524288.0,134915.2,1.8666666666666667,272.0,98.93333333333334,1.2
1376855497,1,2399.999729,393.599955556,16.4,524288.0,133516.8,0.6666666666666666,269.73333333333335,102.86666666666666,1.4
1376855797,1,2399.999729,363.1999589886667,15.133333333333333,524288.0,145401.86666666667,0.06666666666666667,268.8666666666667,107.0,1.3333333333333333
1376856097,1,2399.999729,382.3999568206666,15.933333333333332,524288.0,137012.8,7.333333333333333,290.4666666666667,123.06666666666666,1.7333333333333334
1376856397,1,2399.999729,417.599952846,17.4,524288.0,181052.53333333333,0.6,277.1333333333333,106.6,1.4
1376856697,1,2399.999729,382.3999568206666,15.933333333333332,524288.0,150293.86666666667,0.06666666666666667,265.8666666666667,102.86666666666666,1.5333333333333334
1376856997,1,2399.999729,380.7999570013334,15.866666666666667,524288.0,139109.6,0.13333333333333333,274.4666666666667,103.46666666666667,1.2666666666666666
1376857297,1,2399.999729,387.19995627866666,16.133333333333333,524288.0,138410.93333333332,8.933333333333334,276.1333333333333,105.86666666666666,1.3333333333333333
1376857597,1,2399.999729,385.5999564593333,16.066666666666666,524288.0,145401.06666666668,0.2,268.26666666666665,102.2,1.2666666666666666
1376857897,1,2399.999729,385.5999564593333,16.066666666666666,524288.0,133168.0,0.2,279.46666666666664,110.4,1.2666666666666666
1376858197,1,2399.999729,420.7999524846666,17.53333333333333,524288.0,135264.53333333333,0.06666666666666667,294.1333333333333,125.73333333333333,1.2
1376858497,1,2399.999729,395.1999553753334,16.46666666666667,524288.0,144702.4,0.06666666666666667,278.6,109.13333333333334,1.2666666666666666
1376858797,1,2399.999729,398.39995501400006,16.6,524288.0,145050.93333333332,2.0,279.1333333333333,111.13333333333334,1.4
1376859097,1,2399.999729,419.1999526653334,17.46666666666667,524288.0,169866.4,0.6,290.1333333333333,122.53333333333333,1.3333333333333333
1376859397,1,2399.999729,382.3999568206666,15.933333333333332,524288.0,166722.4,0.13333333333333333,275.6,111.66666666666667,1.2666666666666666
1376859697,1,2399.999729,422.399952304,17.6,524288.0,150993.6,8.866666666666667,303.0,134.0,1.5333333333333334
1376859997,1,2399.999729,388.79995609799994,16.2,524288.0,172663.2,7.533333333333333,287.8,113.06666666666666,1.4666666666666666
1376860297,1,2399.999729,411.1999535686667,17.133333333333333,524288.0,153789.33333333334,0.2,279.0,112.6,1.8666666666666667
1376860597,1,2399.999729,395.1999553753334,16.46666666666667,524288.0,128973.6,0.26666666666666666,281.0,112.4,1.3333333333333333
1376860897,1,2399.999729,403.199954472,16.8,524288.0,139807.46666666667,0.6,275.0,106.2,1.2
1376861197,1,2399.999729,380.7999570013334,15.866666666666667,524288.0,131418.66666666666,0.3333333333333333,270.4666666666667,105.6,1.4
1376861497,1,2399.999729,385.5999564593333,16.066666666666666,524288.0,130370.66666666667,0.13333333333333333,277.4,110.6,1.4
1376861797,1,2399.999729,375.9999575433334,15.666666666666668,524288.0,135963.46666666667,0.13333333333333333,278.06666666666666,109.53333333333333,1.2666666666666666
1376862097,1,2399.999729,390.39995591733333,16.266666666666666,524288.0,141556.8,0.13333333333333333,271.4,105.46666666666667,1.3333333333333333
1376862397,1,2399.999729,380.7999570013334,15.866666666666667,524288.0,147847.2,2.2666666666666666,272.6,106.33333333333333,1.5333333333333334
1376862697,1,2399.999729,391.99995573666666,16.333333333333332,524288.0,156585.86666666667,0.5333333333333333,277.6,109.46666666666667,1.2
1376862997,1,2399.999729,401.5999546526667,16.733333333333334,524288.0,142954.4,0.26666666666666666,272.66666666666663,106.53333333333333,1.0666666666666667
1376863298,1,2399.999729,417.599952846,17.4,524288.0,148546.93333333332,10.799999999999999,306.06666666666666,145.73333333333332,1.6
1376863598,1,2399.999729,495.9999439933333,20.666666666666664,524288.0,201673.6,5.333333333333333,301.53333333333336,114.33333333333333,1.2666666666666666
1376863898,1,2399.999729,532.799939838,22.2,524288.0,152041.6,1.4,277.8,106.66666666666667,1.5333333333333334
1376864198,1,2399.999729,510.3999423673333,21.266666666666666,524288.0,144701.6,0.3333333333333333,273.66666666666663,102.73333333333333,1.1333333333333333
1376864498,1,2399.999729,526.3999405606668,21.933333333333334,524288.0,146798.4,0.33333333333333337,265.06666666666666,99.0,1.2666666666666666
1376864798,1,2399.999729,467.19994724533336,19.46666666666667,524288.0,149944.8,0.0,266.73333333333335,99.33333333333333,1.0666666666666667
1376865098,1,2399.999729,558.3999369473333,23.266666666666666,524288.0,148546.66666666666,0.26666666666666666,271.1333333333333,105.2,1.2666666666666666
1376865398,1,2399.999729,566.399936044,23.6,524288.0,158332.53333333333,0.0,296.5333333333333,129.8,1.2666666666666666
1376865698,1,2399.999729,550.3999378506667,22.933333333333334,524288.0,147497.86666666667,0.06666666666666667,273.4,105.8,1.2
1376865998,1,2399.999729,524.7999407413332,21.866666666666664,524288.0,137361.6,1.9333333333333333,267.73333333333335,98.46666666666667,1.1333333333333333
1376866299,1,2399.999729,566.399936044,23.6,524288.0,140857.06666666668,0.5333333333333333,272.4,102.8,1.2666666666666666
1376866599,1,2399.999729,510.3999423673333,21.266666666666666,524288.0,132819.46666666667,0.3333333333333333,263.33333333333337,99.66666666666667,1.1333333333333333
1376866899,1,2399.999729,540.7999389346667,22.533333333333335,524288.0,142954.4,282.8,336.6666666666667,131.06666666666666,1.5333333333333334
1376867199,1,2399.999729,580.799934418,24.2,524288.0,273676.5333333333,1290.1333333333332,532.8666666666667,127.4,1.6666666666666667
1376867500,1,2399.999729,516.7999416446668,21.533333333333335,524288.0,357562.6666666667,1312.7333333333333,468.4666666666667,104.33333333333333,1.2
1376867801,1,2399.999729,1812.7997953046665,75.53333333333333,524288.0,386573.3333333333,1874.4666666666665,348.06666666666666,106.46666666666667,1.3333333333333333
1376868101,1,2399.999729,2375.99973171,99.0,524288.0,370495.4666666667,1947.4666666666667,323.46666666666664,103.93333333333334,1.2666666666666666
1376868401,1,2399.999729,2403.199728638667,100.13333333333334,524288.0,312124.26666666666,2083.6,314.4,100.6,1.0
1376868701,1,2399.999729,2355.1997340586668,98.13333333333334,524288.0,389369.86666666664,2037.8,322.26666666666665,105.2,1.0666666666666667
1376869001,1,2399.999729,2355.1997340586668,98.13333333333334,524288.0,340784.26666666666,1353.8,305.1333333333333,105.66666666666667,1.2666666666666666
1376869301,1,2399.999729,2545.5997125593335,106.06666666666666,524288.0,388321.06666666665,1208.5333333333335,276.46666666666664,101.53333333333333,1.2666666666666666
1376869601,1,2399.999729,2267.1997439953334,94.46666666666665,524288.0,377485.3333333333,1027.3333333333333,280.4666666666667,105.26666666666667,1.1333333333333333
1376869901,1,2399.999729,1718.3998059639998,71.6,524288.0,316318.6666666667,799.7333333333332,280.0,101.66666666666667,1.2
1376870201,1,2399.999729,2302.3997400206667,95.93333333333334,524288.0,308280.0,818.3333333333333,286.6,112.2,1.0
1376870501,1,2399.999729,2321.5997378526667,96.73333333333333,524288.0,300940.0,691.4666666666667,309.8666666666667,133.66666666666666,1.5333333333333334
1376870801,1,2399.999729,2291.1997412853334,95.46666666666665,524288.0,309329.3333333333,743.2666666666668,282.8666666666667,101.66666666666667,1.3333333333333333
1376871101,1,2399.999729,2252.7997456213334,93.86666666666666,524288.0,328552.26666666666,867.9333333333334,284.66666666666663,99.53333333333333,1.4
1376871401,1,2399.999729,2243.1997467053334,93.46666666666665,524288.0,267384.5333333333,1082.1999999999998,326.93333333333334,107.93333333333334,1.0666666666666667
1376871701,1,2399.999729,2222.399749054,92.6,524288.0,226490.13333333333,1202.5333333333333,323.8,101.53333333333333,0.9333333333333333
1376872001,1,2399.999729,2238.3997472473334,93.26666666666667,524288.0,204820.26666666666,1261.0,313.8,108.86666666666666,1.0
1376872301,1,2399.999729,2265.599744176,94.4,524288.0,284161.86666666664,1043.6666666666665,300.06666666666666,107.13333333333334,1.1333333333333333
1376872601,1,2399.999729,2260.7997447180005,94.2,524288.0,325755.73333333334,1603.3333333333333,355.4666666666667,101.8,1.1333333333333333
1376872901,1,2399.999729,2294.399740924,95.6,524288.0,384476.8,1383.7333333333333,347.73333333333335,107.0,1.0
1376873201,1,2399.999729,2295.9997407433334,95.66666666666666,524288.0,415235.2,1896.9333333333334,373.1333333333333,104.6,1.2
1376873501,1,2399.999729,2321.5997378526667,96.73333333333333,524288.0,420128.0,1585.0,355.4,102.93333333333334,1.2
1376873801,1,2399.999729,2323.199737672,96.8,524288.0,414186.4,1705.9333333333332,367.8,108.06666666666666,1.0666666666666667
1376874101,1,2399.999729,2305.5997396593334,96.06666666666666,524288.0,425720.0,1757.2,388.8,125.26666666666667,1.4666666666666666
1376874401,1,2399.999729,2225.5997486926667,92.73333333333333,524288.0,407894.4,1128.3333333333333,339.2,117.33333333333333,1.5333333333333334
1376874701,1,2399.999729,601.5999320693334,25.066666666666666,524288.0,258996.0,1.1333333333333333,270.1333333333333,102.6,1.2666666666666666
1376875001,1,2399.999729,529.5999401993333,22.066666666666666,524288.0,182799.46666666667,0.6,276.33333333333337,102.8,1.2
1376875301,1,2399.999729,550.3999378506667,22.933333333333334,524288.0,140158.66666666666,25.2,284.6666666666667,111.4,1.3333333333333333
1376875601,1,2399.999729,455.99994851,19.0,524288.0,133866.93333333332,0.5333333333333333,266.93333333333334,97.66666666666667,1.2666666666666666
1376875901,1,2399.999729,523.199940922,21.8,524288.0,136662.93333333332,0.13333333333333333,273.1333333333333,103.86666666666666,1.4
1376876201,1,2399.999729,531.1999400186668,22.133333333333336,524288.0,142603.73333333334,0.13333333333333333,276.3333333333333,102.86666666666666,1.2666666666666666
1376876501,1,2399.999729,550.3999378506667,22.933333333333334,524288.0,113943.46666666666,0.2,269.6666666666667,98.93333333333334,1.0666666666666667
1376876801,1,2399.999729,511.9999421866667,21.333333333333336,524288.0,128623.2,3.1333333333333333,275.8666666666667,102.33333333333333,1.0
1376877101,1,2399.999729,548.7999380313333,22.866666666666664,524288.0,128273.33333333333,0.0,278.93333333333334,100.26666666666667,1.2
1376877401,1,2399.999729,479.9999458,20.0,524288.0,133167.2,0.06666666666666667,276.6,100.4,1.2
1376877701,1,2399.999729,548.7999380313333,22.866666666666664,524288.0,127924.8,7.133333333333334,297.8,123.53333333333333,1.4
1376878001,1,2399.999729,729.599917616,30.4,524288.0,312123.4666666667,1740.1333333333332,455.06666666666666,108.0,1.8666666666666667
1376878302,1,2399.999729,403.199954472,16.8,524288.0,329250.4,3.8666666666666667,272.6,100.26666666666667,1.3333333333333333
1376878602,1,2399.999729,446.3999495940001,18.6,524288.0,204470.4,2.3333333333333335,270.73333333333335,104.33333333333333,1.0666666666666667
1376878902,1,2399.999729,403.199954472,16.8,524288.0,189791.2,34.266666666666666,279.1333333333333,104.53333333333333,1.0666666666666667
1376879202,1,2399.999729,388.79995609799994,16.2,524288.0,189790.4,0.4666666666666667,273.4666666666667,99.33333333333333,0.9333333333333333
1376879502,1,2399.999729,387.19995627866666,16.133333333333333,524288.0,160080.8,0.3333333333333333,274.6666666666667,104.93333333333334,1.0
1376879802,1,2399.999729,399.9999548333334,16.666666666666668,524288.0,162876.53333333333,0.3333333333333333,271.73333333333335,101.6,0.9333333333333333
1376880102,1,2399.999729,366.3999586273334,15.266666666666667,524288.0,144702.13333333333,0.2,263.0,97.46666666666667,0.8666666666666667
1376880402,1,2399.999729,366.3999586273334,15.266666666666667,524288.0,149245.33333333334,2.7333333333333334,265.93333333333334,101.93333333333334,1.0666666666666667
1376880702,1,2399.999729,375.9999575433334,15.666666666666668,524288.0,146449.6,1.5999999999999999,270.0,99.66666666666667,1.2666666666666666
1376881002,1,2399.999729,356.7999597113334,14.866666666666667,524288.0,130371.46666666666,0.2,262.93333333333334,98.8,1.1333333333333333
1376881302,1,2399.999729,391.99995573666666,16.333333333333332,524288.0,131070.13333333333,13.866666666666667,293.2,120.53333333333333,1.5333333333333334
1376881602,1,2399.999729,361.5999591693334,15.066666666666668,524288.0,169518.66666666666,0.06666666666666667,273.4666666666667,100.33333333333333,1.5333333333333334
1376881902,1,2399.999729,390.39995591733333,16.266666666666666,524288.0,136661.86666666667,0.6666666666666666,266.8,98.73333333333333,1.0
1376882202,1,2399.999729,375.9999575433334,15.666666666666668,524288.0,133867.2,0.0,275.66666666666663,104.13333333333334,1.0
1376882502,1,2399.999729,364.799958808,15.2,524288.0,128973.86666666667,0.13333333333333333,274.3333333333333,102.46666666666667,1.2
1376882802,1,2399.999729,334.39996224066664,13.933333333333332,524288.0,142256.0,0.13333333333333333,268.93333333333334,97.66666666666667,0.9333333333333333
1376883102,1,2399.999729,374.399957724,15.6,524288.0,128972.8,0.0,271.6,101.93333333333334,0.9333333333333333
1376883402,1,2399.999729,343.9999611566667,14.333333333333332,524288.0,117089.6,0.26666666666666666,266.06666666666666,99.2,0.8666666666666667
1376883702,1,2399.999729,372.79995790466666,15.533333333333333,524288.0,129322.93333333333,0.13333333333333333,263.0,99.46666666666667,0.9333333333333333
1376884002,1,2399.999729,379.19995718200005,15.8,524288.0,133516.53333333333,2.3333333333333335,275.26666666666665,107.93333333333334,0.8
1376884302,1,2399.999729,383.99995664,16.0,524288.0,144353.06666666668,0.39999999999999997,264.3333333333333,98.13333333333334,0.9333333333333333
1376884602,1,2399.999729,387.19995627866666,16.133333333333333,524288.0,137012.26666666666,0.06666666666666667,254.93333333333334,98.2,0.8
1376884902,1,2399.999729,439.9999503166666,18.333333333333332,524288.0,148895.2,6.4,298.73333333333335,131.66666666666666,1.4666666666666666
1376885202,1,2399.999729,459.19994814866664,19.133333333333333,524288.0,153091.2,0.26666666666666666,291.46666666666664,124.8,1.3333333333333333
1376885502,1,2399.999729,492.7999443546667,20.533333333333335,524288.0,134216.0,0.33333333333333337,299.3333333333333,133.26666666666668,1.1333333333333333
1376885802,1,2399.999729,407.99995393000006,17.0,524288.0,142604.8,0.4666666666666667,266.73333333333335,103.33333333333333,1.0
1376886102,1,2399.999729,356.7999597113334,14.866666666666667,524288.0,129672.8,0.13333333333333333,263.6,99.13333333333334,0.8666666666666667
1376886402,1,2399.999729,371.1999580853333,15.466666666666667,524288.0,134915.2,0.26666666666666666,256.73333333333335,96.46666666666667,0.8
1376886702,1,2399.999729,363.1999589886667,15.133333333333333,524288.0,132119.2,0.13333333333333333,264.5333333333333,100.93333333333334,0.8666666666666667
1376887002,1,2399.999729,369.59995826600004,15.4,524288.0,138061.6,0.0,263.0,101.06666666666666,0.8
1376887302,1,2399.999729,366.3999586273334,15.266666666666667,524288.0,116740.0,0.13333333333333333,258.2,99.46666666666667,0.9333333333333333
1376887602,1,2399.999729,375.9999575433334,15.666666666666668,524288.0,115342.13333333333,2.6,272.5333333333333,106.73333333333333,1.0
1376887902,1,2399.999729,375.9999575433334,15.666666666666668,524288.0,126176.8,0.5333333333333333,270.8,100.6,1.0666666666666667
1376888202,1,2399.999729,348.7999606146667,14.533333333333333,524288.0,141906.4,0.06666666666666667,261.73333333333335,98.0,1.0666666666666667
1376888502,1,2399.999729,415.9999530266666,17.333333333333332,524288.0,130372.26666666666,9.533333333333333,296.0,122.8,1.4666666666666666
1376888802,1,2399.999729,366.3999586273334,15.266666666666667,524288.0,155887.2,8.466666666666667,269.0,101.93333333333334,1.4666666666666666
1376889102,1,2399.999729,396.7999551946666,16.53333333333333,524288.0,149245.86666666667,0.0,269.0,101.8,1.2666666666666666
1376889403,1,2399.999729,385.5999564593333,16.066666666666666,524288.0,126526.13333333333,0.06666666666666667,270.5333333333333,100.4,1.1333333333333333
1376889703,1,2399.999729,379.19995718200005,15.8,524288.0,146799.2,9.266666666666666,270.73333333333335,100.6,1.1333333333333333
1376890003,1,2399.999729,366.3999586273334,15.266666666666667,524288.0,125128.26666666666,0.06666666666666667,264.06666666666666,98.26666666666667,0.9333333333333333
1376890303,1,2399.999729,390.39995591733333,16.266666666666666,524288.0,134566.4,0.26666666666666666,274.5333333333333,106.4,1.1333333333333333
1376890603,1,2399.999729,404.79995429133334,16.866666666666667,524288.0,124779.2,0.06666666666666667,268.2,100.93333333333334,1.0
1376890903,1,2399.999729,401.5999546526667,16.733333333333334,524288.0,121633.6,0.13333333333333333,271.26666666666665,103.53333333333333,1.0
1376891203,1,2399.999729,385.5999564593333,16.066666666666666,524288.0,119536.0,1.9333333333333333,273.3333333333333,105.86666666666666,1.2
1376891503,1,2399.999729,379.19995718200005,15.8,524288.0,140506.4,0.4666666666666667,272.4,100.06666666666666,1.2
1376891803,1,2399.999729,409.59995374933334,17.066666666666666,524288.0,144702.4,0.13333333333333333,267.2,99.4,0.8666666666666667
1376892103,1,2399.999729,550.3999378506667,22.933333333333334,524288.0,153089.6,7.333333333333333,300.8,130.46666666666667,1.6
1376892403,1,2399.999729,484.799945258,20.2,524288.0,156935.46666666667,8.533333333333333,276.6666666666667,106.2,1.5333333333333334
1376892703,1,2399.999729,588.7999335146667,24.533333333333335,524288.0,163576.26666666666,333.93333333333334,283.73333333333335,102.53333333333333,1.2666666666666666
1376893003,1,2399.999729,545.5999383926668,22.733333333333334,524288.0,248160.53333333333,404.8666666666667,300.93333333333334,106.86666666666666,1.8
1376893303,1,2399.999729,492.7999443546667,20.533333333333335,524288.0,232082.13333333333,36.400000000000006,271.2,105.06666666666666,1.0
1376893603,1,2399.999729,447.99994941333335,18.666666666666668,524288.0,193983.46666666667,0.6666666666666666,265.26666666666665,98.8,1.0666666666666667
1376893903,1,2399.999729,475.19994634200003,19.8,524288.0,157633.6,0.3333333333333333,272.4666666666667,104.8,1.2
1376894203,1,2399.999729,478.39994598066664,19.933333333333334,524288.0,132118.66666666666,0.5333333333333333,274.0,105.13333333333334,1.0666666666666667
1376894503,1,2399.999729,515.1999418253333,21.466666666666665,524288.0,137711.2,0.3333333333333333,271.73333333333335,101.93333333333334,1.2
1376894803,1,2399.999729,515.1999418253333,21.466666666666665,524288.0,152740.8,2.1333333333333333,289.4666666666667,111.66666666666667,1.2
1376895103,1,2399.999729,507.19994272866677,21.133333333333336,524288.0,163576.0,0.4,282.0,104.6,1.4666666666666666
1376895403,1,2399.999729,1326.3998502273337,55.26666666666667,524288.0,210761.6,0.4,746.0,606.2666666666667,4.0
1376895703,1,2399.999729,1270.3998565506665,52.93333333333333,524288.0,254801.33333333334,249.60000000000002,729.0,562.0,3.6666666666666665
1376896003,1,2399.999729,577.5999347793334,24.066666666666666,524288.0,284162.13333333336,11.8,342.4666666666667,158.8,1.7333333333333334
1376896304,1,2399.999729,495.9999439933333,20.666666666666664,524288.0,183499.46666666667,1.7333333333333334,310.06666666666666,136.8,1.5333333333333334
1376896604,1,2399.999729,433.5999510393333,18.066666666666666,524288.0,150643.73333333334,0.6,277.3333333333333,107.46666666666667,1.4
1376896904,1,2399.999729,390.39995591733333,16.266666666666666,524288.0,137711.46666666667,2.7333333333333334,275.73333333333335,108.06666666666666,1.4
1376897204,1,2399.999729,411.1999535686667,17.133333333333333,524288.0,146449.06666666668,0.3333333333333333,267.73333333333335,102.6,1.4
1376897504,1,2399.999729,396.7999551946666,16.53333333333333,524288.0,147497.6,0.13333333333333333,274.26666666666665,105.8,1.4666666666666666
1376897804,1,2399.999729,396.7999551946666,16.53333333333333,524288.0,164974.4,0.26666666666666666,276.93333333333334,106.4,1.3333333333333333
1376898104,1,2399.999729,390.39995591733333,16.266666666666666,524288.0,161479.2,0.2,275.8,104.33333333333333,1.4666666666666666
1376898404,1,2399.999729,422.399952304,17.6,524288.0,142255.73333333334,3.5333333333333337,282.5333333333333,111.26666666666667,1.4
1376898704,1,2399.999729,401.5999546526667,16.733333333333334,524288.0,140857.6,4.933333333333334,280.6,107.2,1.3333333333333333
1376899004,1,2399.999729,393.599955556,16.4,524288.0,132118.4,0.2,269.3333333333333,101.4,1.3333333333333333
1376899304,1,2399.999729,475.19994634200003,19.8,524288.0,152390.4,163.26666666666668,323.0,134.4,1.6666666666666667
1376899604,1,2399.999729,700.7999208680001,29.2,524288.0,207615.2,2.0,376.73333333333335,207.86666666666667,3.0
1376899904,1,2399.999729,595.199932792,24.8,524288.0,186294.66666666666,0.9333333333333333,287.4,112.73333333333333,1.4
1376900204,1,2399.999729,542.399938754,22.6,524288.0,147847.73333333334,0.13333333333333333,281.1333333333333,109.46666666666667,1.4
1376900504,1,2399.999729,515.1999418253333,21.466666666666665,524288.0,136313.6,14.866666666666667,273.93333333333334,102.93333333333334,1.2
1376900804,1,2399.999729,406.39995411066667,16.933333333333334,524288.0,157285.06666666668,0.06666666666666667,272.6,103.66666666666667,1.2666666666666666
1376901104,1,2399.999729,415.9999530266666,17.333333333333332,524288.0,147497.86666666667,0.13333333333333333,274.8666666666667,106.33333333333333,1.3333333333333333
1376901404,1,2399.999729,398.39995501400006,16.6,524288.0,130021.86666666667,0.2,275.4,105.46666666666667,1.2
1376901704,1,2399.999729,492.7999443546667,20.533333333333335,524288.0,141905.33333333334,0.06666666666666667,275.06666666666666,102.8,1.3333333333333333
1376902004,1,2399.999729,543.9999385733332,22.666666666666664,524288.0,148546.66666666666,1.8,287.5333333333333,113.2,1.4
1376902304,1,2399.999729,555.1999373086668,23.133333333333336,524288.0,159731.46666666667,0.26666666666666666,290.06666666666666,114.4,1.4
1376902604,1,2399.999729,510.3999423673333,21.266666666666666,524288.0,148196.8,0.4,283.8666666666667,111.53333333333333,1.2
1376902904,1,2399.999729,588.7999335146667,24.533333333333335,524288.0,167770.4,178.2,321.6,139.93333333333334,1.8
1376903204,1,2399.999729,511.9999421866667,21.333333333333336,524288.0,244665.86666666667,1.5333333333333332,279.73333333333335,108.86666666666666,1.4
1376903504,1,2399.999729,547.199938212,22.8,524288.0,167769.6,0.0,285.6,120.2,1.5333333333333334
1376903804,1,2399.999729,471.9999467033334,19.666666666666668,524288.0,140508.0,0.3333333333333333,273.1333333333333,104.66666666666667,1.3333333333333333
1376904104,1,2399.999729,521.5999411026667,21.733333333333334,524288.0,164623.46666666667,0.33333333333333337,283.79999999999995,114.46666666666667,1.2
1376904404,1,2399.999729,495.9999439933333,20.666666666666664,524288.0,159730.66666666666,0.06666666666666667,272.5333333333333,105.6,1.2666666666666666
1376904704,1,2399.999729,507.19994272866677,21.133333333333336,524288.0,134566.93333333332,0.13333333333333333,280.4666666666667,112.93333333333334,1.5333333333333334
1376905004,1,2399.999729,518.3999414640001,21.6,524288.0,161130.13333333333,0.13333333333333333,283.26666666666665,109.53333333333333,1.4
1376905304,1,2399.999729,499.19994363200004,20.8,524288.0,138760.26666666666,0.2,275.26666666666665,104.33333333333333,1.4
1376905604,1,2399.999729,476.79994616133337,19.866666666666667,524288.0,143653.6,2.6,274.1333333333333,105.06666666666666,1.4
1376905904,1,2399.999729,505.5999429093333,21.066666666666666,524288.0,140158.13333333333,0.39999999999999997,272.8666666666667,103.2,1.3333333333333333
1376906204,1,2399.999729,497.59994381266665,20.733333333333334,524288.0,159731.73333333334,0.26666666666666666,281.0,109.26666666666667,1.2
1376906504,1,2399.999729,639.9999277333333,26.666666666666664,524288.0,173013.06666666668,156.13333333333333,317.0,133.53333333333333,1.7333333333333334
1376906804,1,2399.999729,500.7999434513333,20.866666666666664,524288.0,220548.26666666666,1.4666666666666666,279.0,108.86666666666666,1.5333333333333334
1376907104,1,2399.999729,503.99994309,21.0,524288.0,159381.06666666668,0.0,272.66666666666663,106.46666666666667,1.4666666666666666
1376907404,1,2399.999729,524.7999407413332,21.866666666666664,524288.0,142605.6,0.06666666666666667,276.4,106.06666666666666,1.4666666666666666
1376907704,1,2399.999729,535.9999394766668,22.333333333333336,524288.0,133167.2,0.8,277.4666666666667,108.4,1.2
1376908004,1,2399.999729,478.39994598066664,19.933333333333334,524288.0,133516.53333333333,0.26666666666666666,268.8666666666667,103.53333333333333,1.0666666666666667
1376908304,1,2399.999729,481.59994561933337,20.066666666666666,524288.0,130370.93333333333,0.2,273.73333333333335,105.8,1.4
1376908604,1,2399.999729,495.9999439933333,20.666666666666664,524288.0,137710.93333333332,0.4666666666666667,284.8,113.2,1.2666666666666666
1376908904,1,2399.999729,454.3999486906667,18.933333333333334,524288.0,141906.13333333333,0.2,285.0,110.0,1.4
1376909204,1,2399.999729,483.1999454386667,20.133333333333333,524288.0,158682.93333333332,2.533333333333333,270.73333333333335,103.73333333333333,1.3333333333333333
1376909504,1,2399.999729,481.59994561933337,20.066666666666666,524288.0,139108.53333333333,0.2,270.33333333333337,101.86666666666666,1.2666666666666666
1376909804,1,2399.999729,494.39994417400004,20.6,524288.0,130720.26666666666,0.2,277.40000000000003,110.66666666666667,1.2
1376910104,1,2399.999729,595.199932792,24.8,524288.0,147847.2,161.06666666666666,317.73333333333335,131.8,2.933333333333333
1376910404,1,2399.999729,1049.5998814826664,43.73333333333333,524288.0,315619.4666666667,757.8,592.1333333333333,131.86666666666667,15.6
1376910705,1,2399.999729,604.799931708,25.2,524288.0,368397.86666666664,759.0,460.73333333333335,124.26666666666667,2.8
1376911005,1,2399.999729,563.1999364053333,23.466666666666665,524288.0,354067.2,947.8666666666667,460.79999999999995,120.53333333333333,2.066666666666667
1376911305,1,2399.999729,563.1999364053333,23.466666666666665,524288.0,358611.2,981.2666666666668,412.06666666666666,115.53333333333333,1.6
1376911605,1,2399.999729,948.7998928646666,39.53333333333333,524288.0,361756.8,732.2,559.6,124.13333333333334,19.866666666666667
1376911905,1,2399.999729,515.1999418253333,21.466666666666665,524288.0,368048.0,773.1333333333334,450.0,122.8,2.2
1376912205,1,2399.999729,515.1999418253333,21.466666666666665,524288.0,382728.8,780.0,435.4666666666667,128.06666666666666,1.8666666666666667
1376912505,1,2399.999729,556.799937128,23.2,524288.0,370495.2,955.4666666666667,428.93333333333334,107.06666666666666,1.8
1376912805,1,2399.999729,563.1999364053333,23.466666666666665,524288.0,405448.26666666666,906.2666666666667,422.3333333333333,119.2,3.7333333333333334
1376913105,1,2399.999729,454.3999486906667,18.933333333333334,524288.0,353368.26666666666,23.266666666666666,290.0,106.46666666666667,1.6666666666666667
1376913405,1,2399.999729,415.9999530266666,17.333333333333332,524288.0,260744.0,1.4666666666666666,286.6666666666667,107.46666666666667,1.4
1376913705,1,2399.999729,471.9999467033334,19.666666666666668,524288.0,249558.66666666666,254.8,313.46666666666664,126.4,1.8666666666666667
1376914005,1,2399.999729,438.39995049733335,18.266666666666666,524288.0,335892.8,130.66666666666669,298.73333333333335,107.13333333333334,1.8
1376914305,1,2399.999729,431.99995122,18.0,524288.0,232782.66666666666,1.2666666666666666,283.4666666666667,105.6,1.3333333333333333
1376914605,1,2399.999729,422.399952304,17.6,524288.0,206917.6,0.9333333333333333,291.4666666666667,113.06666666666666,1.3333333333333333
1376914905,1,2399.999729,487.99994489666665,20.333333333333332,524288.0,296745.06666666665,947.7333333333333,336.8666666666667,119.46666666666667,1.3333333333333333
1376915205,1,2399.999729,430.3999514006667,17.933333333333334,524288.0,239772.53333333333,3.0666666666666664,276.8,105.6,1.4
1376915505,1,2399.999729,454.3999486906667,18.933333333333334,524288.0,154139.2,1.3333333333333333,293.8,119.46666666666667,1.4666666666666666
1376915805,1,2399.999729,443.1999499553334,18.46666666666667,524288.0,158333.6,0.8666666666666667,294.06666666666666,126.53333333333333,2.1333333333333333
1376916105,1,2399.999729,427.19995176200007,17.8,524288.0,159381.6,0.7333333333333333,277.8,105.93333333333334,1.2666666666666666
1376916405,1,2399.999729,412.799953388,17.2,524288.0,168818.4,2.066666666666667,271.3333333333333,107.33333333333333,1.3333333333333333
1376916705,1,2399.999729,435.1999508586667,18.133333333333333,524288.0,155188.0,2.6,283.93333333333334,107.46666666666667,1.4
1376917005,1,2399.999729,415.9999530266666,17.333333333333332,524288.0,141556.0,0.4,276.26666666666665,106.13333333333334,1.2666666666666666
1376917305,1,2399.999729,475.19994634200003,19.8,524288.0,152740.53333333333,248.6,313.4666666666667,133.06666666666666,1.8666666666666667
1376917605,1,2399.999729,409.59995374933334,17.066666666666666,524288.0,235927.2,8.266666666666666,294.53333333333336,122.53333333333333,1.7333333333333334
1376917905,1,2399.999729,398.39995501400006,16.6,524288.0,159380.8,1.2,269.8,104.26666666666667,1.5333333333333334
1376918205,1,2399.999729,417.599952846,17.4,524288.0,140857.33333333334,0.5333333333333333,275.26666666666665,109.8,1.4
1376918505,1,2399.999729,937.5998941293333,39.06666666666666,524288.0,151342.66666666666,2.3333333333333335,421.4666666666667,261.6,3.2666666666666666
1376918805,1,2399.999729,531.1999400186668,22.133333333333336,524288.0,172313.33333333334,0.26666666666666666,302.8666666666667,140.66666666666666,1.1333333333333333
1376919105,1,2399.999729,603.1999318886668,25.133333333333336,524288.0,161478.66666666666,0.7333333333333334,334.73333333333335,168.2,1.5333333333333334
1376919405,1,2399.999729,758.3999143640001,31.6,524288.0,167770.4,0.3333333333333333,367.6666666666667,206.6,1.3333333333333333
1376919705,1,2399.999729,727.9999177966668,30.333333333333336,524288.0,162527.73333333334,1.3333333333333333,365.66666666666663,202.86666666666667,1.4666666666666666
1376920005,1,2399.999729,764.7999136413332,31.866666666666664,524288.0,215654.13333333333,4.666666666666666,379.0,214.93333333333334,1.4666666666666666
1376920306,1,2399.999729,508.79994254800005,21.2,524288.0,178605.33333333334,19.2,296.6,121.0,1.5333333333333334
1376920606,1,2399.999729,430.3999514006667,17.933333333333334,524288.0,144353.33333333334,0.6,266.93333333333334,100.6,1.1333333333333333
1376920906,1,2399.999729,548.7999380313333,22.866666666666664,524288.0,183150.4,260.73333333333335,334.3333333333333,130.06666666666666,2.7333333333333334
1376921206,1,2399.999729,883.1999002719999,36.8,524288.0,269482.4,11.933333333333334,376.6,134.4,5.533333333333333
1376921506,1,2399.999729,539.1999391153333,22.466666666666665,524288.0,202373.6,0.4666666666666667,282.66666666666663,106.46666666666667,1.6
1376921806,1,2399.999729,559.9999367666667,23.333333333333336,524288.0,206217.6,0.8666666666666666,286.93333333333334,107.73333333333333,1.4
1376922106,1,2399.999729,537.599939296,22.4,524288.0,154838.4,24.066666666666666,283.8,109.8,1.3333333333333333
1376922406,1,2399.999729,531.1999400186668,22.133333333333336,524288.0,140507.46666666667,0.26666666666666666,285.4,113.86666666666666,1.4
1376922706,1,2399.999729,524.7999407413332,21.866666666666664,524288.0,160429.86666666667,0.26666666666666666,285.0,110.4,1.4666666666666666
1376923006,1,2399.999729,508.79994254800005,21.2,524288.0,142604.53333333333,0.2,281.26666666666665,105.73333333333333,1.4
1376923306,1,2399.999729,484.799945258,20.2,524288.0,151693.06666666668,0.0,277.6,102.93333333333334,1.2
1376923606,1,2399.999729,478.39994598066664,19.933333333333334,524288.0,150642.93333333332,2.8000000000000003,275.8,104.33333333333333,1.3333333333333333
1376923906,1,2399.999729,470.3999468840001,19.6,524288.0,148545.86666666667,1.4,280.06666666666666,102.06666666666666,1.3333333333333333
1376924206,1,2399.999729,500.7999434513333,20.866666666666664,524288.0,138759.73333333334,0.4666666666666667,290.8666666666667,119.33333333333333,1.3333333333333333
1376924506,1,2399.999729,540.7999389346667,22.533333333333335,524288.0,164274.4,58.266666666666666,321.06666666666666,133.0,1.8
1376924806,1,2399.999729,595.199932792,24.8,524288.0,245365.6,1.5333333333333332,340.93333333333334,160.13333333333333,1.4666666666666666
1376925106,1,2399.999729,529.5999401993333,22.066666666666666,524288.0,191888.0,0.5333333333333333,324.06666666666666,150.6,1.3333333333333333
1376925406,1,2399.999729,529.5999401993333,22.066666666666666,524288.0,168819.2,0.2,334.0,152.73333333333332,1.4666666666666666
1376925706,1,2399.999729,495.9999439933333,20.666666666666664,524288.0,159031.2,2.6,321.8,138.93333333333334,1.2666666666666666
1376926006,1,2399.999729,484.799945258,20.2,524288.0,141556.0,0.5333333333333333,318.53333333333336,140.86666666666667,1.3333333333333333
1376926306,1,2399.999729,521.5999411026667,21.733333333333334,524288.0,157284.8,0.13333333333333333,339.8666666666667,166.66666666666666,1.4
1376926606,1,2399.999729,511.9999421866667,21.333333333333336,524288.0,159032.0,0.7333333333333333,328.1333333333333,156.33333333333334,1.3333333333333333
1376926906,1,2399.999729,683.1999228553333,28.466666666666665,524288.0,150643.73333333334,0.3333333333333333,358.59999999999997,184.86666666666667,1.4666666666666666
1376927206,1,2399.999729,609.599931166,25.4,524288.0,168818.66666666666,4.466666666666667,338.3333333333333,165.33333333333334,1.3333333333333333
1376927506,1,2399.999729,679.9999232166668,28.333333333333336,524288.0,178255.46666666667,23.799999999999997,375.79999999999995,197.0,1.3333333333333333
1376927806,1,2399.999729,630.3999288173334,26.266666666666666,524288.0,175808.8,0.6,351.8666666666667,183.6,1.2666666666666666
1376928106,1,2399.999729,815.9999078600001,34.0,524288.0,180353.33333333334,7.199999999999999,389.26666666666665,217.53333333333333,1.6666666666666667
1376928406,1,2399.999729,564.7999362246668,23.533333333333335,524288.0,169169.06666666668,0.7333333333333334,324.46666666666664,156.6,1.5333333333333334
1376928706,1,2399.999729,457.59994832933336,19.066666666666666,524288.0,159381.33333333334,0.7999999999999999,284.4666666666667,118.93333333333334,1.6666666666666667
1376929006,1,2399.999729,451.199949052,18.8,524288.0,154837.06666666668,0.26666666666666666,295.1333333333333,123.66666666666667,1.2666666666666666
1376929306,1,2399.999729,449.5999492326667,18.733333333333334,524288.0,135264.8,18.466666666666665,298.26666666666665,125.06666666666666,1.4
1376929606,1,2399.999729,415.9999530266666,17.333333333333332,524288.0,125827.2,0.4,288.33333333333337,118.8,1.4
1376929906,1,2399.999729,399.9999548333334,16.666666666666668,524288.0,125827.73333333334,0.8,280.6666666666667,114.4,1.6
1376930206,1,2399.999729,1244.7998594413334,51.86666666666667,524288.0,168119.73333333334,0.5333333333333333,744.8666666666667,629.4666666666667,3.8
1376930507,1,2399.999729,1265.5998570926668,52.73333333333333,524288.0,258297.6,1.1333333333333333,732.9333333333334,601.2666666666667,3.1333333333333333
1376930807,1,2399.999729,819.1999074986667,34.13333333333333,524288.0,221247.73333333334,17.599999999999998,489.7333333333333,333.6666666666667,2.1333333333333333
1376931107,1,2399.999729,387.19995627866666,16.133333333333333,524288.0,181750.66666666666,25.133333333333333,276.8,103.93333333333334,1.3333333333333333
1376931407,1,2399.999729,366.3999586273334,15.266666666666667,524288.0,150992.8,0.8,267.46666666666664,101.66666666666667,1.2
1376931707,1,2399.999729,409.59995374933334,17.066666666666666,524288.0,156934.93333333332,10.466666666666667,302.1333333333333,127.0,1.8
1376932007,1,2399.999729,366.3999586273334,15.266666666666667,524288.0,139458.13333333333,7.933333333333334,269.6,98.46666666666667,1.6
1376932307,1,2399.999729,382.3999568206666,15.933333333333332,524288.0,156585.6,0.2,272.8,102.2,1.6
1376932607,1,2399.999729,369.59995826600004,15.4,524288.0,123381.06666666667,0.7333333333333333,270.26666666666665,99.8,1.4666666666666666
1376932907,1,2399.999729,385.5999564593333,16.066666666666666,524288.0,136313.6,8.466666666666667,281.1333333333333,102.13333333333334,1.4
1376933207,1,2399.999729,351.9999602533334,14.666666666666668,524288.0,132119.2,0.13333333333333333,255.60000000000002,95.93333333333334,1.3333333333333333
1376933507,1,2399.999729,390.39995591733333,16.266666666666666,524288.0,115342.13333333333,0.2,269.0,106.66666666666667,1.6666666666666667
1376933807,1,2399.999729,382.3999568206666,15.933333333333332,524288.0,134216.0,0.2,272.73333333333335,104.6,1.4
1376934107,1,2399.999729,383.99995664,16.0,524288.0,142253.86666666667,0.2,268.26666666666665,101.66666666666667,1.4
1376934407,1,2399.999729,375.9999575433334,15.666666666666668,524288.0,124780.0,2.4,269.26666666666665,107.6,1.2666666666666666
1376934707,1,2399.999729,391.99995573666666,16.333333333333332,524288.0,157284.0,0.6666666666666666,270.0,102.4,1.5333333333333334
1376935007,1,2399.999729,374.399957724,15.6,524288.0,125828.0,0.2,271.26666666666665,107.6,1.4
1376935307,1,2399.999729,425.59995194266673,17.733333333333334,524288.0,126875.2,7.466666666666667,299.4,127.26666666666667,1.7333333333333334
1376935607,1,2399.999729,363.1999589886667,15.133333333333333,524288.0,154138.4,0.7333333333333334,273.6,99.6,1.3333333333333333
1376935907,1,2399.999729,366.3999586273334,15.266666666666667,524288.0,126176.8,0.7999999999999999,270.4666666666667,100.8,1.6
1376936207,1,2399.999729,375.9999575433334,15.666666666666668,524288.0,120235.46666666666,0.06666666666666667,276.06666666666666,105.0,1.4666666666666666
1376936507,1,2399.999729,382.3999568206666,15.933333333333332,524288.0,132118.4,0.4666666666666667,273.0,99.53333333333333,1.4
1376936807,1,2399.999729,385.5999564593333,16.066666666666666,524288.0,130371.2,0.13333333333333333,263.1333333333333,98.2,1.4
1376937107,1,2399.999729,375.9999575433334,15.666666666666668,524288.0,129672.53333333334,0.3333333333333333,269.8666666666667,105.0,1.4666666666666666
1376937407,1,2399.999729,367.99995844666665,15.333333333333332,524288.0,137711.46666666667,0.2,271.4,105.86666666666666,1.2
1376937707,1,2399.999729,371.1999580853333,15.466666666666667,524288.0,131071.2,0.06666666666666667,256.0,98.13333333333334,1.4
1376938007,1,2399.999729,414.3999532073333,17.266666666666666,524288.0,130372.0,2.0,275.06666666666666,104.2,1.3333333333333333
1376938307,1,2399.999729,531.1999400186668,22.133333333333336,524288.0,132817.86666666667,0.6,292.6,128.86666666666667,1.3333333333333333
1376938607,1,2399.999729,441.59995013599996,18.4,524288.0,143653.33333333334,0.3333333333333333,266.5333333333333,107.13333333333334,1.5333333333333334
1376938907,1,2399.999729,415.9999530266666,17.333333333333332,524288.0,141207.2,7.133333333333333,286.93333333333334,120.93333333333334,1.6666666666666667
1376939208,1,2399.999729,409.59995374933334,17.066666666666666,524288.0,150993.33333333334,0.6666666666666667,280.4666666666667,112.73333333333333,1.6
1376939508,1,2399.999729,396.7999551946666,16.53333333333333,524288.0,132817.86666666667,0.2,264.53333333333336,100.8,1.5333333333333334
1376939808,1,2399.999729,404.79995429133334,16.866666666666667,524288.0,126526.13333333333,0.06666666666666667,265.8,99.53333333333333,1.3333333333333333
1376940108,1,2399.999729,383.99995664,16.0,524288.0,133167.2,0.33333333333333337,267.6,99.53333333333333,1.3333333333333333
1376940408,1,2399.999729,374.399957724,15.6,524288.0,132119.2,0.5333333333333333,261.6666666666667,96.93333333333334,1.3333333333333333
1376940708,1,2399.999729,388.79995609799994,16.2,524288.0,135265.6,0.26666666666666666,268.6666666666667,101.66666666666667,1.4666666666666666
1376941008,1,2399.999729,388.79995609799994,16.2,524288.0,145751.2,0.06666666666666667,269.2,99.46666666666667,1.2666666666666666
1376941308,1,2399.999729,388.79995609799994,16.2,524288.0,126876.8,0.2,265.1333333333333,97.66666666666667,1.2666666666666666
1376941608,1,2399.999729,383.99995664,16.0,524288.0,118486.4,2.1333333333333337,271.6666666666667,101.53333333333333,1.3333333333333333
1376941908,1,2399.999729,409.59995374933334,17.066666666666666,524288.0,125828.0,0.6000000000000001,274.1333333333333,103.66666666666667,1.5333333333333334
1376942208,1,2399.999729,385.5999564593333,16.066666666666666,524288.0,138410.66666666666,0.26666666666666666,265.6666666666667,98.4,1.2666666666666666
1376942508,1,2399.999729,425.59995194266673,17.733333333333334,524288.0,135614.66666666666,6.933333333333334,301.1333333333333,125.13333333333334,1.7333333333333334
1376942808,1,2399.999729,414.3999532073333,17.266666666666666,524288.0,160780.26666666666,0.7333333333333334,275.06666666666666,108.93333333333334,1.7333333333333334
1376943108,1,2399.999729,403.199954472,16.8,524288.0,148896.0,0.3333333333333333,264.4,102.86666666666666,1.6666666666666667
1376943408,1,2399.999729,403.199954472,16.8,524288.0,122681.6,0.0,272.4,112.8,1.2666666666666666
1376943708,1,2399.999729,419.1999526653334,17.46666666666667,524288.0,129672.0,9.266666666666666,280.0,109.8,1.2
1376944008,1,2399.999729,401.5999546526667,16.733333333333334,524288.0,137710.93333333332,0.26666666666666666,276.4666666666667,107.8,1.2666666666666666
1376944308,1,2399.999729,427.19995176200007,17.8,524288.0,159382.13333333333,0.2,278.2,111.06666666666666,1.2666666666666666
1376944608,1,2399.999729,399.9999548333334,16.666666666666668,524288.0,154138.66666666666,0.2,283.6666666666667,112.46666666666667,1.2666666666666666
1376944908,1,2399.999729,414.3999532073333,17.266666666666666,524288.0,125827.2,0.26666666666666666,281.73333333333335,109.33333333333333,1.2666666666666666
1376945208,1,2399.999729,382.3999568206666,15.933333333333332,524288.0,137012.53333333333,2.0,282.0,108.33333333333333,1.3333333333333333
1376945508,1,2399.999729,414.3999532073333,17.266666666666666,524288.0,163226.4,0.8,284.26666666666665,110.86666666666666,1.3333333333333333
1376945808,1,2399.999729,390.39995591733333,16.266666666666666,524288.0,144702.93333333332,0.4666666666666667,279.2,113.26666666666667,1.2666666666666666
1376946108,1,2399.999729,435.1999508586667,18.133333333333333,524288.0,154138.66666666666,9.2,308.4,131.66666666666666,1.7333333333333334
1376946408,1,2399.999729,388.79995609799994,16.2,524288.0,182449.6,7.733333333333333,277.26666666666665,106.8,1.6
1376946708,1,2399.999729,399.9999548333334,16.666666666666668,524288.0,157284.0,0.06666666666666667,278.6,107.66666666666667,1.6666666666666667
1376947008,1,2399.999729,422.399952304,17.6,524288.0,136313.6,0.2,281.4666666666667,106.93333333333334,1.4
1376947309,1,2399.999729,406.39995411066667,16.933333333333334,524288.0,161480.0,0.5333333333333333,274.2,106.86666666666666,1.2
1376947609,1,2399.999729,399.9999548333334,16.666666666666668,524288.0,164973.6,0.26666666666666666,273.4666666666667,104.2,1.2
1376947909,1,2399.999729,399.9999548333334,16.666666666666668,524288.0,150643.46666666667,0.3333333333333333,274.3333333333333,108.06666666666666,1.2666666666666666
1376948209,1,2399.999729,380.7999570013334,15.866666666666667,524288.0,142953.86666666667,0.4,276.1333333333333,105.66666666666667,1.2666666666666666
1376948509,1,2399.999729,375.9999575433334,15.666666666666668,524288.0,131070.66666666667,0.26666666666666666,269.6,103.06666666666666,1.2666666666666666
1376948809,1,2399.999729,417.599952846,17.4,524288.0,131420.0,2.2666666666666666,277.8666666666667,107.8,1.3333333333333333
1376949109,1,2399.999729,393.599955556,16.4,524288.0,150643.73333333334,0.6,279.0,106.8,1.3333333333333333
1376949408,1,2399.999729,391.99995573666666,16.333333333333332,524288.0,133517.33333333334,0.13333333333333333,271.5333333333333,104.06666666666666,1.3333333333333333
1376949709,1,2399.999729,468.79994706466664,19.53333333333333,524288.0,147148.26666666666,16.2,319.06666666666666,150.13333333333333,1.6666666666666667
1376950009,1,2399.999729,655.9999259266667,27.333333333333336,524288.0,231733.33333333334,5.6,355.2,147.46666666666667,1.5333333333333334
1376950309,1,2399.999729,620.7999299013333,25.866666666666664,524288.0,184198.13333333333,0.6666666666666666,310.6,113.86666666666666,1.4
1376950609,1,2399.999729,566.399936044,23.6,524288.0,146098.93333333332,0.13333333333333333,292.26666666666665,101.86666666666666,1.4
1376950909,1,2399.999729,543.9999385733332,22.666666666666664,524288.0,161829.06666666668,0.7333333333333334,285.06666666666666,98.73333333333333,1.2
1376951209,1,2399.999729,519.9999412833333,21.666666666666664,524288.0,148547.46666666667,0.06666666666666667,286.06666666666666,96.46666666666667,1.2
1376951509,1,2399.999729,572.7999353213334,23.866666666666664,524288.0,134216.0,0.2,299.79999999999995,107.53333333333333,1.3333333333333333
1376951809,1,2399.999729,591.9999331533334,24.666666666666664,524288.0,143653.6,0.0,321.5333333333333,129.06666666666666,1.2666666666666666
1376952109,1,2399.999729,550.3999378506667,22.933333333333334,524288.0,136313.86666666667,0.06666666666666667,288.2,97.4,1.2666666666666666
1376952409,1,2399.999729,535.9999394766668,22.333333333333336,524288.0,145400.26666666666,2.0,287.26666666666665,98.13333333333334,1.2666666666666666
1376952709,1,2399.999729,545.5999383926668,22.733333333333334,524288.0,140158.4,0.06666666666666667,292.33333333333337,97.53333333333333,1.3333333333333333
1376953009,1,2399.999729,521.5999411026667,21.733333333333334,524288.0,130371.46666666666,0.13333333333333333,283.26666666666665,99.73333333333333,1.2666666666666666
1376953309,1,2399.999729,572.7999353213334,23.866666666666664,524288.0,131069.6,318.4,376.4,133.06666666666666,1.6
1376953610,1,2399.999729,583.9999340566668,24.333333333333336,524288.0,284512.0,1005.4,488.73333333333335,125.53333333333333,1.4
1376953910,1,2399.999729,503.99994309,21.0,524288.0,325406.6666666667,1028.7333333333333,489.0666666666666,106.06666666666666,1.6
1376954210,1,2399.999729,587.1999336953334,24.466666666666665,524288.0,367698.6666666667,1178.2,435.93333333333334,105.26666666666667,1.2
1376954510,1,2399.999729,2369.5997324326668,98.73333333333333,524288.0,382728.0,2022.7333333333333,338.73333333333335,104.0,1.2
1376954810,1,2399.999729,2422.399726470667,100.93333333333334,524288.0,363154.93333333335,1927.3333333333335,349.0,108.6,1.1333333333333333
1376955110,1,2399.999729,2460.7997221346673,102.53333333333335,524288.0,332746.13333333336,2198.733333333333,347.0,103.0,1.1333333333333333
1376955410,1,2399.999729,2297.5997405626667,95.73333333333333,524288.0,395661.06666666665,1973.8,365.2,105.06666666666666,1.2
1376955710,1,2399.999729,2503.999717256667,104.33333333333334,524288.0,341833.6,1180.8666666666666,305.1333333333333,103.66666666666667,1.1333333333333333
1376956010,1,2399.999729,2553.599711656,106.4,524288.0,389019.4666666667,1223.4666666666667,307.93333333333334,104.73333333333333,1.2666666666666666
1376956310,1,2399.999729,2580.799708584667,107.53333333333335,524288.0,397408.8,1254.7333333333333,312.1333333333333,106.06666666666666,1.1333333333333333
1376956610,1,2399.999729,2478.3997201473335,103.26666666666667,524288.0,391116.8,1198.3333333333333,302.3333333333333,101.8,1.2
1376956910,1,2399.999729,2556.7997112946673,106.53333333333335,524288.0,395311.2,1180.2666666666667,372.4,166.6,1.5333333333333334
1376957210,1,2399.999729,2399.999729,100.0,524288.0,389020.0,1541.6,353.06666666666666,104.26666666666667,1.4666666666666666
1376957510,1,2399.999729,2377.5997315293334,99.06666666666666,524288.0,297794.4,2036.466666666667,363.06666666666666,106.26666666666667,1.3333333333333333
1376957810,1,2399.999729,2431.9997253866673,101.33333333333334,524288.0,273676.8,2051.5333333333333,339.4,98.6,1.1333333333333333
1376958110,1,2399.999729,2483.199719605333,103.46666666666665,524288.0,361756.8,2895.666666666667,432.0,100.86666666666666,1.2666666666666666
1376958410,1,2399.999729,2457.599722496,102.4,524288.0,432010.4,2830.5333333333338,423.8,96.06666666666666,1.2
1376958710,1,2399.999729,2420.7997266513335,100.86666666666666,524288.0,426068.5333333333,2613.666666666667,419.1333333333333,102.46666666666667,1.2
1376959010,1,2399.999729,2350.3997346006668,97.93333333333334,524288.0,419079.2,2330.3999999999996,397.3333333333333,97.13333333333334,1.2
1376959310,1,2399.999729,417.599952846,17.4,524288.0,345678.6666666667,3.533333333333333,286.4666666666667,97.4,1.0666666666666667
1376959610,1,2399.999729,300.7999660346667,12.533333333333333,524288.0,191538.13333333333,15.266666666666667,289.6666666666667,96.86666666666666,1.2
1376959910,1,2399.999729,311.99996477,13.0,524288.0,133167.73333333334,22.866666666666667,294.06666666666666,101.73333333333333,1.1333333333333333
1376960210,1,2399.999729,308.79996513133335,12.866666666666667,524288.0,120933.33333333333,0.2,284.3333333333333,97.13333333333334,1.1333333333333333
1376960510,1,2399.999729,332.7999624213333,13.866666666666667,524288.0,117089.06666666667,9.933333333333334,326.66666666666663,127.8,1.4666666666666666
1376960810,1,2399.999729,334.39996224066664,13.933333333333332,524288.0,147848.0,0.4666666666666667,302.06666666666666,111.2,1.2666666666666666
1376961110,1,2399.999729,315.1999644086667,13.133333333333333,524288.0,138759.73333333334,0.06666666666666667,293.5333333333333,101.2,1.4
1376961410,1,2399.999729,305.5999654926667,12.733333333333333,524288.0,128273.86666666667,0.13333333333333333,295.4,100.26666666666667,1.2666666666666666
1376961710,1,2399.999729,313.5999645893334,13.066666666666668,524288.0,131769.33333333334,0.0,294.26666666666665,99.8,1.2666666666666666
1376962010,1,2399.999729,300.7999660346667,12.533333333333333,524288.0,127225.86666666667,0.13333333333333333,285.8,96.46666666666667,1.1333333333333333
1376962311,1,2399.999729,315.1999644086667,13.133333333333333,524288.0,136662.66666666666,1.0666666666666667,299.33333333333337,105.0,1.2666666666666666
1376962611,1,2399.999729,321.599963686,13.4,524288.0,124080.0,0.2,296.93333333333334,101.26666666666667,1.4
1376962911,1,2399.999729,316.79996422799996,13.2,524288.0,118486.4,0.06666666666666667,290.4666666666667,99.53333333333333,1.1333333333333333
1376963211,1,2399.999729,310.39996495066663,12.933333333333332,524288.0,120934.13333333333,3.6666666666666665,289.1333333333333,96.86666666666666,1.2
1376963511,1,2399.999729,321.599963686,13.4,524288.0,152041.6,0.6666666666666667,302.26666666666665,103.2,1.2
1376963811,1,2399.999729,308.79996513133335,12.866666666666667,524288.0,134216.0,0.13333333333333333,290.06666666666666,98.93333333333334,1.0666666666666667
1376964111,1,2399.999729,335.99996206000003,14.0,524288.0,113244.8,6.866666666666666,324.73333333333335,125.2,1.4
1376964411,1,2399.999729,479.9999458,20.0,524288.0,274375.73333333334,1389.8,428.8,106.6,2.1333333333333333
1376964711,1,2399.999729,535.9999394766668,22.333333333333336,524288.0,362106.4,4.0,348.20000000000005,108.0,1.3333333333333333
1376965011,1,2399.999729,339.19996169866664,14.133333333333333,524288.0,254102.93333333332,1.4666666666666666,305.06666666666666,110.66666666666667,1.2
1376965311,1,2399.999729,363.1999589886667,15.133333333333333,524288.0,219150.13333333333,34.46666666666667,294.1333333333333,101.33333333333333,1.1333333333333333
1376965611,1,2399.999729,435.1999508586667,18.133333333333333,524288.0,186995.46666666667,0.6,298.26666666666665,97.6,1.2
1376965911,1,2399.999729,369.59995826600004,15.4,524288.0,181751.2,0.4666666666666667,281.6666666666667,99.13333333333334,0.9333333333333333
1376966211,1,2399.999729,364.799958808,15.2,524288.0,175460.26666666666,0.6,292.26666666666665,99.6,1.2
1376966511,1,2399.999729,366.3999586273334,15.266666666666667,524288.0,161827.73333333334,0.06666666666666667,282.0,96.93333333333334,1.0666666666666667
1376966811,1,2399.999729,375.9999575433334,15.666666666666668,524288.0,163924.8,2.5333333333333337,288.26666666666665,98.26666666666667,1.0666666666666667
1376967111,1,2399.999729,367.99995844666665,15.333333333333332,524288.0,171965.06666666668,0.8666666666666667,291.8666666666667,100.4,1.0
1376967411,1,2399.999729,345.599960976,14.4,524288.0,163926.66666666666,0.13333333333333333,278.5333333333333,95.93333333333334,0.8666666666666667
1376967711,1,2399.999729,388.79995609799994,16.2,524288.0,143652.0,16.066666666666666,316.66666666666663,122.53333333333333,1.4
1376968011,1,2399.999729,347.1999607953333,14.466666666666667,524288.0,174410.93333333332,0.06666666666666667,284.4,97.8,1.1333333333333333
1376968311,1,2399.999729,380.7999570013334,15.866666666666667,524288.0,152041.86666666667,0.0,277.1333333333333,98.53333333333333,1.3333333333333333
1376968611,1,2399.999729,350.39996043400004,14.6,524288.0,151691.73333333334,0.13333333333333333,284.73333333333335,100.06666666666666,0.9333333333333333
1376968911,1,2399.999729,361.5999591693334,15.066666666666668,524288.0,156235.46666666667,0.26666666666666666,281.1333333333333,100.13333333333334,1.0
1376969211,1,2399.999729,340.799961518,14.2,524288.0,152741.06666666668,0.2,277.33333333333337,95.86666666666666,0.9333333333333333
1376969511,1,2399.999729,366.3999586273334,15.266666666666667,524288.0,149944.8,0.13333333333333333,285.20000000000005,107.06666666666666,1.0666666666666667
1376969811,1,2399.999729,339.19996169866664,14.133333333333333,524288.0,144701.6,0.0,285.93333333333334,97.8,0.8666666666666667
1376970111,1,2399.999729,363.1999589886667,15.133333333333333,524288.0,120584.8,0.13333333333333333,286.06666666666666,102.6,1.0
1376970411,1,2399.999729,363.1999589886667,15.133333333333333,524288.0,116390.4,1.8666666666666667,283.4666666666667,97.6,1.0
1376970711,1,2399.999729,347.1999607953333,14.466666666666667,524288.0,147847.2,0.26666666666666666,286.5333333333333,99.53333333333333,1.1333333333333333
1376971011,1,2399.999729,364.799958808,15.2,524288.0,119885.33333333333,0.3333333333333333,282.0,101.8,1.0
1376971311,1,2399.999729,401.5999546526667,16.733333333333334,524288.0,145051.2,5.733333333333333,318.3333333333333,126.66666666666667,1.4666666666666666
1376971611,1,2399.999729,443.1999499553334,18.46666666666667,524288.0,169168.53333333333,0.13333333333333333,308.4666666666667,115.8,1.4
1376971911,1,2399.999729,455.99994851,19.0,524288.0,144352.53333333333,0.8,323.06666666666666,131.33333333333334,1.2666666666666666
1376972211,1,2399.999729,427.19995176200007,17.8,524288.0,137710.4,0.4666666666666667,299.8666666666667,114.26666666666667,0.9333333333333333
1376972512,1,2399.999729,380.7999570013334,15.866666666666667,524288.0,162527.73333333334,18.466666666666665,285.1333333333333,97.26666666666667,1.1333333333333333
1376972812,1,2399.999729,380.7999570013334,15.866666666666667,524288.0,173711.46666666667,416.1333333333333,294.73333333333335,95.73333333333333,1.0
1376973112,1,2399.999729,431.99995122,18.0,524288.0,239773.06666666668,320.53333333333336,304.26666666666665,99.46666666666667,1.5333333333333334
1376973412,1,2399.999729,371.1999580853333,15.466666666666667,524288.0,188042.66666666666,0.9333333333333333,285.4,100.13333333333334,1.0
1376973712,1,2399.999729,367.99995844666665,15.333333333333332,524288.0,146100.0,0.6666666666666666,279.66666666666663,97.93333333333334,1.0666666666666667
1376974012,1,2399.999729,355.19995989200004,14.8,524288.0,131420.0,9.466666666666667,281.46666666666664,97.46666666666667,1.0
1376974312,1,2399.999729,379.19995718200005,15.8,524288.0,134564.8,17.26666666666667,292.06666666666666,107.46666666666667,1.0
1376974612,1,2399.999729,355.19995989200004,14.8,524288.0,137362.4,0.39999999999999997,275.26666666666665,97.13333333333334,0.9333333333333333
1376974912,1,2399.999729,412.799953388,17.2,524288.0,130022.4,6.733333333333333,318.2,129.26666666666668,1.4666666666666666
1376975212,1,2399.999729,369.59995826600004,15.4,524288.0,163226.13333333333,7.4,284.8666666666667,102.6,1.2666666666666666
1376975512,1,2399.999729,388.79995609799994,16.2,524288.0,140507.46666666667,0.06666666666666667,278.33333333333337,101.46666666666667,1.2
1376975812,1,2399.999729,371.1999580853333,15.466666666666667,524288.0,154138.93333333332,0.3333333333333333,286.2,105.13333333333334,1.0666666666666667
1376976112,1,2399.999729,364.799958808,15.2,524288.0,134216.0,8.066666666666666,278.73333333333335,99.13333333333334,1.0
1376976412,1,2399.999729,367.99995844666665,15.333333333333332,524288.0,139459.2,0.13333333333333333,272.4666666666667,96.33333333333333,1.1333333333333333
1376976712,1,2399.999729,380.7999570013334,15.866666666666667,524288.0,125827.2,0.2,287.2,107.0,1.2
1376977012,1,2399.999729,382.3999568206666,15.933333333333332,524288.0,127924.8,0.13333333333333333,282.93333333333334,102.2,1.1333333333333333
1376977312,1,2399.999729,380.7999570013334,15.866666666666667,524288.0,126876.0,0.06666666666666667,281.73333333333335,101.66666666666667,1.1333333333333333
1376977612,1,2399.999729,371.1999580853333,15.466666666666667,524288.0,137362.13333333333,0.6666666666666667,280.6666666666667,98.26666666666667,1.1333333333333333
1376977912,1,2399.999729,379.19995718200005,15.8,524288.0,124778.4,0.6666666666666667,293.73333333333335,106.66666666666667,1.1333333333333333
1376978212,1,2399.999729,361.5999591693334,15.066666666666668,524288.0,135264.8,0.06666666666666667,275.6666666666667,97.33333333333333,1.0666666666666667
1376978512,1,2399.999729,409.59995374933334,17.066666666666666,524288.0,126526.4,7.466666666666667,308.4666666666667,123.93333333333334,1.6
1376978812,1,2399.999729,364.799958808,15.2,524288.0,144701.6,1.4666666666666666,286.8,98.93333333333334,1.4
1376979112,1,2399.999729,423.99995212333334,17.666666666666668,524288.0,144701.33333333334,0.0,286.5333333333333,103.0,1.4
1376979412,1,2399.999729,361.5999591693334,15.066666666666668,524288.0,133866.4,0.06666666666666667,286.5333333333333,100.13333333333334,1.2
1376979712,1,2399.999729,363.1999589886667,15.133333333333333,524288.0,132817.6,0.4,282.93333333333334,100.13333333333334,1.2666666666666666
1376980012,1,2399.999729,356.7999597113334,14.866666666666667,524288.0,148896.8,0.13333333333333333,290.26666666666665,106.8,1.2
1376980312,1,2399.999729,380.7999570013334,15.866666666666667,524288.0,136313.86666666667,0.26666666666666666,292.93333333333334,112.33333333333333,1.3333333333333333
1376980612,1,2399.999729,359.99995935,15.0,524288.0,147848.26666666666,0.2,286.33333333333337,103.13333333333334,1.2666666666666666
1376980912,1,2399.999729,371.1999580853333,15.466666666666667,524288.0,133166.93333333332,0.06666666666666667,282.4666666666667,99.93333333333334,1.2
1376981212,1,2399.999729,367.99995844666665,15.333333333333332,524288.0,142953.06666666668,0.6,287.4,100.73333333333333,1.2
1376981512,1,2399.999729,430.3999514006667,17.933333333333334,524288.0,161829.06666666668,0.6666666666666667,293.5333333333333,105.6,1.3333333333333333
1376981812,1,2399.999729,1257.599857996,52.4,524288.0,167420.8,0.6000000000000001,736.0,582.2,4.6
1376982112,1,2399.999729,1390.3998430006666,57.93333333333333,524288.0,269831.2,251.93333333333334,804.5333333333333,629.8,3.466666666666667
1376982412,1,2399.999729,707.1999201453333,29.466666666666665,524288.0,292550.93333333335,10.133333333333333,455.53333333333336,269.6,1.8
1376982712,1,2399.999729,399.9999548333334,16.666666666666668,524288.0,198878.13333333333,0.6666666666666666,300.53333333333336,111.93333333333334,1.4
1376983012,1,2399.999729,367.99995844666665,15.333333333333332,524288.0,152741.6,0.5333333333333333,294.0,102.6,1.3333333333333333
1376983312,1,2399.999729,374.399957724,15.6,524288.0,133517.6,8.4,300.46666666666664,109.8,1.2
1376983612,1,2399.999729,387.19995627866666,16.133333333333333,524288.0,130021.86666666667,0.3333333333333333,291.06666666666666,105.8,1.2
1376983912,1,2399.999729,385.5999564593333,16.066666666666666,524288.0,141906.13333333333,0.3333333333333333,290.93333333333334,105.26666666666667,1.2666666666666666
1376984212,1,2399.999729,379.19995718200005,15.8,524288.0,151691.73333333334,0.2,291.73333333333335,103.53333333333333,1.2
1376984512,1,2399.999729,364.799958808,15.2,524288.0,142255.46666666667,0.26666666666666666,289.3333333333333,100.13333333333334,1.1333333333333333
1376984812,1,2399.999729,401.5999546526667,16.733333333333334,524288.0,127925.06666666667,3.9333333333333336,292.8,103.86666666666666,1.2
1376985112,1,2399.999729,387.19995627866666,16.133333333333333,524288.0,144002.93333333332,3.533333333333333,295.26666666666665,104.26666666666667,1.1333333333333333
1376985412,1,2399.999729,388.79995609799994,16.2,524288.0,153090.4,0.2,293.4666666666667,102.4,1.2666666666666666
1376985712,1,2399.999729,463.9999476066667,19.333333333333332,524288.0,154139.46666666667,164.66666666666666,330.0,124.73333333333333,1.6666666666666667
1376986012,1,2399.999729,609.599931166,25.4,524288.0,198878.93333333332,1.7333333333333334,332.4666666666667,126.6,2.466666666666667
1376986312,1,2399.999729,798.3999098473333,33.266666666666666,524288.0,157284.8,0.26666666666666666,400.8,219.53333333333333,1.8
1376986612,1,2399.999729,1425.5998390260002,59.4,524288.0,210411.46666666667,0.6,424.0,234.13333333333333,1.3333333333333333
1376986912,1,2399.999729,865.5999022593334,36.06666666666666,524288.0,189790.4,252.8,478.40000000000003,214.13333333333333,6.466666666666667
1376987212,1,2399.999729,1087.9998771466664,45.33333333333333,524288.0,373292.26666666666,1023.1333333333333,647.8666666666667,347.8,6.066666666666666
1376987512,1,2399.999729,911.99989702,38.0,524288.0,376786.6666666667,141.2,527.4,338.3333333333333,1.2666666666666666
1376987812,1,2399.999729,1147.199870462,47.8,524288.0,320862.4,4.0,596.8666666666667,441.4,1.2
1376988112,1,2399.999729,1139.1998713653334,47.46666666666667,524288.0,314920.0,1.4666666666666666,616.6666666666666,458.6666666666667,1.3333333333333333
1376988412,1,2399.999729,979.199889432,40.8,524288.0,300589.86666666664,17.266666666666666,527.0,347.06666666666666,1.3333333333333333
1376988712,1,2399.999729,804.7999091246666,33.53333333333333,524288.0,272628.0,25.866666666666667,430.0666666666666,212.46666666666667,1.4
1376989012,1,2399.999729,1006.3998863606665,41.93333333333333,524288.0,218101.6,1.2666666666666666,617.4,442.0,1.3333333333333333
1376989312,1,2399.999729,1281.599855286,53.4,524288.0,275774.6666666667,257.66666666666663,639.9333333333333,412.26666666666665,2.2
1376989612,1,2399.999729,903.9998979233334,37.666666666666664,524288.0,289405.86666666664,10.2,410.3333333333333,201.8,1.5333333333333334
1376989912,1,2399.999729,537.599939296,22.4,524288.0,218102.4,1.8666666666666667,354.2,153.33333333333334,2.1333333333333333
1376990212,1,2399.999729,598.3999324306667,24.933333333333334,524288.0,185596.26666666666,1.0,392.2,195.93333333333334,1.4
1376990512,1,2399.999729,886.3998999106668,36.93333333333334,524288.0,189090.93333333332,16.866666666666667,471.26666666666665,276.8,1.4
1376990812,1,2399.999729,948.7998928646666,39.53333333333333,524288.0,225092.8,0.5333333333333333,461.4,273.06666666666666,1.3333333333333333
1376991112,1,2399.999729,895.9998988266667,37.333333333333336,524288.0,201325.6,0.8,447.4,259.6,1.4666666666666666
1376991412,1,2399.999729,547.199938212,22.8,524288.0,186993.33333333334,1.5999999999999999,350.6,148.33333333333334,1.2666666666666666
1376991712,1,2399.999729,1078.3998782306667,44.93333333333333,524288.0,198178.66666666666,0.8666666666666667,553.1333333333333,372.26666666666665,1.3333333333333333
1376992012,1,2399.999729,1051.199881302,43.8,524288.0,238024.0,9.799999999999999,437.53333333333336,244.8,1.2
1376992312,1,2399.999729,1046.399881844,43.6,524288.0,213907.2,23.400000000000002,466.26666666666665,275.8666666666667,1.2
1376992612,1,2399.999729,628.799928998,26.2,524288.0,215305.6,1.1333333333333333,412.79999999999995,226.93333333333334,1.0666666666666667
1376992913,1,2399.999729,785.5999112926667,32.733333333333334,524288.0,197829.86666666667,252.86666666666667,450.20000000000005,249.46666666666667,1.8666666666666667
1376993213,1,2399.999729,854.3999035240001,35.6,524288.0,287308.0,9.333333333333334,482.1333333333333,286.8666666666667,1.6
1376993513,1,2399.999729,499.19994363200004,20.8,524288.0,225442.4,1.5333333333333332,335.0,156.26666666666668,1.3333333333333333
1376993813,1,2399.999729,638.399927914,26.6,524288.0,205518.4,0.8,393.1333333333333,179.66666666666666,1.4
1376994123,1,2399.999729,873.599901356,36.4,524288.0,210412.26666666666,15.200000000000001,489.6666666666667,301.26666666666665,1.3333333333333333
1376994423,1,2399.999729,995.1998876253333,41.46666666666667,524288.0,247462.66666666666,1.0,508.66666666666663,326.73333333333335,1.2
1376994724,1,2399.999729,929.5998950326667,38.733333333333334,524288.0,241171.2,1.1333333333333333,517.2666666666667,336.26666666666665,1.3333333333333333
1376995024,1,2399.999729,902.399898104,37.6,524288.0,254802.4,1.8,513.0666666666667,327.6,1.2
1376995324,1,2399.999729,924.7998955746667,38.53333333333333,524288.0,262841.6,0.7999999999999999,492.66666666666663,308.53333333333336,1.3333333333333333
1376995624,1,2399.999729,559.9999367666667,23.333333333333336,524288.0,229636.8,10.6,338.6666666666667,143.73333333333332,1.2
1376995924,1,2399.999729,495.9999439933333,20.666666666666664,524288.0,182450.4,21.733333333333334,341.6666666666667,148.73333333333332,1.3333333333333333
1376996224,1,2399.999729,563.1999364053333,23.466666666666665,524288.0,175109.6,0.6,354.06666666666666,166.93333333333334,1.0
1376996524,1,2399.999729,863.99990244,36.0,524288.0,231732.8,249.06666666666666,492.4,300.06666666666666,2.066666666666667
1376996824,1,2399.999729,1230.3998610673336,51.26666666666667,524288.0,262492.0,10.0,509.0666666666667,320.46666666666664,3.1333333333333333
1376997124,1,2399.999729,996.7998874446666,41.53333333333333,524288.0,267385.6,0.8666666666666667,520.5333333333333,337.73333333333335,2.6666666666666665
1376997424,1,2399.999729,1044.7998820246667,43.53333333333333,524288.0,254103.46666666667,0.6666666666666666,499.66666666666663,317.46666666666664,1.4666666666666666
1376997724,1,2399.999729,975.9998897933333,40.666666666666664,524288.0,289055.73333333334,27.266666666666666,483.8666666666667,293.6,1.4
1376998024,1,2399.999729,873.599901356,36.4,524288.0,240820.53333333333,0.9333333333333333,412.1333333333333,217.86666666666667,1.4666666666666666
1376998324,1,2399.999729,1182.3998664873334,49.26666666666667,524288.0,214956.0,1.2,637.1333333333333,463.93333333333334,2.1333333333333333
1376998624,1,2399.999729,1111.9998744366667,46.33333333333333,524288.0,267384.8,1.4666666666666666,428.66666666666663,222.0,1.6
1376998924,1,2399.999729,729.599917616,30.4,524288.0,213908.0,0.9333333333333333,380.0,188.33333333333334,1.6666666666666667
1376999224,1,2399.999729,606.3999315273334,25.266666666666666,524288.0,210412.53333333333,6.0,382.0,188.06666666666666,1.4666666666666666
1376999524,1,2399.999729,575.99993496,24.0,524288.0,185246.66666666666,17.866666666666664,343.66666666666663,142.2,1.4666666666666666
1376999824,1,2399.999729,774.3999125573333,32.266666666666666,524288.0,177906.4,0.7999999999999999,445.66666666666663,263.06666666666666,1.2666666666666666
1377000124,1,2399.999729,1118.399873714,46.6,524288.0,242218.93333333332,253.8,563.0666666666667,366.53333333333336,1.6
1377000424,1,2399.999729,889.5998995493334,37.06666666666666,524288.0,318416.0,9.933333333333334,445.53333333333336,248.2,1.6666666666666667
1377000724,1,2399.999729,611.1999309853334,25.466666666666665,524288.0,243617.86666666667,1.0666666666666667,377.93333333333334,181.46666666666667,1.4
1377001024,1,2399.999729,467.19994724533336,19.46666666666667,524288.0,184547.73333333334,1.0,322.8666666666667,118.86666666666666,1.4
1377001324,1,2399.999729,425.59995194266673,17.733333333333334,524288.0,157983.2,15.333333333333334,314.93333333333334,110.53333333333333,1.2666666666666666
1377001624,1,2399.999729,438.39995049733335,18.266666666666666,524288.0,163576.0,0.4,314.4,108.06666666666666,1.2
1377001924,1,2399.999729,427.19995176200007,17.8,524288.0,167769.6,0.4666666666666667,327.2,120.46666666666667,1.3333333333333333
1377002224,1,2399.999729,436.799950678,18.2,524288.0,147847.2,0.6,320.4,112.46666666666667,1.3333333333333333
1377002524,1,2399.999729,379.19995718200005,15.8,524288.0,146799.2,0.4666666666666667,311.8666666666667,106.73333333333333,1.2666666666666666
1377002824,1,2399.999729,395.1999553753334,16.46666666666667,524288.0,130021.6,4.0,316.6,113.66666666666667,1.1333333333333333
1377003125,1,2399.999729,391.99995573666666,16.333333333333332,524288.0,146798.4,1.4,313.2,105.8,1.2666666666666666
1377003425,1,2399.999729,396.7999551946666,16.53333333333333,524288.0,159731.2,0.5333333333333333,309.0,104.4,1.2666666666666666
1377003725,1,2399.999729,462.39994778733336,19.266666666666666,524288.0,167421.33333333334,171.39999999999998,343.5333333333333,129.8,1.7333333333333334
1377004025,1,2399.999729,459.19994814866664,19.133333333333333,524288.0,251307.2,121.6,348.8666666666667,124.26666666666667,2.2
1377004325,1,2399.999729,748.799915448,31.2,524288.0,205868.8,179.2,496.3333333333333,273.53333333333336,3.0
1377004625,1,2399.999729,518.3999414640001,21.6,524288.0,322610.6666666667,892.5333333333333,442.26666666666665,109.06666666666666,1.8666666666666667
1377004925,1,2399.999729,897.599898646,37.4,524288.0,386223.4666666667,426.93333333333334,474.6,244.6,3.0
1377005225,1,2399.999729,606.3999315273334,25.266666666666666,524288.0,314920.0,1.2,372.8,169.13333333333333,1.2666666666666666
1377005525,1,2399.999729,739.1999165320001,30.8,524288.0,217403.2,0.8666666666666667,397.93333333333334,205.73333333333332,1.3333333333333333
1377005825,1,2399.999729,750.3999152673334,31.266666666666666,524288.0,210412.26666666666,0.7333333333333333,388.59999999999997,193.33333333333334,1.2
1377006125,1,2399.999729,679.9999232166668,28.333333333333336,524288.0,214955.2,1.2666666666666666,375.8666666666667,184.4,1.2666666666666666
1377006425,1,2399.999729,702.3999206873334,29.266666666666666,524288.0,186645.6,11.133333333333333,372.6666666666667,176.06666666666666,1.3333333333333333
1377006725,1,2399.999729,526.3999405606668,21.933333333333334,524288.0,177208.0,22.46666666666667,318.1333333333333,110.6,1.3333333333333333
1377007025,1,2399.999729,457.59994832933336,19.066666666666666,524288.0,162528.0,0.4666666666666667,304.0,102.86666666666666,1.2666666666666666
1377007325,1,2399.999729,503.99994309,21.0,524288.0,182449.86666666667,250.86666666666667,344.6,134.8,2.1333333333333333
1377007625,1,2399.999729,526.3999405606668,21.933333333333334,524288.0,242569.6,8.533333333333333,338.1333333333333,124.86666666666666,2.3333333333333335
1377007925,1,2399.999729,523.199940922,21.8,524288.0,185945.33333333334,1.0666666666666667,359.4666666666667,151.53333333333333,1.4
1377008225,1,2399.999729,513.599942006,21.4,524288.0,170216.53333333333,0.4,358.3333333333333,151.8,1.2666666666666666
1377008525,1,2399.999729,534.3999396573333,22.266666666666666,524288.0,181052.26666666666,26.333333333333336,369.1333333333333,157.26666666666668,1.3333333333333333
1377008825,1,2399.999729,487.99994489666665,20.333333333333332,524288.0,184548.26666666666,0.7999999999999999,360.4666666666667,152.0,1.2666666666666666
1377009125,1,2399.999729,499.19994363200004,20.8,524288.0,184198.93333333332,0.26666666666666666,368.26666666666665,157.73333333333332,1.3333333333333333
1377009425,1,2399.999729,507.19994272866677,21.133333333333336,524288.0,149595.2,0.3333333333333333,376.2,167.13333333333333,1.2
1377009725,1,2399.999729,463.9999476066667,19.333333333333332,524288.0,166371.73333333334,0.3333333333333333,336.73333333333335,135.4,1.2666666666666666
1377010025,1,2399.999729,545.5999383926668,22.733333333333334,524288.0,163575.73333333334,2.7333333333333334,395.0,190.53333333333333,1.3333333333333333
1377010325,1,2399.999729,452.7999488713334,18.866666666666667,524288.0,180353.33333333334,16.53333333333333,334.1333333333333,129.93333333333334,1.4
1377010625,1,2399.999729,603.1999318886668,25.133333333333336,524288.0,173712.53333333333,0.5333333333333333,381.4666666666667,184.93333333333334,1.2
1377010925,1,2399.999729,668.7999244813333,27.866666666666664,524288.0,186994.4,252.13333333333333,417.40000000000003,206.06666666666666,1.7333333333333334
1377011226,1,2399.999729,663.9999250233334,27.666666666666664,524288.0,256899.2,8.466666666666667,407.26666666666665,209.53333333333333,1.5333333333333334
1377011526,1,2399.999729,692.7999217713333,28.866666666666664,524288.0,180353.6,1.2666666666666666,376.79999999999995,192.8,1.2666666666666666
1377011826,1,2399.999729,775.9999123766668,32.333333333333336,524288.0,177208.0,1.0,420.73333333333335,224.73333333333332,1.3333333333333333
1377012126,1,2399.999729,582.3999342373334,24.266666666666666,524288.0,166721.6,16.2,346.1333333333333,149.93333333333334,1.3333333333333333
1377012426,1,2399.999729,567.9999358633333,23.666666666666664,524288.0,170216.53333333333,0.26666666666666666,348.6,154.13333333333333,1.3333333333333333
1377012726,1,2399.999729,454.3999486906667,18.933333333333334,524288.0,139109.06666666668,0.6,318.93333333333334,123.73333333333333,1.2666666666666666
1377013026,1,2399.999729,470.3999468840001,19.6,524288.0,133867.46666666667,0.4666666666666667,328.06666666666666,132.0,1.2666666666666666
1377013326,1,2399.999729,417.599952846,17.4,524288.0,123730.4,0.7333333333333333,300.4666666666667,111.93333333333334,1.1333333333333333
1377013626,1,2399.999729,387.19995627866666,16.133333333333333,524288.0,139109.86666666667,4.533333333333333,308.93333333333334,114.93333333333334,1.2
1377013926,1,2399.999729,380.7999570013334,15.866666666666667,524288.0,135264.8,1.6666666666666665,292.4666666666667,101.06666666666666,1.2666666666666666
1377014226,1,2399.999729,380.7999570013334,15.866666666666667,524288.0,140508.0,0.3333333333333333,299.73333333333335,108.26666666666667,1.2666666666666666
1377014526,1,2399.999729,423.99995212333334,17.666666666666668,524288.0,126875.46666666666,7.133333333333334,323.4,128.2,1.6
1377014825,1,2399.999729,377.59995736266666,15.733333333333333,524288.0,148195.46666666667,1.0666666666666667,293.93333333333334,103.73333333333333,1.7333333333333334
1377015125,1,2399.999729,387.19995627866666,16.133333333333333,524288.0,141905.06666666668,0.06666666666666667,287.0,100.93333333333334,1.1333333333333333
1377015425,1,2399.999729,385.5999564593333,16.066666666666666,524288.0,131421.06666666668,0.26666666666666666,294.73333333333335,105.26666666666667,1.3333333333333333
1377015725,1,2399.999729,371.1999580853333,15.466666666666667,524288.0,161479.2,0.8,287.8666666666667,99.46666666666667,1.4666666666666666
1377016025,1,2399.999729,348.7999606146667,14.533333333333333,524288.0,136312.8,0.2,287.06666666666666,99.33333333333333,1.3333333333333333
1377016325,1,2399.999729,348.7999606146667,14.533333333333333,524288.0,144701.6,0.6666666666666666,300.6,113.2,1.6666666666666667
1377016625,1,2399.999729,1148.7998702813334,47.86666666666667,524288.0,169517.86666666667,0.7999999999999999,791.1333333333333,640.2666666666667,3.6666666666666665
1377016925,1,2399.999729,1236.7998603446667,51.53333333333333,524288.0,240122.13333333333,1.4,769.6666666666667,618.0,2.933333333333333
1377017225,1,2399.999729,713.5999194226667,29.733333333333334,524288.0,219849.6,7.533333333333333,474.59999999999997,294.6666666666667,2.1333333333333333
1377017526,1,2399.999729,353.59996007266665,14.733333333333333,524288.0,187692.8,18.733333333333334,286.1333333333333,97.46666666666667,1.3333333333333333
1377017826,1,2399.999729,347.1999607953333,14.466666666666667,524288.0,148546.13333333333,0.6666666666666666,286.0,99.8,1.2666666666666666
1377018126,1,2399.999729,436.799950678,18.2,524288.0,131769.33333333334,10.266666666666667,313.8666666666667,127.66666666666667,1.7333333333333334
1377018426,1,2399.999729,364.799958808,15.2,524288.0,161129.33333333334,8.4,289.4,102.66666666666667,1.4666666666666666
1377018726,1,2399.999729,369.59995826600004,15.4,524288.0,145400.8,0.3333333333333333,284.0,100.66666666666667,1.4666666666666666
1377019026,1,2399.999729,377.59995736266666,15.733333333333333,524288.0,146798.93333333332,0.3333333333333333,289.2,106.8,1.4666666666666666
1377019326,1,2399.999729,361.5999591693334,15.066666666666668,524288.0,135265.6,10.666666666666668,282.5333333333333,99.06666666666666,1.3333333333333333
1377019626,1,2399.999729,345.599960976,14.4,524288.0,122332.26666666666,0.3333333333333333,278.4,95.2,1.2
1377019926,1,2399.999729,353.59996007266665,14.733333333333333,524288.0,121633.06666666667,0.06666666666666667,284.06666666666666,101.8,1.2666666666666666
1377020226,1,2399.999729,355.19995989200004,14.8,524288.0,127225.6,0.13333333333333333,287.4,102.4,1.4
1377020526,1,2399.999729,350.39996043400004,14.6,524288.0,136314.4,0.3333333333333333,280.93333333333334,98.93333333333334,1.4
1377020826,1,2399.999729,343.9999611566667,14.333333333333332,524288.0,135964.0,2.3333333333333335,285.73333333333335,101.66666666666667,1.2666666666666666
1377021126,1,2399.999729,361.5999591693334,15.066666666666668,524288.0,120932.8,1.0,283.0,97.53333333333333,1.4666666666666666
1377021426,1,2399.999729,343.9999611566667,14.333333333333332,524288.0,130370.66666666667,0.06666666666666667,275.5333333333333,96.4,1.2
1377021726,1,2399.999729,388.79995609799994,16.2,524288.0,136313.6,7.266666666666667,316.20000000000005,124.26666666666667,1.7333333333333334
1377022026,1,2399.999729,347.1999607953333,14.466666666666667,524288.0,147847.2,1.2,283.26666666666665,102.26666666666667,1.8666666666666667
1377022326,1,2399.999729,334.39996224066664,13.933333333333332,524288.0,134216.0,0.3333333333333333,274.2,95.06666666666666,1.3333333333333333
1377022626,1,2399.999729,351.9999602533334,14.666666666666668,524288.0,134216.8,0.0,273.4666666666667,99.2,1.2666666666666666
1377022926,1,2399.999729,350.39996043400004,14.6,524288.0,132118.4,0.4,276.2,97.33333333333333,1.3333333333333333
1377023226,1,2399.999729,343.9999611566667,14.333333333333332,524288.0,123729.6,0.06666666666666667,272.8666666666667,98.06666666666666,1.2666666666666666
1377023526,1,2399.999729,347.1999607953333,14.466666666666667,524288.0,113244.0,0.33333333333333337,281.06666666666666,101.86666666666666,1.3333333333333333
1377023826,1,2399.999729,366.3999586273334,15.266666666666667,524288.0,122682.13333333333,0.13333333333333333,282.8666666666667,101.06666666666666,1.2666666666666666
1377024126,1,2399.999729,382.3999568206666,15.933333333333332,524288.0,128972.8,0.13333333333333333,277.2,97.46666666666667,1.2
1377024426,1,2399.999729,372.79995790466666,15.533333333333333,524288.0,114642.66666666667,2.2,285.2,103.46666666666667,1.3333333333333333
1377024726,1,2399.999729,519.9999412833333,21.666666666666664,524288.0,124429.33333333333,0.8,299.4,121.0,1.2
1377025026,1,2399.999729,371.1999580853333,15.466666666666667,524288.0,134216.0,0.3333333333333333,278.0,100.13333333333334,1.3333333333333333
1377025326,1,2399.999729,411.1999535686667,17.133333333333333,524288.0,128623.73333333334,7.066666666666666,314.93333333333334,127.86666666666666,1.6
1377025627,1,2399.999729,379.19995718200005,15.8,524288.0,179654.93333333332,1.0,300.6,112.93333333333334,1.5333333333333334
1377025927,1,2399.999729,355.19995989200004,14.8,524288.0,164274.66666666666,1.0666666666666667,279.06666666666666,97.93333333333334,1.4666666666666666
1377026227,1,2399.999729,382.3999568206666,15.933333333333332,524288.0,142954.4,0.13333333333333333,282.4666666666667,100.8,1.2666666666666666
1377026527,1,2399.999729,355.19995989200004,14.8,524288.0,147148.53333333333,0.3333333333333333,272.06666666666666,96.86666666666666,1.2
1377026827,1,2399.999729,355.19995989200004,14.8,524288.0,145750.13333333333,0.6666666666666666,271.73333333333335,95.93333333333334,1.3333333333333333
1377027127,1,2399.999729,361.5999591693334,15.066666666666668,524288.0,136313.6,0.13333333333333333,279.06666666666666,100.26666666666667,1.3333333333333333
1377027427,1,2399.999729,380.7999570013334,15.866666666666667,524288.0,127925.6,0.2,281.3333333333333,101.2,1.2666666666666666
1377027727,1,2399.999729,358.39995953066665,14.933333333333332,524288.0,117788.53333333334,0.06666666666666667,274.8666666666667,96.6,1.4666666666666666
1377028027,1,2399.999729,396.7999551946666,16.53333333333333,524288.0,134565.33333333334,2.2,285.46666666666664,107.73333333333333,3.466666666666667
1377028327,1,2399.999729,393.599955556,16.4,524288.0,131769.6,0.4666666666666667,281.46666666666664,101.2,1.9333333333333333
1377028627,1,2399.999729,342.39996133733337,14.266666666666667,524288.0,145400.8,0.26666666666666666,275.6666666666667,100.06666666666666,1.4
1377028927,1,2399.999729,427.19995176200007,17.8,524288.0,133166.4,7.066666666666666,315.4666666666667,127.73333333333333,1.8
1377029227,1,2399.999729,359.99995935,15.0,524288.0,160431.2,0.6,283.4666666666667,100.46666666666667,1.6666666666666667
1377029527,1,2399.999729,356.7999597113334,14.866666666666667,524288.0,132119.2,0.2,269.8666666666667,92.66666666666667,1.4
1377029827,1,2399.999729,380.7999570013334,15.866666666666667,524288.0,122682.4,0.13333333333333333,293.93333333333334,110.53333333333333,1.2
1377030127,1,2399.999729,404.79995429133334,16.866666666666667,524288.0,130022.4,9.600000000000001,291.8,111.66666666666667,1.3333333333333333
1377030427,1,2399.999729,390.39995591733333,16.266666666666666,524288.0,148896.0,0.26666666666666666,286.6,108.4,1.2666666666666666
1377030727,1,2399.999729,407.99995393000006,17.0,524288.0,157634.13333333333,0.3333333333333333,290.5333333333333,111.66666666666667,1.3333333333333333
1377031027,1,2399.999729,388.79995609799994,16.2,524288.0,127226.13333333333,0.06666666666666667,287.8666666666667,109.93333333333334,1.2
1377031327,1,2399.999729,479.9999458,20.0,524288.0,121284.0,0.13333333333333333,284.5333333333333,109.13333333333334,2.4
1377031627,1,2399.999729,483.1999454386667,20.133333333333333,524288.0,135615.2,2.066666666666667,290.26666666666665,112.06666666666666,1.9333333333333333
1377031927,1,2399.999729,390.39995591733333,16.266666666666666,524288.0,146100.0,0.6,285.8,106.26666666666667,1.4
1377032227,1,2399.999729,399.9999548333334,16.666666666666668,524288.0,155887.2,0.4,280.0,106.6,1.2666666666666666
1377032527,1,2399.999729,460.79994796799997,19.2,524288.0,146450.4,8.533333333333333,317.93333333333334,130.33333333333334,1.6
1377032827,1,2399.999729,387.19995627866666,16.133333333333333,524288.0,176159.73333333334,7.933333333333334,286.73333333333335,106.33333333333333,1.6
1377033127,1,2399.999729,367.99995844666665,15.333333333333332,524288.0,155186.66666666666,0.2,281.8666666666667,100.4,1.2666666666666666
1377033427,1,2399.999729,377.59995736266666,15.733333333333333,524288.0,146449.6,0.06666666666666667,289.0,104.26666666666667,1.4
1377033727,1,2399.999729,371.1999580853333,15.466666666666667,524288.0,153089.86666666667,0.4666666666666667,288.8,103.33333333333333,1.2666666666666666
1377034027,1,2399.999729,377.59995736266666,15.733333333333333,524288.0,137361.6,0.13333333333333333,274.53333333333336,102.73333333333333,1.2
1377034327,1,2399.999729,377.59995736266666,15.733333333333333,524288.0,127923.73333333334,0.2,283.4,107.86666666666666,1.4666666666666666
1377034627,1,2399.999729,353.59996007266665,14.733333333333333,524288.0,124779.2,0.2,275.2,102.53333333333333,1.2
1377034928,1,2399.999729,359.99995935,15.0,524288.0,139458.4,0.13333333333333333,273.5333333333333,99.8,1.1333333333333333
1377035228,1,2399.999729,380.7999570013334,15.866666666666667,524288.0,138410.4,2.0,281.4,106.33333333333333,1.1333333333333333
1377035528,1,2399.999729,396.7999551946666,16.53333333333333,524288.0,130022.4,0.7333333333333334,280.93333333333334,103.8,1.1333333333333333
1377035828,1,2399.999729,359.99995935,15.0,524288.0,131070.4,0.13333333333333333,275.5333333333333,101.93333333333334,1.3333333333333333
1377036128,1,2399.999729,460.79994796799997,19.2,524288.0,139808.53333333333,12.600000000000001,330.33333333333337,157.53333333333333,1.6666666666666667
1377036428,1,2399.999729,447.99994941333335,18.666666666666668,524288.0,190140.53333333333,1.1333333333333333,300.0,117.93333333333334,1.5333333333333334
1377036728,1,2399.999729,353.59996007266665,14.733333333333333,524288.0,146099.73333333334,0.13333333333333333,259.8,92.66666666666667,1.2666666666666666
1377037028,1,2399.999729,361.5999591693334,15.066666666666668,524288.0,133517.06666666668,0.13333333333333333,271.6666666666667,99.06666666666666,1.2
1377037328,1,2399.999729,390.39995591733333,16.266666666666666,524288.0,136662.66666666666,0.26666666666666666,273.3333333333333,100.46666666666667,1.2
1377037628,1,2399.999729,348.7999606146667,14.533333333333333,524288.0,136314.4,0.0,262.53333333333336,95.13333333333334,1.2
1377037928,1,2399.999729,460.79994796799997,19.2,524288.0,125477.33333333333,0.0,308.46666666666664,139.0,1.2666666666666666
1377038229,1,2399.999729,369.59995826600004,15.4,524288.0,130021.6,0.06666666666666667,273.4666666666667,102.86666666666666,1.2666666666666666
1377038529,1,2399.999729,351.9999602533334,14.666666666666668,524288.0,135964.26666666666,0.13333333333333333,262.4,95.93333333333334,1.0666666666666667
1377038829,1,2399.999729,358.39995953066665,14.933333333333332,524288.0,127574.66666666667,2.0,274.5333333333333,102.8,1.2
1377039129,1,2399.999729,353.59996007266665,14.733333333333333,524288.0,111496.26666666666,0.5333333333333333,259.6,94.33333333333333,1.1333333333333333
1377039429,1,2399.999729,363.1999589886667,15.133333333333333,524288.0,104506.13333333333,0.06666666666666667,260.8,98.73333333333333,1.2666666666666666
1377039729,1,2399.999729,441.59995013599996,18.4,524288.0,144002.93333333332,521.2,366.2,134.13333333333333,1.6
1377040029,1,2399.999729,551.99993767,23.0,524288.0,316319.4666666667,1240.1333333333334,530.8666666666667,123.73333333333333,1.5333333333333334
1377040329,1,2399.999729,444.7999497746667,18.53333333333333,524288.0,370494.4,1346.8000000000002,455.0666666666667,94.06666666666666,1.3333333333333333
1377040629,1,2399.999729,1998.3997743473333,83.26666666666667,524288.0,375388.0,1916.8666666666668,345.8666666666667,97.46666666666667,1.2
1377040929,1,2399.999729,2297.5997405626667,95.73333333333333,524288.0,348125.6,1842.1999999999998,333.79999999999995,101.4,1.4
1377041229,1,2399.999729,2422.399726470667,100.93333333333334,524288.0,307231.2,2046.9333333333334,322.26666666666665,99.66666666666667,1.2666666666666666
1377041529,1,2399.999729,2343.9997353233334,97.66666666666666,524288.0,395312.0,2020.8,326.26666666666665,104.33333333333333,1.1333333333333333
1377041829,1,2399.999729,2411.199727735333,100.46666666666665,524288.0,355465.6,1484.9333333333332,321.6,101.46666666666667,1.2
1377042129,1,2399.999729,2619.199704248667,109.13333333333334,524288.0,356514.4,1239.8666666666666,269.6,95.33333333333333,1.1333333333333333
1377042429,1,2399.999729,2545.5997125593335,106.06666666666666,524288.0,387972.0,1217.7333333333333,279.06666666666666,101.13333333333334,1.2
1377042729,1,2399.999729,2483.199719605333,103.46666666666665,524288.0,400553.6,1207.1333333333332,277.4,96.2,1.2666666666666666
1377043029,1,2399.999729,2430.3997255673335,101.26666666666667,524288.0,393564.26666666666,1143.6,267.26666666666665,96.66666666666667,0.9333333333333333
1377043329,1,2399.999729,2532.7997140046673,105.53333333333335,524288.0,377485.6,1219.3333333333333,318.2,127.4,1.5333333333333334
1377043629,1,2399.999729,2238.3997472473334,93.26666666666667,524288.0,336940.26666666666,1890.8666666666668,366.79999999999995,97.06666666666666,1.4666666666666666
1377043929,1,2399.999729,2401.5997288193334,100.06666666666666,524288.0,238724.0,2025.333333333333,337.6666666666667,91.86666666666666,1.1333333333333333
1377044229,1,2399.999729,2435.199725025333,101.46666666666665,524288.0,330649.3333333333,2289.066666666667,342.06666666666666,94.0,1.2666666666666666
1377044529,1,2399.999729,2516.799715811333,104.86666666666666,524288.0,384126.13333333336,2872.8666666666663,416.73333333333335,98.2,1.1333333333333333
1377044829,1,2399.999729,2388.7997302646672,99.53333333333335,524288.0,420827.2,2605.1333333333337,396.8666666666667,97.46666666666667,1.0666666666666667
1377045129,1,2399.999729,2419.199726832,100.8,524288.0,415234.4,2589.9333333333334,413.8,108.6,0.9333333333333333
1377045429,1,2399.999729,2369.5997324326668,98.73333333333333,524288.0,411040.5333333333,2134.6666666666665,372.5333333333333,102.33333333333333,1.0666666666666667
1377045729,1,2399.999729,417.599952846,17.4,524288.0,336590.4,1.8,259.3333333333333,95.06666666666666,1.2
1377046029,1,2399.999729,305.5999654926667,12.733333333333333,524288.0,196780.0,15.0,265.8666666666667,100.66666666666667,1.0666666666666667
1377046329,1,2399.999729,310.39996495066663,12.933333333333332,524288.0,145400.53333333333,21.933333333333334,267.06666666666666,96.26666666666667,1.0
1377046629,1,2399.999729,302.399965854,12.6,524288.0,145750.4,0.06666666666666667,259.93333333333334,96.86666666666666,1.0666666666666667
1377046929,1,2399.999729,334.39996224066664,13.933333333333332,524288.0,122331.73333333334,9.933333333333334,295.73333333333335,120.26666666666667,1.6666666666666667
1377047230,1,2399.999729,347.1999607953333,14.466666666666667,524288.0,144002.4,0.06666666666666667,294.1333333333333,116.6,1.8
1377047529,1,2399.999729,307.199965312,12.8,524288.0,124429.86666666667,0.06666666666666667,259.0,94.2,1.2666666666666666
1377047829,1,2399.999729,305.5999654926667,12.733333333333333,524288.0,111147.2,0.06666666666666667,266.2,96.26666666666667,1.1333333333333333
1377048129,1,2399.999729,315.1999644086667,13.133333333333333,524288.0,108350.93333333333,0.0,272.4,100.53333333333333,1.3333333333333333
1377048429,1,2399.999729,308.79996513133335,12.866666666666667,524288.0,124778.4,0.06666666666666667,263.93333333333334,95.8,1.1333333333333333
1377048729,1,2399.999729,310.39996495066663,12.933333333333332,524288.0,134216.8,0.3333333333333333,265.5333333333333,99.8,1.2
1377049029,1,2399.999729,308.79996513133335,12.866666666666667,524288.0,132118.4,0.4,275.8,100.4,1.2
1377049329,1,2399.999729,307.199965312,12.8,524288.0,126875.2,0.06666666666666667,268.1333333333333,96.8,1.2
1377049629,1,2399.999729,295.9999665766667,12.333333333333332,524288.0,128973.6,3.8,268.4,98.26666666666667,1.2666666666666666
1377049929,1,2399.999729,310.39996495066663,12.933333333333332,524288.0,117788.8,0.6666666666666667,276.5333333333333,97.2,1.2666666666666666
1377050229,1,2399.999729,299.19996621533335,12.466666666666667,524288.0,114992.0,0.0,271.4,97.4,1.2
1377050529,1,2399.999729,332.7999624213333,13.866666666666667,524288.0,120235.73333333334,6.733333333333333,296.8666666666667,119.93333333333334,1.4666666666666666
1377050829,1,2399.999729,427.19995176200007,17.8,524288.0,265288.0,532.5333333333333,294.6,105.06666666666666,1.9333333333333333
1377051129,1,2399.999729,302.399965854,12.6,524288.0,171964.53333333333,1.2,269.93333333333334,93.93333333333334,1.5333333333333334
1377051429,1,2399.999729,356.7999597113334,14.866666666666667,524288.0,137362.4,0.8,287.6,101.53333333333333,1.2666666666666666
1377051729,1,2399.999729,332.7999624213333,13.866666666666667,524288.0,145050.66666666666,337.4,343.20000000000005,114.06666666666666,1.6666666666666667
1377052029,1,2399.999729,350.39996043400004,14.6,524288.0,315620.0,534.9333333333334,368.4,95.73333333333333,1.1333333333333333
1377052329,1,2399.999729,292.799966938,12.2,524288.0,224743.73333333334,1.7333333333333332,265.4666666666667,98.06666666666666,0.9333333333333333
1377052629,1,2399.999729,324.7999633246667,13.533333333333333,524288.0,201673.33333333334,20.799999999999997,283.8666666666667,99.8,1.0666666666666667
1377052929,1,2399.999729,350.39996043400004,14.6,524288.0,264588.5333333333,537.8,284.4,93.2,1.4666666666666666
1377053229,1,2399.999729,396.7999551946666,16.53333333333333,524288.0,251655.73333333334,203.8,274.59999999999997,99.6,1.2
1377053529,1,2399.999729,358.39995953066665,14.933333333333332,524288.0,200975.2,22.733333333333334,266.06666666666666,95.13333333333334,1.0
1377053830,1,2399.999729,342.39996133733337,14.266666666666667,524288.0,148546.13333333333,0.2,257.6666666666667,94.8,0.9333333333333333
1377054130,1,2399.999729,382.3999568206666,15.933333333333332,524288.0,137362.4,12.466666666666667,294.93333333333334,116.2,1.4666666666666666
1377054430,1,2399.999729,364.799958808,15.2,524288.0,157983.73333333334,0.13333333333333333,265.6,98.13333333333334,1.4666666666666666
1377054730,1,2399.999729,347.1999607953333,14.466666666666667,524288.0,138759.46666666667,0.0,254.66666666666666,92.8,1.0666666666666667
1377055030,1,2399.999729,361.5999591693334,15.066666666666668,524288.0,130021.6,0.13333333333333333,263.3333333333333,99.46666666666667,1.0666666666666667
1377055330,1,2399.999729,369.59995826600004,15.4,524288.0,132118.4,0.0,273.8,101.4,1.0
1377055630,1,2399.999729,351.9999602533334,14.666666666666668,524288.0,143653.6,0.0,267.33333333333337,98.2,0.9333333333333333
1377055930,1,2399.999729,379.19995718200005,15.8,524288.0,131070.4,0.2,264.33333333333337,100.53333333333333,1.0666666666666667
1377056230,1,2399.999729,342.39996133733337,14.266666666666667,524288.0,146799.2,0.06666666666666667,254.33333333333331,96.13333333333334,0.8666666666666667
1377056530,1,2399.999729,359.99995935,15.0,524288.0,123730.4,0.13333333333333333,245.93333333333334,93.46666666666667,1.0666666666666667
1377056830,1,2399.999729,342.39996133733337,14.266666666666667,524288.0,138409.6,2.466666666666667,257.4,98.66666666666667,1.0
1377057130,1,2399.999729,371.1999580853333,15.466666666666667,524288.0,150294.66666666666,0.4666666666666667,259.93333333333334,95.73333333333333,0.9333333333333333
1377057430,1,2399.999729,345.599960976,14.4,524288.0,132468.53333333333,0.0,250.20000000000002,94.33333333333333,1.0
1377057730,1,2399.999729,404.79995429133334,16.866666666666667,524288.0,125827.46666666666,5.2,288.3333333333333,122.66666666666667,1.4
1377058030,1,2399.999729,428.79995158133335,17.866666666666667,524288.0,157983.2,0.6666666666666666,279.5333333333333,116.26666666666667,1.4
1377058330,1,2399.999729,471.9999467033334,19.666666666666668,524288.0,150993.6,0.2,291.8,129.73333333333332,1.1333333333333333
1377058630,1,2399.999729,367.99995844666665,15.333333333333332,524288.0,133866.93333333332,0.0,259.06666666666666,98.53333333333333,1.1333333333333333
1377058930,1,2399.999729,358.39995953066665,14.933333333333332,524288.0,134216.26666666666,0.2,259.73333333333335,97.33333333333333,1.0
1377059230,1,2399.999729,358.39995953066665,14.933333333333332,524288.0,122331.73333333334,0.06666666666666667,251.8,94.2,0.9333333333333333
1377059530,1,2399.999729,361.5999591693334,15.066666666666668,524288.0,116389.86666666667,0.06666666666666667,255.33333333333334,97.13333333333334,0.9333333333333333
1377059830,1,2399.999729,399.9999548333334,16.666666666666668,524288.0,211810.66666666666,928.8666666666667,300.8,97.13333333333334,1.0
1377060130,1,2399.999729,361.5999591693334,15.066666666666668,524288.0,249209.86666666667,4.133333333333334,258.79999999999995,99.66666666666667,1.0
1377060430,1,2399.999729,363.1999589886667,15.133333333333333,524288.0,145750.13333333333,9.866666666666667,269.8666666666667,107.93333333333334,1.0666666666666667
1377060730,1,2399.999729,353.59996007266665,14.733333333333333,524288.0,134217.06666666668,18.73333333333333,257.53333333333336,96.46666666666667,1.0
1377061030,1,2399.999729,342.39996133733337,14.266666666666667,524288.0,139109.6,0.0,244.8,94.26666666666667,0.9333333333333333
1377061330,1,2399.999729,388.79995609799994,16.2,524288.0,133865.6,7.533333333333333,284.46666666666664,117.86666666666666,1.4
1377061631,1,2399.999729,355.19995989200004,14.8,524288.0,161478.93333333332,0.3333333333333333,255.26666666666665,95.73333333333333,1.3333333333333333
1377061931,1,2399.999729,367.99995844666665,15.333333333333332,524288.0,137361.6,0.7333333333333333,251.06666666666666,96.33333333333333,1.2666666666666666
1377062231,1,2399.999729,363.1999589886667,15.133333333333333,524288.0,135264.8,0.06666666666666667,255.73333333333335,96.86666666666666,1.0666666666666667
1377062531,1,2399.999729,377.59995736266666,15.733333333333333,524288.0,161479.2,12.333333333333334,259.79999999999995,99.46666666666667,1.0
1377062831,1,2399.999729,361.5999591693334,15.066666666666668,524288.0,143653.6,0.26666666666666666,250.66666666666669,95.0,1.0
1377063131,1,2399.999729,372.79995790466666,15.533333333333333,524288.0,134216.0,0.13333333333333333,255.46666666666664,99.93333333333334,1.2666666666666666
1377063431,1,2399.999729,398.39995501400006,16.6,524288.0,127924.0,0.0,260.5333333333333,104.2,1.2
1377063731,1,2399.999729,371.1999580853333,15.466666666666667,524288.0,134215.2,0.4666666666666667,253.2,96.8,1.1333333333333333
1377064031,1,2399.999729,353.59996007266665,14.733333333333333,524288.0,115342.13333333333,2.066666666666667,251.86666666666667,95.26666666666667,1.2
1377064331,1,2399.999729,372.79995790466666,15.533333333333333,524288.0,135962.4,0.4666666666666667,259.1333333333333,97.13333333333334,1.1333333333333333
1377064631,1,2399.999729,342.39996133733337,14.266666666666667,524288.0,128972.8,0.0,249.93333333333334,94.8,1.2
1377064931,1,2399.999729,407.99995393000006,17.0,524288.0,130021.33333333333,6.066666666666666,282.06666666666666,118.33333333333333,1.5333333333333334
1377065231,1,2399.999729,355.19995989200004,14.8,524288.0,172314.93333333332,0.4666666666666667,259.1333333333333,97.93333333333334,1.6666666666666667
1377065531,1,2399.999729,473.5999465226667,19.733333333333334,524288.0,137362.13333333333,0.06666666666666667,255.46666666666667,97.0,1.2666666666666666
1377065831,1,2399.999729,382.3999568206666,15.933333333333332,524288.0,133167.2,0.0,256.0,96.06666666666666,1.0666666666666667
1377066131,1,2399.999729,543.9999385733332,22.666666666666664,524288.0,149594.93333333332,0.2,258.1333333333333,96.0,1.1333333333333333
1377066431,1,2399.999729,507.19994272866677,21.133333333333336,524288.0,135963.73333333334,0.4,254.86666666666667,93.4,1.0
1377066731,1,2399.999729,540.7999389346667,22.533333333333335,524288.0,153790.4,0.26666666666666666,260.2,99.33333333333333,1.2666666666666666
1377067031,1,2399.999729,534.3999396573333,22.266666666666666,524288.0,163226.13333333333,0.06666666666666667,265.66666666666663,100.06666666666666,1.2
1377067331,1,2399.999729,524.7999407413332,21.866666666666664,524288.0,157284.0,0.06666666666666667,261.6,99.33333333333333,1.0666666666666667
1377067631,1,2399.999729,529.5999401993333,22.066666666666666,524288.0,139459.2,1.9333333333333333,264.6,99.66666666666667,1.2
1377067931,1,2399.999729,569.5999356826667,23.733333333333334,524288.0,136312.8,0.8666666666666667,271.6,107.73333333333333,1.1333333333333333
1377068231,1,2399.999729,1259.1998578153334,52.46666666666667,524288.0,181750.66666666666,0.4,721.6,609.3333333333334,4.066666666666666
1377068531,1,2399.999729,1420.7998395680002,59.2,524288.0,297094.13333333336,262.93333333333334,764.9333333333333,613.4,3.533333333333333
1377068831,1,2399.999729,735.9999168933333,30.666666666666664,524288.0,312822.6666666667,9.666666666666666,369.4666666666667,215.66666666666666,2.066666666666667
1377069131,1,2399.999729,385.5999564593333,16.066666666666666,524288.0,202721.33333333334,0.6666666666666666,263.4,99.46666666666667,1.3333333333333333
1377069432,1,2399.999729,372.79995790466666,15.533333333333333,524288.0,151342.13333333333,0.5333333333333333,262.06666666666666,97.93333333333334,1.2666666666666666
1377069732,1,2399.999729,404.79995429133334,16.866666666666667,524288.0,140158.13333333333,15.600000000000001,269.8666666666667,104.8,1.1333333333333333
1377070032,1,2399.999729,350.39996043400004,14.6,524288.0,152041.6,0.13333333333333333,263.66666666666663,97.46666666666667,1.0666666666666667
1377070332,1,2399.999729,369.59995826600004,15.4,524288.0,124429.6,0.13333333333333333,266.46666666666664,99.93333333333334,1.3333333333333333
1377070632,1,2399.999729,366.3999586273334,15.266666666666667,524288.0,141556.0,0.13333333333333333,258.26666666666665,99.6,1.0666666666666667
1377070932,1,2399.999729,379.19995718200005,15.8,524288.0,130020.8,0.13333333333333333,263.1333333333333,102.53333333333333,1.1333333333333333
1377071232,1,2399.999729,359.99995935,15.0,524288.0,132119.2,4.066666666666666,261.5333333333333,98.2,1.0666666666666667
1377071532,1,2399.999729,399.9999548333334,16.666666666666668,524288.0,140508.0,0.5333333333333333,261.4,100.0,1.0666666666666667
1377071832,1,2399.999729,363.1999589886667,15.133333333333333,524288.0,141555.2,0.2,260.06666666666666,97.26666666666667,1.1333333333333333
1377072132,1,2399.999729,478.39994598066664,19.933333333333334,524288.0,164974.13333333333,157.13333333333333,302.93333333333334,119.93333333333334,1.7333333333333334
1377072432,1,2399.999729,492.7999443546667,20.533333333333335,524288.0,260045.33333333334,1.4666666666666666,430.9333333333333,273.4,2.8
1377072732,1,2399.999729,390.39995591733333,16.266666666666666,524288.0,181401.06666666668,0.13333333333333333,267.73333333333335,101.13333333333334,1.4666666666666666
1377073032,1,2399.999729,390.39995591733333,16.266666666666666,524288.0,133867.46666666667,0.26666666666666666,264.33333333333337,98.46666666666667,1.1333333333333333
1377073332,1,2399.999729,388.79995609799994,16.2,524288.0,149944.0,11.2,271.73333333333335,107.06666666666666,1.2
1377073632,1,2399.999729,380.7999570013334,15.866666666666667,524288.0,130371.46666666666,0.13333333333333333,258.4666666666667,97.33333333333333,1.2666666666666666
1377073932,1,2399.999729,382.3999568206666,15.933333333333332,524288.0,138060.53333333333,0.06666666666666667,260.93333333333334,101.73333333333333,1.4
1377074232,1,2399.999729,411.1999535686667,17.133333333333333,524288.0,144003.73333333334,0.4666666666666667,271.73333333333335,107.8,1.2666666666666666
1377074532,1,2399.999729,1100.7998757013333,45.86666666666667,524288.0,200974.93333333332,0.06666666666666667,568.8666666666667,421.3333333333333,1.7333333333333334
1377074832,1,2399.999729,505.5999429093333,21.066666666666666,524288.0,180003.2,4.2,314.6,146.4,1.3333333333333333
1377075132,1,2399.999729,428.79995158133335,17.866666666666667,524288.0,149944.26666666666,0.7333333333333334,283.4,116.2,1.3333333333333333
1377075432,1,2399.999729,436.799950678,18.2,524288.0,145750.93333333332,0.26666666666666666,271.8666666666667,108.13333333333334,1.2666666666666666
1377075732,1,2399.999729,476.79994616133337,19.866666666666667,524288.0,180003.73333333334,179.4,305.6666666666667,122.6,1.7333333333333334
1377076032,1,2399.999729,595.199932792,24.8,524288.0,246412.8,1.6,277.1333333333333,106.46666666666667,1.4
1377076332,1,2399.999729,628.799928998,26.2,524288.0,165672.8,0.2,266.6,103.2,1.6
1377076632,1,2399.999729,623.99992954,26.0,524288.0,174412.0,0.2,267.8666666666667,103.8,1.2666666666666666
1377076932,1,2399.999729,571.1999355020001,23.8,524288.0,158682.13333333333,1.0,273.3333333333333,105.53333333333333,1.1333333333333333
1377077232,1,2399.999729,564.7999362246668,23.533333333333335,524288.0,141555.73333333334,0.33333333333333337,265.20000000000005,100.53333333333333,1.2666666666666666
1377077532,1,2399.999729,588.7999335146667,24.533333333333335,524288.0,139108.8,0.06666666666666667,269.2,107.0,1.4
1377077832,1,2399.999729,575.99993496,24.0,524288.0,139109.06666666668,0.0,266.0,101.13333333333334,1.2666666666666666
1377078132,1,2399.999729,582.3999342373334,24.266666666666666,524288.0,131420.0,0.0,269.06666666666666,103.86666666666666,1.2
1377078432,1,2399.999729,542.399938754,22.6,524288.0,128973.6,3.533333333333333,267.73333333333335,99.13333333333334,1.3333333333333333
1377078732,1,2399.999729,441.59995013599996,18.4,524288.0,142604.8,0.13333333333333333,274.0,106.86666666666666,1.2666666666666666
1377079032,1,2399.999729,420.7999524846666,17.53333333333333,524288.0,124079.46666666666,0.06666666666666667,274.1333333333333,106.66666666666667,1.6666666666666667
1377079332,1,2399.999729,462.39994778733336,19.266666666666666,524288.0,164275.73333333334,156.60000000000002,311.4666666666667,127.0,1.8666666666666667
1377079632,1,2399.999729,412.799953388,17.2,524288.0,217402.93333333332,1.4,272.8666666666667,107.53333333333333,1.8
1377079932,1,2399.999729,380.7999570013334,15.866666666666667,524288.0,150992.8,1.0666666666666667,257.8666666666667,98.0,1.4666666666666666
1377080232,1,2399.999729,497.59994381266665,20.733333333333334,524288.0,138410.4,0.06666666666666667,282.93333333333334,118.86666666666666,1.3333333333333333
1377080532,1,2399.999729,457.59994832933336,19.066666666666666,524288.0,170915.2,0.33333333333333337,281.4666666666667,119.0,1.3333333333333333
1377080832,1,2399.999729,438.39995049733335,18.266666666666666,524288.0,156236.0,0.13333333333333333,289.4,124.73333333333333,1.3333333333333333
1377081132,1,2399.999729,577.5999347793334,24.066666666666666,524288.0,168468.26666666666,0.26666666666666666,344.73333333333335,176.2,1.4666666666666666
1377081432,1,2399.999729,508.79994254800005,21.2,524288.0,151692.8,0.2,314.3333333333333,146.53333333333333,1.3333333333333333
1377081732,1,2399.999729,395.1999553753334,16.46666666666667,524288.0,145050.93333333332,0.06666666666666667,266.5333333333333,104.13333333333334,1.3333333333333333
1377082032,1,2399.999729,382.3999568206666,15.933333333333332,524288.0,136313.33333333334,3.6,259.40000000000003,99.73333333333333,1.2666666666666666
1377082332,1,2399.999729,374.399957724,15.6,524288.0,127924.8,0.6,265.1333333333333,101.86666666666666,1.2666666666666666
1377082632,1,2399.999729,390.39995591733333,16.266666666666666,524288.0,118487.2,0.26666666666666666,260.8666666666667,100.13333333333334,1.2
1377082932,1,2399.999729,467.19994724533336,19.46666666666667,524288.0,172662.93333333332,154.53333333333333,308.93333333333334,127.06666666666666,2.066666666666667
1377083232,1,2399.999729,607.9999313466668,25.333333333333336,524288.0,213557.86666666667,1.5333333333333332,288.0,112.73333333333333,3.2666666666666666
1377083532,1,2399.999729,491.19994453533343,20.46666666666667,524288.0,161129.06666666668,0.2,279.8,116.26666666666667,2.533333333333333
1377083832,1,2399.999729,500.7999434513333,20.866666666666664,524288.0,135613.86666666667,0.2,268.79999999999995,108.0,2.066666666666667
1377084132,1,2399.999729,598.3999324306667,24.933333333333334,524288.0,142604.26666666666,10.8,265.66666666666663,101.26666666666667,1.4
1377084432,1,2399.999729,590.3999333340001,24.6,524288.0,165672.8,0.6,262.46666666666664,103.66666666666667,1.6
1377084732,1,2399.999729,633.5999284559999,26.4,524288.0,169868.0,0.06666666666666667,287.53333333333336,122.2,2.6666666666666665
1377085032,1,2399.999729,595.199932792,24.8,524288.0,169868.0,0.0,269.4666666666667,106.33333333333333,1.8
1377085332,1,2399.999729,574.3999351406667,23.933333333333334,524288.0,162177.86666666667,0.2,268.46666666666664,106.2,1.5333333333333334
1377085632,1,2399.999729,567.9999358633333,23.666666666666664,524288.0,162527.46666666667,1.8,266.79999999999995,104.93333333333334,1.5333333333333334
1377085932,1,2399.999729,588.7999335146667,24.533333333333335,524288.0,153089.33333333334,0.06666666666666667,272.66666666666663,103.86666666666666,1.5333333333333334
1377086232,1,2399.999729,561.599936586,23.4,524288.0,134914.66666666666,0.26666666666666666,263.8666666666667,99.46666666666667,1.2
1377086532,1,2399.999729,671.9999241200001,28.0,524288.0,183150.13333333333,178.73333333333335,310.2,127.46666666666667,1.8
1377086832,1,2399.999729,526.3999405606668,21.933333333333334,524288.0,245714.4,1.3333333333333333,268.6,101.46666666666667,1.6
1377087132,1,2399.999729,572.7999353213334,23.866666666666664,524288.0,161828.53333333333,0.06666666666666667,264.06666666666666,99.46666666666667,1.3333333333333333
1377087432,1,2399.999729,611.1999309853334,25.466666666666665,524288.0,135964.26666666666,0.13333333333333333,268.93333333333334,107.06666666666666,1.4
1377087732,1,2399.999729,601.5999320693334,25.066666666666666,524288.0,150993.33333333334,0.6666666666666667,268.8666666666667,100.8,1.1333333333333333
1377088032,1,2399.999729,550.3999378506667,22.933333333333334,524288.0,150992.8,0.3333333333333333,266.26666666666665,100.86666666666666,1.3333333333333333
1377088332,1,2399.999729,569.5999356826667,23.733333333333334,524288.0,131769.6,0.3333333333333333,282.1333333333333,116.2,1.4
1377088633,1,2399.999729,411.1999535686667,17.133333333333333,524288.0,156236.0,0.2,268.6,104.26666666666667,1.3333333333333333
1377088933,1,2399.999729,406.39995411066667,16.933333333333334,524288.0,134216.0,0.2,264.4,101.26666666666667,1.2666666666666666
1377089233,1,2399.999729,403.199954472,16.8,524288.0,134565.86666666667,2.1333333333333337,263.0,99.93333333333334,1.2
1377089533,1,2399.999729,417.599952846,17.4,524288.0,132468.8,0.5333333333333333,271.33333333333337,103.13333333333334,1.3333333333333333
1377089833,1,2399.999729,468.79994706466664,19.53333333333333,524288.0,136312.53333333333,0.0,260.26666666666665,99.73333333333333,1.2666666666666666
1377090133,1,2399.999729,455.99994851,19.0,524288.0,188042.66666666666,154.39999999999998,301.1333333333333,119.86666666666666,1.6666666666666667
1377090433,1,2399.999729,433.5999510393333,18.066666666666666,524288.0,193634.93333333332,1.7333333333333334,278.06666666666666,110.33333333333333,1.6666666666666667
1377090733,1,2399.999729,403.199954472,16.8,524288.0,143652.53333333333,0.26666666666666666,259.06666666666666,97.6,1.4
1377091033,1,2399.999729,409.59995374933334,17.066666666666666,524288.0,133516.8,0.26666666666666666,268.6666666666667,104.4,1.6
1377091333,1,2399.999729,884.7999000913334,36.86666666666667,524288.0,151341.86666666667,0.7333333333333334,384.0,228.93333333333334,2.933333333333333
1377091633,1,2399.999729,751.9999150866668,31.333333333333336,524288.0,150644.0,0.2,344.3333333333333,192.4,1.2
1377091933,1,2399.999729,606.3999315273334,25.266666666666666,524288.0,154488.0,0.4,329.06666666666666,173.86666666666667,1.3333333333333333
1377092233,1,2399.999729,647.99992683,27.0,524288.0,145051.46666666667,0.06666666666666667,328.4,174.0,1.2666666666666666
1377092533,1,2399.999729,487.99994489666665,20.333333333333332,524288.0,142604.8,0.2,282.4,122.93333333333334,1.4
1377092833,1,2399.999729,499.19994363200004,20.8,524288.0,131070.4,2.4,290.33333333333337,133.4,1.0666666666666667
1377093133,1,2399.999729,537.599939296,22.4,524288.0,147148.53333333333,1.0666666666666667,306.2,146.33333333333334,1.3333333333333333
1377093433,1,2399.999729,719.9999187,30.0,524288.0,156236.8,0.13333333333333333,343.6,189.6,1.2
1377093733,1,2399.999729,588.7999335146667,24.533333333333335,524288.0,166721.06666666668,301.73333333333335,316.6666666666667,127.33333333333333,2.3333333333333335
1377094033,1,2399.999729,785.5999112926667,32.733333333333334,524288.0,241171.73333333334,9.733333333333333,327.4,149.0,3.1333333333333333
1377094333,1,2399.999729,739.1999165320001,30.8,524288.0,186993.86666666667,0.3333333333333333,337.26666666666665,161.93333333333334,3.4
1377094633,1,2399.999729,575.99993496,24.0,524288.0,159731.2,0.6,334.4,163.2,1.4
1377094933,1,2399.999729,462.39994778733336,19.266666666666666,524288.0,157285.06666666668,10.133333333333333,302.2,125.86666666666666,1.4666666666666666
1377095233,1,2399.999729,495.9999439933333,20.666666666666664,524288.0,142254.13333333333,0.2,303.1333333333333,130.46666666666667,1.4
1377095533,1,2399.999729,415.9999530266666,17.333333333333332,524288.0,151692.0,0.26666666666666666,282.4,115.33333333333333,1.5333333333333334
1377095833,1,2399.999729,510.3999423673333,21.266666666666666,524288.0,154837.86666666667,0.26666666666666666,309.4666666666667,134.53333333333333,1.3333333333333333
1377096133,1,2399.999729,500.7999434513333,20.866666666666664,524288.0,143302.93333333332,0.06666666666666667,319.6,149.0,1.2
1377096433,1,2399.999729,486.3999450773333,20.266666666666666,524288.0,148546.66666666666,5.733333333333333,305.73333333333335,132.46666666666667,1.2
1377096733,1,2399.999729,463.9999476066667,19.333333333333332,524288.0,147848.0,6.3999999999999995,316.73333333333335,140.53333333333333,1.4
1377097033,1,2399.999729,500.7999434513333,20.866666666666664,524288.0,170916.0,0.06666666666666667,315.3333333333333,147.46666666666667,1.3333333333333333
1377097333,1,2399.999729,519.9999412833333,21.666666666666664,524288.0,182101.06666666668,252.39999999999998,338.93333333333334,153.33333333333334,1.6
1377097633,1,2399.999729,443.1999499553334,18.46666666666667,524288.0,214956.8,1.9333333333333333,284.4,119.33333333333333,1.5333333333333334
1377097933,1,2399.999729,463.9999476066667,19.333333333333332,524288.0,176158.4,0.8666666666666667,294.4,129.0,1.4666666666666666
1377098234,1,2399.999729,507.19994272866677,21.133333333333336,524288.0,139458.4,0.26666666666666666,313.8666666666667,150.46666666666667,1.2
1377098534,1,2399.999729,505.5999429093333,21.066666666666666,524288.0,144001.6,5.466666666666666,300.2,130.6,1.3333333333333333
1377098834,1,2399.999729,623.99992954,26.0,524288.0,164975.2,0.13333333333333333,311.5333333333333,142.93333333333334,1.1333333333333333
1377099134,1,2399.999729,601.5999320693334,25.066666666666666,524288.0,177906.93333333332,0.26666666666666666,315.93333333333334,149.0,1.4666666666666666
1377099434,1,2399.999729,487.99994489666665,20.333333333333332,524288.0,175111.2,0.26666666666666666,310.93333333333334,140.26666666666668,1.2
1377099734,1,2399.999729,495.9999439933333,20.666666666666664,524288.0,174061.6,0.3333333333333333,312.8,148.13333333333333,1.2
1377100034,1,2399.999729,457.59994832933336,19.066666666666666,524288.0,147498.4,3.6,295.06666666666666,125.13333333333334,1.3333333333333333
1377100334,1,2399.999729,479.9999458,20.0,524288.0,140158.13333333333,5.333333333333334,317.4666666666667,148.53333333333333,1.4
1377100634,1,2399.999729,446.3999495940001,18.6,524288.0,164624.26666666666,0.3333333333333333,297.06666666666666,128.8,1.2
1377100934,1,2399.999729,787.199911112,32.8,524288.0,157983.46666666667,7.8,406.73333333333335,237.6,1.6
1377101234,1,2399.999729,505.5999429093333,21.066666666666666,524288.0,196081.6,1.2,316.33333333333337,140.8,1.5333333333333334
1377101534,1,2399.999729,723.1999183386667,30.133333333333336,524288.0,168819.2,0.26666666666666666,362.6,203.33333333333334,1.4666666666666666
1377101834,1,2399.999729,622.3999297206667,25.933333333333334,524288.0,159382.4,0.06666666666666667,347.0,189.4,1.3333333333333333
1377102134,1,2399.999729,692.7999217713333,28.866666666666664,524288.0,142604.8,5.266666666666667,351.6666666666667,181.66666666666666,1.2
1377102434,1,2399.999729,462.39994778733336,19.266666666666666,524288.0,144701.6,0.26666666666666666,307.66666666666663,143.06666666666666,1.6
1377102734,1,2399.999729,436.799950678,18.2,524288.0,140857.86666666667,0.6666666666666666,296.33333333333337,127.8,1.7333333333333334
1377103034,1,2399.999729,1238.399860164,51.6,524288.0,172314.13333333333,0.4666666666666667,774.4000000000001,648.8666666666667,3.6666666666666665
1377103334,1,2399.999729,1321.5998507693334,55.06666666666667,524288.0,253753.6,1.6,774.3333333333334,645.7333333333333,3.2
1377103634,1,2399.999729,897.599898646,37.4,524288.0,240820.26666666666,15.333333333333334,445.4,300.73333333333335,1.9333333333333333
1377103934,1,2399.999729,539.1999391153333,22.466666666666665,524288.0,190138.93333333332,18.933333333333334,261.73333333333335,100.4,1.3333333333333333
1377104234,1,2399.999729,547.199938212,22.8,524288.0,148197.06666666668,0.6,250.46666666666667,97.4,1.0666666666666667
1377104534,1,2399.999729,540.7999389346667,22.533333333333335,524288.0,128973.6,10.133333333333335,293.0,127.0,1.7333333333333334
1377104834,1,2399.999729,379.19995718200005,15.8,524288.0,167771.2,8.733333333333333,269.06666666666666,103.73333333333333,1.6666666666666667
1377105134,1,2399.999729,351.9999602533334,14.666666666666668,524288.0,148895.2,0.3333333333333333,255.73333333333335,96.8,1.4
1377105434,1,2399.999729,390.39995591733333,16.266666666666666,524288.0,123730.4,0.4,267.46666666666664,108.13333333333334,1.4
1377105735,1,2399.999729,361.5999591693334,15.066666666666668,524288.0,144700.8,9.866666666666667,268.8,100.33333333333333,1.3333333333333333
1377106035,1,2399.999729,361.5999591693334,15.066666666666668,524288.0,148546.66666666666,0.0,257.33333333333337,97.6,1.1333333333333333
1377106335,1,2399.999729,441.59995013599996,18.4,524288.0,134914.66666666666,0.2,269.73333333333335,107.8,1.4
1377106635,1,2399.999729,572.7999353213334,23.866666666666664,524288.0,133516.53333333333,0.0,272.5333333333333,103.26666666666667,1.3333333333333333
1377106935,1,2399.999729,542.399938754,22.6,524288.0,136313.6,0.2,256.4666666666667,96.66666666666667,1.4
1377107235,1,2399.999729,499.19994363200004,20.8,524288.0,161828.8,2.266666666666667,256.2,97.0,1.4666666666666666
1377107535,1,2399.999729,534.3999396573333,22.266666666666666,524288.0,169518.66666666666,0.9333333333333333,269.06666666666666,100.86666666666666,1.3333333333333333
1377107835,1,2399.999729,532.799939838,22.2,524288.0,161479.2,0.06666666666666667,257.0,98.46666666666667,1.3333333333333333
1377108135,1,2399.999729,422.399952304,17.6,524288.0,152041.86666666667,7.266666666666667,290.0,126.6,1.8
1377108435,1,2399.999729,393.599955556,16.4,524288.0,167421.6,1.2000000000000002,266.8,103.4,1.6
1377108735,1,2399.999729,369.59995826600004,15.4,524288.0,133167.2,0.2,259.1333333333333,100.8,1.6666666666666667
1377109035,1,2399.999729,383.99995664,16.0,524288.0,127924.0,0.06666666666666667,264.8666666666667,104.0,1.5333333333333334
1377109335,1,2399.999729,371.1999580853333,15.466666666666667,524288.0,139458.4,0.5333333333333333,269.0,103.4,1.6666666666666667
1377109635,1,2399.999729,364.799958808,15.2,524288.0,116390.4,0.2,262.73333333333335,96.73333333333333,1.2
1377109935,1,2399.999729,377.59995736266666,15.733333333333333,524288.0,131070.4,0.26666666666666666,271.6666666666667,104.66666666666667,1.6
1377110235,1,2399.999729,369.59995826600004,15.4,524288.0,129672.53333333334,0.2,270.1333333333333,101.53333333333333,1.4666666666666666
1377110535,1,2399.999729,374.399957724,15.6,524288.0,135614.66666666666,0.13333333333333333,263.6,96.73333333333333,1.5333333333333334
1377110835,1,2399.999729,383.99995664,16.0,524288.0,136662.4,2.066666666666667,264.8,100.2,1.3333333333333333
1377111135,1,2399.999729,539.1999391153333,22.466666666666665,524288.0,139459.2,0.6666666666666667,287.93333333333334,127.73333333333333,1.4
1377111435,1,2399.999729,399.9999548333334,16.666666666666668,524288.0,145750.66666666666,0.2,254.73333333333335,98.6,1.2666666666666666
1377111736,1,2399.999729,409.59995374933334,17.066666666666666,524288.0,137711.2,7.0,279.8,120.13333333333334,1.8
1377112036,1,2399.999729,401.5999546526667,16.733333333333334,524288.0,155885.86666666667,0.7333333333333334,270.8,109.0,1.4666666666666666
1377112336,1,2399.999729,399.9999548333334,16.666666666666668,524288.0,134914.66666666666,0.2,251.73333333333332,97.53333333333333,1.4
1377112636,1,2399.999729,390.39995591733333,16.266666666666666,524288.0,104155.73333333334,0.0,255.06666666666666,99.66666666666667,1.2666666666666666
1377112935,1,2399.999729,404.79995429133334,16.866666666666667,524288.0,117787.73333333334,0.4666666666666667,257.8666666666667,100.33333333333333,1.5333333333333334
1377113235,1,2399.999729,393.599955556,16.4,524288.0,127225.6,0.4666666666666667,251.26666666666668,97.53333333333333,1.5333333333333334
1377113535,1,2399.999729,377.59995736266666,15.733333333333333,524288.0,129672.0,0.2,254.13333333333335,99.8,1.5333333333333334
1377113835,1,2399.999729,374.399957724,15.6,524288.0,131069.33333333333,0.0,254.26666666666665,99.8,1.2666666666666666
1377114135,1,2399.999729,388.79995609799994,16.2,524288.0,128275.46666666666,0.13333333333333333,252.53333333333333,98.4,1.8
1377114435,1,2399.999729,399.9999548333334,16.666666666666668,524288.0,126176.53333333334,2.0,253.39999999999998,99.4,1.4666666666666666
1377114735,1,2399.999729,390.39995591733333,16.266666666666666,524288.0,121633.06666666667,0.6666666666666666,259.06666666666666,99.4,1.6666666666666667
1377115035,1,2399.999729,383.99995664,16.0,524288.0,121632.53333333334,0.2,260.0,98.26666666666667,1.2
1377115335,1,2399.999729,407.99995393000006,17.0,524288.0,134216.0,6.866666666666666,291.2,122.8,1.8
1377115635,1,2399.999729,379.19995718200005,15.8,524288.0,183498.4,0.3333333333333333,266.6,100.53333333333333,1.6
1377115935,1,2399.999729,377.59995736266666,15.733333333333333,524288.0,131071.2,0.7333333333333333,262.06666666666666,98.2,1.6
1377116235,1,2399.999729,415.9999530266666,17.333333333333332,524288.0,137360.8,0.06666666666666667,271.0,107.46666666666667,1.3333333333333333
1377116535,1,2399.999729,433.5999510393333,18.066666666666666,524288.0,138410.4,10.533333333333333,271.4,107.8,1.3333333333333333
1377116835,1,2399.999729,417.599952846,17.4,524288.0,126177.6,0.4666666666666667,262.8,107.0,1.2666666666666666
1377117135,1,2399.999729,411.1999535686667,17.133333333333333,524288.0,156235.2,0.26666666666666666,261.26666666666665,110.93333333333334,1.3333333333333333
1377117435,1,2399.999729,422.399952304,17.6,524288.0,144701.06666666668,0.06666666666666667,267.8,111.73333333333333,1.2
1377117735,1,2399.999729,404.79995429133334,16.866666666666667,524288.0,132818.66666666666,0.13333333333333333,266.73333333333335,110.6,1.6666666666666667
1377118036,1,2399.999729,422.399952304,17.6,524288.0,130720.8,2.066666666666667,269.6,114.06666666666666,1.4
1377118336,1,2399.999729,414.3999532073333,17.266666666666666,524288.0,161129.06666666668,0.7333333333333333,274.1333333333333,112.73333333333333,1.2666666666666666
1377118636,1,2399.999729,443.1999499553334,18.46666666666667,524288.0,135963.46666666667,0.39999999999999997,278.46666666666664,116.33333333333333,1.2666666666666666
1377118936,1,2399.999729,454.3999486906667,18.933333333333334,524288.0,148896.26666666666,9.666666666666668,299.26666666666665,130.73333333333332,1.7333333333333334
1377119236,1,2399.999729,374.399957724,15.6,524288.0,159731.2,7.733333333333333,270.06666666666666,103.6,1.5333333333333334
1377119536,1,2399.999729,391.99995573666666,16.333333333333332,524288.0,131070.93333333333,0.2,265.0,101.46666666666667,1.4666666666666666
1377119836,1,2399.999729,367.99995844666665,15.333333333333332,524288.0,131768.8,0.0,268.8666666666667,103.86666666666666,1.2666666666666666
1377120136,1,2399.999729,396.7999551946666,16.53333333333333,524288.0,133166.66666666666,0.33333333333333337,271.26666666666665,102.93333333333334,1.5333333333333334
1377120436,1,2399.999729,375.9999575433334,15.666666666666668,524288.0,147498.13333333333,0.13333333333333333,263.06666666666666,100.46666666666667,1.2
1377120736,1,2399.999729,414.3999532073333,17.266666666666666,524288.0,127574.66666666667,0.06666666666666667,267.4666666666667,106.2,1.0666666666666667
1377121036,1,2399.999729,374.399957724,15.6,524288.0,139458.93333333332,0.2,261.2,102.93333333333334,1.1333333333333333
1377121336,1,2399.999729,383.99995664,16.0,524288.0,128273.6,0.13333333333333333,262.0,99.46666666666667,1.1333333333333333
1377121636,1,2399.999729,390.39995591733333,16.266666666666666,524288.0,119885.06666666667,2.066666666666667,260.06666666666666,103.66666666666667,1.1333333333333333
1377121936,1,2399.999729,409.59995374933334,17.066666666666666,524288.0,141556.0,0.7333333333333334,264.6666666666667,101.8,1.2
1377122236,1,2399.999729,379.19995718200005,15.8,524288.0,147848.8,0.06666666666666667,258.4,96.4,1.2
1377122537,1,2399.999729,430.3999514006667,17.933333333333334,524288.0,130371.73333333334,10.666666666666666,292.73333333333335,134.46666666666667,1.5333333333333334
1377122837,1,2399.999729,388.79995609799994,16.2,524288.0,173013.6,5.133333333333333,298.06666666666666,112.33333333333333,1.6
1377123137,1,2399.999729,359.99995935,15.0,524288.0,158332.8,1.0666666666666667,270.73333333333335,98.46666666666667,1.1333333333333333
1377123437,1,2399.999729,363.1999589886667,15.133333333333333,524288.0,120934.13333333333,0.0,264.3333333333333,96.06666666666666,1.2
1377123737,1,2399.999729,383.99995664,16.0,524288.0,113244.26666666666,0.2,261.53333333333336,98.2,1.2666666666666666
1377124037,1,2399.999729,372.79995790466666,15.533333333333333,524288.0,116389.86666666667,0.0,261.66666666666663,101.6,1.2
1377124337,1,2399.999729,427.19995176200007,17.8,524288.0,132117.86666666667,0.06666666666666667,290.3333333333333,128.2,1.2
1377124637,1,2399.999729,375.9999575433334,15.666666666666668,524288.0,144002.93333333332,0.06666666666666667,261.26666666666665,99.8,1.2
1377124937,1,2399.999729,363.1999589886667,15.133333333333333,524288.0,138760.53333333333,0.0,262.5333333333333,97.06666666666666,1.2666666666666666
1377125237,1,2399.999729,366.3999586273334,15.266666666666667,524288.0,117438.4,1.9333333333333333,258.2,96.86666666666666,1.3333333333333333
1377125537,1,2399.999729,382.3999568206666,15.933333333333332,524288.0,123032.0,0.6,264.4,101.06666666666666,1.3333333333333333
1377125837,1,2399.999729,369.59995826600004,15.4,524288.0,119187.2,0.0,255.06666666666666,98.86666666666666,1.2666666666666666
1377126137,1,2399.999729,487.99994489666665,20.333333333333332,524288.0,140508.0,401.9333333333334,366.26666666666665,146.33333333333334,1.6666666666666667
1377126437,1,2399.999729,507.19994272866677,21.133333333333336,524288.0,310027.73333333334,1000.0000000000001,460.8666666666667,116.66666666666667,1.4
1377126737,1,2399.999729,467.19994724533336,19.46666666666667,524288.0,377485.3333333333,1053.6666666666665,452.0666666666666,97.6,1.5333333333333334
1377127037,1,2399.999729,524.7999407413332,21.866666666666664,524288.0,369096.26666666666,1058.9333333333334,396.8,104.26666666666667,1.2
1377127337,1,2399.999729,2390.399730084,99.6,524288.0,402301.86666666664,1743.5333333333333,332.93333333333334,102.06666666666666,1.3333333333333333
1377127637,1,2399.999729,2513.599716172667,104.73333333333333,524288.0,417332.26666666666,1707.3333333333335,327.1333333333333,100.53333333333333,1.0
1377127937,1,2399.999729,2455.9997226766673,102.33333333333334,524288.0,418030.13333333336,1659.8,324.6,103.2,1.0666666666666667
1377128237,1,2399.999729,2499.199717798667,104.13333333333334,524288.0,419428.8,1816.1333333333334,329.8,103.26666666666667,1.0666666666666667
1377128537,1,2399.999729,2327.99973713,97.0,524288.0,386922.4,1881.8,311.53333333333336,100.6,1.2
1377128837,1,2399.999729,2382.3997309873334,99.26666666666667,524288.0,314570.4,1876.4666666666667,317.0,101.46666666666667,1.2
1377129137,1,2399.999729,2247.9997461633334,93.66666666666666,524288.0,316667.2,2018.5333333333333,309.6,100.8,1.0
1377129437,1,2399.999729,2270.399743634,94.6,524288.0,385873.6,1903.8666666666666,324.66666666666663,98.26666666666667,0.9333333333333333
1377129737,1,2399.999729,2339.199735865333,97.46666666666665,524288.0,316668.8,1127.4,329.06666666666666,140.6,1.6
1377130037,1,2399.999729,2467.199721412,102.8,524288.0,384476.8,1168.8,276.4666666666667,100.93333333333334,1.4
1377130337,1,2399.999729,2484.7997194246673,103.53333333333335,524288.0,399505.6,1130.4666666666667,297.3333333333333,124.6,1.1333333333333333
1377130637,1,2399.999729,2508.7997167146673,104.53333333333335,524288.0,392515.73333333334,1198.2666666666667,274.4666666666667,100.0,1.0666666666666667
1377130937,1,2399.999729,2471.99972087,103.0,524288.0,383776.5333333333,1208.4666666666667,277.5333333333333,100.73333333333333,1.1333333333333333
1377131237,1,2399.999729,2515.199715992,104.8,524288.0,376437.3333333333,1171.4666666666667,267.6,95.53333333333333,1.2666666666666666
1377131537,1,2399.999729,2407.9997280966672,100.33333333333334,524288.0,389019.4666666667,1482.0,317.8666666666667,101.6,1.2
1377131837,1,2399.999729,2302.3997400206667,95.93333333333334,524288.0,303735.73333333334,1883.0666666666666,347.0,99.4,1.1333333333333333
1377132138,1,2399.999729,2447.99972358,102.0,524288.0,293250.13333333336,2297.7999999999997,328.0666666666667,93.4,1.1333333333333333
1377132438,1,2399.999729,2340.7997356846668,97.53333333333335,524288.0,365602.13333333336,2645.6,370.6,95.13333333333334,1.1333333333333333
1377132738,1,2399.999729,2476.799720328,103.2,524288.0,403351.2,2945.0,442.0,103.6,1.1333333333333333
1377133038,1,2399.999729,2281.5997423693334,95.06666666666666,524288.0,408942.13333333336,2514.733333333333,399.2,97.46666666666667,1.2
1377133338,1,2399.999729,2414.399727374,100.6,524288.0,422924.5333333333,2576.7333333333336,429.4,118.8,1.5333333333333334
1377133638,1,2399.999729,2331.199736768667,97.13333333333334,524288.0,426768.0,2160.9333333333334,395.4,111.8,1.3333333333333333
1377133938,1,2399.999729,430.3999514006667,17.933333333333334,524288.0,346377.3333333333,580.8666666666667,296.4,95.86666666666666,2.0
1377134238,1,2399.999729,332.7999624213333,13.866666666666667,524288.0,236626.66666666666,141.26666666666668,271.5333333333333,100.46666666666667,1.3333333333333333
1377134538,1,2399.999729,323.19996350533336,13.466666666666667,524288.0,168818.4,30.0,274.06666666666666,101.2,1.2666666666666666
1377134838,1,2399.999729,315.1999644086667,13.133333333333333,524288.0,153439.73333333334,0.26666666666666666,266.6666666666667,97.0,1.1333333333333333
1377135138,1,2399.999729,313.5999645893334,13.066666666666668,524288.0,123729.6,0.6,272.93333333333334,100.86666666666666,1.3333333333333333
1377135438,1,2399.999729,315.1999644086667,13.133333333333333,524288.0,149944.8,0.3333333333333333,272.33333333333337,99.46666666666667,1.0666666666666667
1377135738,1,2399.999729,305.5999654926667,12.733333333333333,524288.0,137362.4,0.26666666666666666,262.73333333333335,96.13333333333334,1.1333333333333333
1377136038,1,2399.999729,319.99996386666663,13.333333333333332,524288.0,141556.8,2.0,266.0,97.26666666666667,1.1333333333333333
1377136338,1,2399.999729,313.5999645893334,13.066666666666668,524288.0,133167.2,1.1333333333333333,274.8666666666667,100.4,1.3333333333333333
1377136638,1,2399.999729,305.5999654926667,12.733333333333333,524288.0,143652.8,0.13333333333333333,265.20000000000005,97.06666666666666,1.0666666666666667
1377136938,1,2399.999729,332.7999624213333,13.866666666666667,524288.0,148895.2,9.0,291.73333333333335,120.8,1.3333333333333333
1377137238,1,2399.999729,535.9999394766668,22.333333333333336,524288.0,249209.86666666667,523.3333333333333,314.4666666666667,105.4,1.8666666666666667
1377137538,1,2399.999729,305.5999654926667,12.733333333333333,524288.0,166023.2,1.2666666666666666,263.93333333333334,96.66666666666667,1.3333333333333333
1377137838,1,2399.999729,326.39996314399997,13.6,524288.0,141206.13333333333,0.8,276.6,105.0,1.2
1377138138,1,2399.999729,393.599955556,16.4,524288.0,153790.4,313.93333333333334,436.2,215.13333333333333,2.466666666666667
1377138438,1,2399.999729,590.3999333340001,24.6,524288.0,410689.86666666664,787.9333333333334,972.2,95.2,1.0666666666666667
1377138738,1,2399.999729,297.599966396,12.4,524288.0,293599.73333333334,2.4,259.73333333333335,99.4,1.1333333333333333
1377139038,1,2399.999729,295.9999665766667,12.333333333333332,524288.0,197828.53333333333,0.7333333333333333,264.73333333333335,98.26666666666667,1.1333333333333333
1377139338,1,2399.999729,297.599966396,12.4,524288.0,184198.4,0.8,255.06666666666666,93.06666666666666,1.2
1377139638,1,2399.999729,299.19996621533335,12.466666666666667,524288.0,216003.73333333334,12.866666666666665,264.33333333333337,97.33333333333333,1.1333333333333333
1377139938,1,2399.999729,313.5999645893334,13.066666666666668,524288.0,206218.13333333333,20.73333333333333,266.33333333333337,99.73333333333333,1.2666666666666666
1377140238,1,2399.999729,294.39996675733335,12.266666666666667,524288.0,175459.73333333334,0.2,256.1333333333333,95.26666666666667,0.8666666666666667
1377140538,1,2399.999729,332.7999624213333,13.866666666666667,524288.0,162527.73333333334,14.666666666666666,292.1333333333333,117.6,1.3333333333333333
1377140838,1,2399.999729,292.799966938,12.2,524288.0,184547.46666666667,0.2,263.93333333333334,96.4,1.2
1377141138,1,2399.999729,302.399965854,12.6,524288.0,156934.4,0.0,260.40000000000003,95.86666666666666,1.2666666666666666
1377141438,1,2399.999729,315.1999644086667,13.133333333333333,524288.0,150993.33333333334,0.06666666666666667,267.8666666666667,100.53333333333333,1.1333333333333333
1377141738,1,2399.999729,319.99996386666663,13.333333333333332,524288.0,159382.4,0.39999999999999997,265.1333333333333,98.73333333333333,1.0666666666666667
1377142038,1,2399.999729,355.19995989200004,14.8,524288.0,158333.6,0.0,254.39999999999998,93.13333333333334,0.8
1377142338,1,2399.999729,393.599955556,16.4,524288.0,154139.2,0.06666666666666667,260.1333333333333,99.4,0.9333333333333333
1377142638,1,2399.999729,364.799958808,15.2,524288.0,134216.0,0.06666666666666667,260.3333333333333,97.13333333333334,0.8666666666666667
1377142938,1,2399.999729,379.19995718200005,15.8,524288.0,156236.0,0.26666666666666666,253.0,93.93333333333334,0.8666666666666667
1377143238,1,2399.999729,359.99995935,15.0,524288.0,138408.8,3.5333333333333337,258.2,95.53333333333333,0.9333333333333333
1377143538,1,2399.999729,379.19995718200005,15.8,524288.0,142255.46666666667,0.3333333333333333,260.8666666666667,97.2,1.0
1377143838,1,2399.999729,374.399957724,15.6,524288.0,146449.33333333334,0.13333333333333333,256.66666666666663,95.86666666666666,0.9333333333333333
1377144138,1,2399.999729,425.59995194266673,17.733333333333334,524288.0,128624.53333333334,8.733333333333333,294.3333333333333,124.6,1.4666666666666666
1377144438,1,2399.999729,411.1999535686667,17.133333333333333,524288.0,149594.66666666666,7.6,276.73333333333335,107.93333333333334,1.2
1377144738,1,2399.999729,502.3999432706667,20.933333333333334,524288.0,152740.0,0.4666666666666667,305.2,137.6,1.0666666666666667
1377145039,1,2399.999729,395.1999553753334,16.46666666666667,524288.0,156935.46666666667,0.26666666666666666,263.8,100.53333333333333,1.0666666666666667
1377145339,1,2399.999729,374.399957724,15.6,524288.0,149245.33333333334,0.4,261.3333333333333,96.66666666666667,1.1333333333333333
1377145638,1,2399.999729,367.99995844666665,15.333333333333332,524288.0,140157.6,0.13333333333333333,251.46666666666667,93.4,1.0
1377145938,1,2399.999729,366.3999586273334,15.266666666666667,524288.0,157984.0,0.2,262.1333333333333,99.13333333333334,1.1333333333333333
1377146238,1,2399.999729,390.39995591733333,16.266666666666666,524288.0,135264.53333333333,0.13333333333333333,258.93333333333334,97.26666666666667,1.1333333333333333
1377146538,1,2399.999729,356.7999597113334,14.866666666666667,524288.0,134216.26666666666,0.3333333333333333,255.4,96.86666666666666,1.1333333333333333
1377146838,1,2399.999729,380.7999570013334,15.866666666666667,524288.0,134915.73333333334,4.533333333333334,254.46666666666667,95.13333333333334,1.1333333333333333
1377147138,1,2399.999729,364.799958808,15.2,524288.0,147148.8,0.6666666666666666,260.66666666666663,98.13333333333334,1.2
1377147438,1,2399.999729,371.1999580853333,15.466666666666667,524288.0,144701.06666666668,0.2,252.26666666666668,95.26666666666667,1.0
1377147738,1,2399.999729,428.79995158133335,17.866666666666667,524288.0,130021.6,7.6,282.4,117.06666666666666,1.4666666666666666
1377148038,1,2399.999729,380.7999570013334,15.866666666666667,524288.0,155186.4,2.1333333333333337,255.46666666666664,97.06666666666666,1.2666666666666666
1377148338,1,2399.999729,377.59995736266666,15.733333333333333,524288.0,122680.8,0.2,254.86666666666667,95.13333333333334,1.2666666666666666
1377148638,1,2399.999729,382.3999568206666,15.933333333333332,524288.0,122682.4,0.13333333333333333,257.6666666666667,97.93333333333334,1.0
1377148938,1,2399.999729,385.5999564593333,16.066666666666666,524288.0,132119.2,10.799999999999999,267.8666666666667,99.53333333333333,1.1333333333333333
1377149238,1,2399.999729,358.39995953066665,14.933333333333332,524288.0,135264.8,0.13333333333333333,258.1333333333333,95.06666666666666,1.0
1377149538,1,2399.999729,383.99995664,16.0,524288.0,133166.93333333332,0.33333333333333337,260.46666666666664,100.13333333333334,1.0666666666666667
1377149839,1,2399.999729,395.1999553753334,16.46666666666667,524288.0,153090.93333333332,0.13333333333333333,260.8666666666667,100.13333333333334,0.8666666666666667
1377150139,1,2399.999729,399.9999548333334,16.666666666666668,524288.0,117438.93333333333,0.06666666666666667,256.66666666666663,96.13333333333334,1.0
1377150439,1,2399.999729,396.7999551946666,16.53333333333333,524288.0,120234.13333333333,2.0,260.6,100.13333333333334,1.0
1377150739,1,2399.999729,395.1999553753334,16.46666666666667,524288.0,142255.2,0.5333333333333333,266.06666666666666,98.86666666666666,1.0
1377151039,1,2399.999729,358.39995953066665,14.933333333333332,524288.0,131420.0,0.13333333333333333,255.60000000000002,97.0,1.0
1377151339,1,2399.999729,412.799953388,17.2,524288.0,130720.8,8.866666666666665,284.06666666666666,119.46666666666667,1.4
1377151639,1,2399.999729,363.1999589886667,15.133333333333333,524288.0,164275.2,8.0,263.33333333333337,98.0,1.3333333333333333
1377151939,1,2399.999729,414.3999532073333,17.266666666666666,524288.0,145051.2,0.8666666666666666,262.6666666666667,99.93333333333334,1.2666666666666666
1377152239,1,2399.999729,385.5999564593333,16.066666666666666,524288.0,152041.6,0.13333333333333333,262.5333333333333,100.86666666666666,1.2666666666666666
1377152539,1,2399.999729,390.39995591733333,16.266666666666666,524288.0,154837.6,0.26666666666666666,263.79999999999995,98.33333333333333,1.1333333333333333
1377152839,1,2399.999729,379.19995718200005,15.8,524288.0,134914.66666666666,0.13333333333333333,259.6,96.0,1.2
1377153139,1,2399.999729,391.99995573666666,16.333333333333332,524288.0,140508.0,0.2,265.6,103.53333333333333,1.3333333333333333
1377153439,1,2399.999729,395.1999553753334,16.46666666666667,524288.0,137362.4,0.13333333333333333,264.6,100.93333333333334,1.2666666666666666
1377153739,1,2399.999729,375.9999575433334,15.666666666666668,524288.0,141556.8,0.13333333333333333,260.46666666666664,96.86666666666666,1.2666666666666666
1377154039,1,2399.999729,401.5999546526667,16.733333333333334,524288.0,134216.0,2.933333333333333,259.8,97.13333333333334,1.1333333333333333
1377154339,1,2399.999729,390.39995591733333,16.266666666666666,524288.0,128973.6,1.0666666666666667,270.0,106.46666666666667,1.4666666666666666
1377154639,1,2399.999729,1332.7998495046666,55.53333333333333,524288.0,184548.0,0.26666666666666666,746.2666666666667,629.0,4.0
1377154939,1,2399.999729,1371.1998451686668,57.13333333333333,524288.0,256900.0,252.66666666666669,796.6666666666666,642.8666666666667,3.8666666666666667
1377155239,1,2399.999729,588.7999335146667,24.533333333333335,524288.0,276472.5333333333,10.0,330.8666666666667,170.2,1.6666666666666667
1377155539,1,2399.999729,627.1999291786668,26.133333333333336,524288.0,193634.66666666666,0.9333333333333333,268.93333333333334,107.86666666666666,1.4666666666666666
1377155839,1,2399.999729,638.399927914,26.6,524288.0,152041.86666666667,0.6,269.0,107.66666666666667,1.2666666666666666
1377156139,1,2399.999729,620.7999299013333,25.866666666666664,524288.0,136312.8,15.666666666666668,274.8666666666667,106.06666666666666,1.1333333333333333
1377156439,1,2399.999729,574.3999351406667,23.933333333333334,524288.0,134565.06666666668,0.13333333333333333,263.26666666666665,97.93333333333334,1.0666666666666667
1377156739,1,2399.999729,539.1999391153333,22.466666666666665,524288.0,128623.73333333334,0.26666666666666666,266.1333333333333,103.13333333333334,1.2
1377157039,1,2399.999729,567.9999358633333,23.666666666666664,524288.0,135264.0,0.26666666666666666,263.6666666666667,100.46666666666667,1.2
1377157339,1,2399.999729,567.9999358633333,23.666666666666664,524288.0,121981.86666666667,0.06666666666666667,262.1333333333333,100.46666666666667,1.1333333333333333
1377157639,1,2399.999729,572.7999353213334,23.866666666666664,524288.0,123730.4,3.8,263.93333333333334,100.46666666666667,1.2666666666666666
1377157939,1,2399.999729,553.5999374893333,23.066666666666666,524288.0,152041.6,0.7333333333333333,266.8666666666667,102.33333333333333,1.2
1377158239,1,2399.999729,555.1999373086668,23.133333333333336,524288.0,124778.4,0.2,261.8,101.0,1.1333333333333333
1377158539,1,2399.999729,588.7999335146667,24.533333333333335,524288.0,145050.66666666666,163.33333333333331,296.5333333333333,124.6,1.6666666666666667
1377158840,1,2399.999729,518.3999414640001,21.6,524288.0,196780.8,1.9333333333333333,263.4666666666667,100.93333333333334,1.3333333333333333
1377159140,1,2399.999729,580.799934418,24.2,524288.0,139808.8,0.13333333333333333,263.06666666666666,102.26666666666667,1.5333333333333334
1377159440,1,2399.999729,580.799934418,24.2,524288.0,141905.86666666667,0.13333333333333333,263.73333333333335,103.53333333333333,1.2666666666666666
1377159740,1,2399.999729,511.9999421866667,21.333333333333336,524288.0,155886.66666666666,5.133333333333333,272.1333333333333,106.8,1.2666666666666666
1377160040,1,2399.999729,484.799945258,20.2,524288.0,137012.8,0.33333333333333337,258.26666666666665,98.4,1.2666666666666666
1377160340,1,2399.999729,518.3999414640001,21.6,524288.0,142255.2,0.26666666666666666,264.1333333333333,104.0,1.4666666666666666
1377160640,1,2399.999729,585.599933876,24.4,524288.0,146798.66666666666,0.06666666666666667,267.8,105.33333333333333,1.3333333333333333
1377160940,1,2399.999729,534.3999396573333,22.266666666666666,524288.0,159731.2,0.06666666666666667,258.6666666666667,98.93333333333334,1.2666666666666666
1377161240,1,2399.999729,555.1999373086668,23.133333333333336,524288.0,149944.8,1.8666666666666667,262.4666666666667,100.2,1.2666666666666666
1377161540,1,2399.999729,598.3999324306667,24.933333333333334,524288.0,173012.8,0.26666666666666666,270.2,109.4,1.4
1377161840,1,2399.999729,561.599936586,23.4,524288.0,154139.2,0.13333333333333333,253.26666666666665,97.26666666666667,1.1333333333333333
1377162140,1,2399.999729,636.7999280946667,26.533333333333335,524288.0,183848.53333333333,177.53333333333333,295.6,122.2,1.8666666666666667
1377162439,1,2399.999729,526.3999405606668,21.933333333333334,524288.0,210761.6,1.4,255.4,97.93333333333334,1.4
1377162739,1,2399.999729,572.7999353213334,23.866666666666664,524288.0,147498.13333333333,0.13333333333333333,261.4,104.33333333333333,1.6
1377163039,1,2399.999729,567.9999358633333,23.666666666666664,524288.0,144003.46666666667,0.0,259.8,102.6,1.2666666666666666
1377163339,1,2399.999729,579.1999345986667,24.133333333333336,524288.0,153438.93333333332,0.4666666666666667,264.93333333333334,104.33333333333333,1.2666666666666666
1377163639,1,2399.999729,534.3999396573333,22.266666666666666,524288.0,127574.93333333333,0.06666666666666667,258.1333333333333,99.33333333333333,1.2
1377163939,1,2399.999729,535.9999394766668,22.333333333333336,524288.0,129321.6,0.13333333333333333,257.4,102.53333333333333,1.4
1377164239,1,2399.999729,507.19994272866677,21.133333333333336,524288.0,133516.8,0.06666666666666667,261.33333333333337,100.46666666666667,1.1333333333333333
1377164540,1,2399.999729,542.399938754,22.6,524288.0,125477.86666666667,0.2,252.26666666666668,97.33333333333333,1.2666666666666666
1377164840,1,2399.999729,555.1999373086668,23.133333333333336,524288.0,130720.8,2.0,256.2,99.6,1.2666666666666666
1377165140,1,2399.999729,545.5999383926668,22.733333333333334,524288.0,136662.93333333332,0.39999999999999997,272.06666666666666,105.26666666666667,1.2666666666666666
1377165440,1,2399.999729,553.5999374893333,23.066666666666666,524288.0,141556.0,0.13333333333333333,262.06666666666666,100.73333333333333,1.1333333333333333
1377165740,1,2399.999729,599.99993225,25.0,524288.0,152041.6,153.6,305.8666666666667,124.93333333333334,1.6666666666666667
1377166040,1,2399.999729,558.3999369473333,23.266666666666666,524288.0,220199.2,1.6,268.8666666666667,101.0,1.3333333333333333
1377166340,1,2399.999729,567.9999358633333,23.666666666666664,524288.0,173013.6,0.06666666666666667,264.0,101.53333333333333,1.4
1377166640,1,2399.999729,574.3999351406667,23.933333333333334,524288.0,158332.8,0.0,262.73333333333335,103.46666666666667,1.2666666666666666
1377166940,1,2399.999729,555.1999373086668,23.133333333333336,524288.0,145750.4,0.6000000000000001,262.5333333333333,101.06666666666666,1.3333333333333333
1377167240,1,2399.999729,553.5999374893333,23.066666666666666,524288.0,157983.46666666667,0.06666666666666667,257.6,98.73333333333333,1.2
1377167540,1,2399.999729,566.399936044,23.6,524288.0,137361.33333333334,0.3333333333333333,266.1333333333333,104.26666666666667,1.4
1377167840,1,2399.999729,587.1999336953334,24.466666666666665,524288.0,156235.46666666667,0.3333333333333333,266.93333333333334,103.8,1.3333333333333333
1377168140,1,2399.999729,569.5999356826667,23.733333333333334,524288.0,144701.33333333334,0.0,267.8,104.2,1.2666666666666666
1377168440,1,2399.999729,495.9999439933333,20.666666666666664,524288.0,139109.6,2.0,262.46666666666664,102.53333333333333,1.2666666666666666
1377168740,1,2399.999729,526.3999405606668,21.933333333333334,524288.0,137711.73333333334,0.26666666666666666,267.53333333333336,104.06666666666666,1.2666666666666666
1377169040,1,2399.999729,532.799939838,22.2,524288.0,134565.6,0.0,259.2,97.6,1.2
1377169340,1,2399.999729,577.5999347793334,24.066666666666666,524288.0,171615.2,176.8,298.26666666666665,122.93333333333334,2.2
1377169640,1,2399.999729,691.199921952,28.8,524288.0,209362.93333333332,1.7333333333333334,329.4,154.86666666666667,3.4
1377169940,1,2399.999729,567.9999358633333,23.666666666666664,524288.0,161479.2,1.2666666666666666,284.6,114.26666666666667,2.466666666666667
1377170240,1,2399.999729,553.5999374893333,23.066666666666666,524288.0,144701.6,0.06666666666666667,267.73333333333335,104.13333333333334,1.4
1377170540,1,2399.999729,575.99993496,24.0,524288.0,149944.0,11.066666666666666,284.66666666666663,103.4,1.5333333333333334
1377170840,1,2399.999729,545.5999383926668,22.733333333333334,524288.0,160779.2,0.2,272.6666666666667,108.06666666666666,1.5333333333333334
1377171140,1,2399.999729,590.3999333340001,24.6,524288.0,192586.66666666666,0.26666666666666666,275.73333333333335,112.26666666666667,2.2
1377171440,1,2399.999729,564.7999362246668,23.533333333333335,524288.0,149245.6,0.26666666666666666,275.5333333333333,106.46666666666667,1.6666666666666667
1377171740,1,2399.999729,545.5999383926668,22.733333333333334,524288.0,143304.26666666666,0.0,267.06666666666666,102.53333333333333,1.6666666666666667
1377172041,1,2399.999729,559.9999367666667,23.333333333333336,524288.0,130720.8,0.33333333333333337,268.06666666666666,103.26666666666667,1.5333333333333334
1377172341,1,2399.999729,559.9999367666667,23.333333333333336,524288.0,128624.26666666666,0.26666666666666666,272.8,104.73333333333333,1.4666666666666666
1377172641,1,2399.999729,558.3999369473333,23.266666666666666,524288.0,150993.86666666667,0.2,272.4,103.73333333333333,1.4666666666666666
1377172941,1,2399.999729,620.7999299013333,25.866666666666664,524288.0,191189.33333333334,154.0,318.4,133.0,1.8
1377173241,1,2399.999729,575.99993496,24.0,524288.0,227538.93333333332,1.1333333333333333,277.4,106.8,1.4
1377173541,1,2399.999729,537.599939296,22.4,524288.0,147497.86666666667,0.4,275.46666666666664,106.33333333333333,1.4666666666666666
1377173841,1,2399.999729,526.3999405606668,21.933333333333334,524288.0,142605.33333333334,3.533333333333333,274.4,105.33333333333333,1.4
1377174141,1,2399.999729,543.9999385733332,22.666666666666664,524288.0,152041.6,0.6,278.93333333333334,110.33333333333333,1.4
1377174441,1,2399.999729,519.9999412833333,21.666666666666664,524288.0,144701.6,0.3333333333333333,273.8,103.6,1.2666666666666666
1377174741,1,2399.999729,545.5999383926668,22.733333333333334,524288.0,138409.6,0.2,280.6,115.13333333333334,1.3333333333333333
1377175041,1,2399.999729,523.199940922,21.8,524288.0,148896.0,0.06666666666666667,283.8,112.26666666666667,1.2666666666666666
1377175341,1,2399.999729,553.5999374893333,23.066666666666666,524288.0,150992.8,0.06666666666666667,270.3333333333333,102.8,1.3333333333333333
1377175641,1,2399.999729,423.99995212333334,17.666666666666668,524288.0,169168.0,0.06666666666666667,266.0,101.13333333333334,1.2
1377175941,1,2399.999729,595.199932792,24.8,524288.0,146099.73333333334,0.39999999999999997,290.8666666666667,106.8,1.4
1377176241,1,2399.999729,483.1999454386667,20.133333333333333,524288.0,142604.26666666666,0.06666666666666667,266.93333333333334,101.6,1.1333333333333333
1377176541,1,2399.999729,564.7999362246668,23.533333333333335,524288.0,183498.66666666666,152.6,303.4,124.53333333333333,1.8
1377176841,1,2399.999729,497.59994381266665,20.733333333333334,524288.0,213558.4,0.8666666666666667,274.93333333333334,111.0,1.5333333333333334
1377177141,1,2399.999729,507.19994272866677,21.133333333333336,524288.0,167421.06666666668,0.26666666666666666,257.4,102.33333333333333,1.5333333333333334
1377177441,1,2399.999729,505.5999429093333,21.066666666666666,524288.0,155887.2,3.8666666666666667,262.4666666666667,105.33333333333333,1.8
1377177741,1,2399.999729,937.5998941293333,39.06666666666666,524288.0,163924.8,0.7333333333333334,430.6,280.46666666666664,2.8
1377178041,1,2399.999729,831.9999060533332,34.666666666666664,524288.0,166022.4,0.2,383.2,230.93333333333334,1.2666666666666666
1377178341,1,2399.999729,935.9998943100001,39.0,524288.0,178254.93333333332,0.2,396.26666666666665,243.4,1.6
1377178641,1,2399.999729,750.3999152673334,31.266666666666666,524288.0,191887.2,0.6,371.8,214.6,1.4666666666666666
1377178941,1,2399.999729,555.1999373086668,23.133333333333336,524288.0,158333.6,0.6666666666666666,271.93333333333334,106.53333333333333,1.2666666666666666
1377179241,1,2399.999729,604.799931708,25.2,524288.0,132119.2,0.6,275.73333333333335,115.33333333333333,1.3333333333333333
1377179541,1,2399.999729,547.199938212,22.8,524288.0,150993.6,32.86666666666667,269.73333333333335,104.66666666666667,1.3333333333333333
1377179841,1,2399.999729,535.9999394766668,22.333333333333336,524288.0,142604.8,0.06666666666666667,261.93333333333334,101.46666666666667,1.3333333333333333
1377180141,1,2399.999729,579.1999345986667,24.133333333333336,524288.0,167421.33333333334,178.4666666666667,303.2,125.66666666666667,2.0
1377180441,1,2399.999729,668.7999244813333,27.866666666666664,524288.0,213208.53333333333,0.9333333333333333,312.66666666666663,135.06666666666666,3.2
1377180741,1,2399.999729,663.9999250233334,27.666666666666664,524288.0,174411.46666666667,0.5333333333333333,348.8,165.4,3.6
1377181041,1,2399.999729,662.399925204,27.6,524288.0,166372.0,4.666666666666667,325.0,154.33333333333334,1.4
1377181341,1,2399.999729,606.3999315273334,25.266666666666666,524288.0,168120.0,26.866666666666667,301.6,126.86666666666666,1.4666666666666666
1377181641,1,2399.999729,638.399927914,26.6,524288.0,159032.53333333333,0.3333333333333333,312.0,147.13333333333333,1.2
1377181941,1,2399.999729,622.3999297206667,25.933333333333334,524288.0,158332.53333333333,0.4,313.26666666666665,146.8,1.4666666666666666
1377182241,1,2399.999729,588.7999335146667,24.533333333333335,524288.0,135964.0,0.26666666666666666,299.33333333333337,129.6,1.4
1377182542,1,2399.999729,646.3999270106667,26.933333333333334,524288.0,141554.93333333332,0.4666666666666667,322.1333333333333,154.06666666666666,1.3333333333333333
1377182842,1,2399.999729,567.9999358633333,23.666666666666664,524288.0,138410.4,0.3333333333333333,291.8,121.2,1.2
1377183142,1,2399.999729,655.9999259266667,27.333333333333336,524288.0,171614.93333333332,15.799999999999999,320.2,151.13333333333333,1.3333333333333333
1377183442,1,2399.999729,710.3999197840001,29.6,524288.0,156236.0,0.4666666666666667,324.8,161.13333333333333,1.2
1377183742,1,2399.999729,740.7999163513332,30.866666666666664,524288.0,157633.86666666667,252.26666666666668,388.3333333333333,207.46666666666667,1.7333333333333334
1377184042,1,2399.999729,863.99990244,36.0,524288.0,253753.33333333334,19.8,342.26666666666665,171.0,1.6666666666666667
1377184342,1,2399.999729,737.5999167126668,30.733333333333334,524288.0,174411.46666666667,1.0,355.8,192.93333333333334,1.6
1377184642,1,2399.999729,812.7999082213333,33.86666666666667,524288.0,162876.8,3.7333333333333334,384.8666666666667,219.53333333333333,1.4
1377184942,1,2399.999729,723.1999183386667,30.133333333333336,524288.0,170917.06666666668,16.866666666666667,328.33333333333337,156.93333333333334,1.3333333333333333
1377185242,1,2399.999729,651.1999264686667,27.133333333333336,524288.0,158682.13333333333,0.3333333333333333,323.2,156.73333333333332,1.3333333333333333
1377185542,1,2399.999729,582.3999342373334,24.266666666666666,524288.0,146449.33333333334,0.6,285.8666666666667,116.46666666666667,1.4
1377185842,1,2399.999729,603.1999318886668,25.133333333333336,524288.0,174061.6,0.2,297.79999999999995,127.73333333333333,1.4666666666666666
1377186142,1,2399.999729,606.3999315273334,25.266666666666666,524288.0,158682.13333333333,0.4,274.33333333333337,108.33333333333333,1.3333333333333333
1377186442,1,2399.999729,406.39995411066667,16.933333333333334,524288.0,137361.06666666668,0.2,259.8666666666667,98.26666666666667,1.2
1377186742,1,2399.999729,516.7999416446668,21.533333333333335,524288.0,137360.8,1.9333333333333333,264.46666666666664,103.33333333333333,1.2
1377187042,1,2399.999729,535.9999394766668,22.333333333333336,524288.0,128972.8,0.2,250.2,99.26666666666667,1.4
1377187342,1,2399.999729,564.7999362246668,23.533333333333335,524288.0,134916.0,8.2,282.1333333333333,121.46666666666667,1.6666666666666667
1377187642,1,2399.999729,558.3999369473333,23.266666666666666,524288.0,161479.73333333334,0.39999999999999997,259.0,99.53333333333333,2.0
1377187942,1,2399.999729,585.599933876,24.4,524288.0,151693.06666666668,0.8666666666666667,259.26666666666665,105.4,2.8666666666666667
1377188242,1,2399.999729,646.3999270106667,26.933333333333334,524288.0,148896.53333333333,2.666666666666667,276.6,109.13333333333334,2.466666666666667
1377188542,1,2399.999729,519.9999412833333,21.666666666666664,524288.0,145400.0,0.4666666666666667,257.8666666666667,103.8,2.1333333333333333
1377188842,1,2399.999729,529.5999401993333,22.066666666666666,524288.0,142604.53333333333,0.13333333333333333,254.8,101.4,2.1333333333333333
1377189142,1,2399.999729,580.799934418,24.2,524288.0,145401.33333333334,0.6666666666666666,275.66666666666663,115.93333333333334,2.066666666666667
1377189442,1,2399.999729,1169.5998679326665,48.73333333333333,524288.0,161828.0,0.2,683.4000000000001,568.0,4.2
1377189742,1,2399.999729,1203.1998641386667,50.13333333333333,524288.0,215305.33333333334,1.3333333333333333,695.9333333333333,566.7333333333333,3.6
1377190042,1,2399.999729,980.7998892513334,40.86666666666667,524288.0,210062.13333333333,1.0666666666666667,534.7333333333333,402.06666666666666,3.066666666666667
1377190342,1,2399.999729,668.7999244813333,27.866666666666664,524288.0,195032.8,18.26666666666667,283.66666666666663,125.53333333333333,2.066666666666667
1377190643,1,2399.999729,566.399936044,23.6,524288.0,155188.0,0.4666666666666667,256.8666666666667,102.53333333333333,1.8666666666666667
1377190943,1,2399.999729,561.599936586,23.4,524288.0,155187.2,10.933333333333334,287.26666666666665,126.66666666666667,2.2666666666666666
1377191243,1,2399.999729,550.3999378506667,22.933333333333334,524288.0,171264.53333333333,7.933333333333334,260.0,102.06666666666666,2.066666666666667
1377191543,1,2399.999729,543.9999385733332,22.666666666666664,524288.0,140857.06666666668,0.26666666666666666,258.6,103.66666666666667,2.1333333333333333
1377191843,1,2399.999729,550.3999378506667,22.933333333333334,524288.0,149945.6,3.933333333333333,260.66666666666663,102.0,1.8
1377192143,1,2399.999729,559.9999367666667,23.333333333333336,524288.0,142255.46666666667,11.600000000000001,263.6,103.06666666666666,1.8
1377192443,1,2399.999729,575.99993496,24.0,524288.0,137360.8,0.26666666666666666,252.66666666666666,97.46666666666667,1.8
1377192743,1,2399.999729,545.5999383926668,22.733333333333334,524288.0,149594.66666666666,0.13333333333333333,264.4,106.93333333333334,1.6666666666666667
1377193043,1,2399.999729,595.199932792,24.8,524288.0,148896.53333333333,0.13333333333333333,270.0,108.66666666666667,1.8666666666666667
1377193343,1,2399.999729,559.9999367666667,23.333333333333336,524288.0,161129.33333333334,0.3333333333333333,262.8,103.2,1.8
1377193643,1,2399.999729,559.9999367666667,23.333333333333336,524288.0,135613.86666666667,0.2,255.2,97.53333333333333,1.8666666666666667
1377193943,1,2399.999729,478.39994598066664,19.933333333333334,524288.0,151342.4,0.8,259.0,101.46666666666667,1.6666666666666667
1377194243,1,2399.999729,505.5999429093333,21.066666666666666,524288.0,140507.2,0.2,248.26666666666665,97.73333333333333,2.0
1377194543,1,2399.999729,603.1999318886668,25.133333333333336,524288.0,146798.4,7.333333333333333,290.06666666666666,126.06666666666666,2.2666666666666666
1377194843,1,2399.999729,583.9999340566668,24.333333333333336,524288.0,174061.6,1.0,258.06666666666666,101.26666666666667,2.0
1377195143,1,2399.999729,588.7999335146667,24.533333333333335,524288.0,152740.26666666666,0.2,259.46666666666664,102.93333333333334,2.066666666666667
1377195443,1,2399.999729,580.799934418,24.2,524288.0,136662.4,2.0,261.73333333333335,101.86666666666666,1.8
1377195743,1,2399.999729,529.5999401993333,22.066666666666666,524288.0,133866.93333333332,0.26666666666666666,262.26666666666665,103.93333333333334,1.9333333333333333
1377196043,1,2399.999729,561.599936586,23.4,524288.0,143303.73333333334,0.5333333333333333,262.6,103.66666666666667,1.6
1377196343,1,2399.999729,531.1999400186668,22.133333333333336,524288.0,148547.2,0.06666666666666667,264.8666666666667,105.53333333333333,1.6666666666666667
1377196643,1,2399.999729,572.7999353213334,23.866666666666664,524288.0,153440.26666666666,0.26666666666666666,266.8,107.8,1.5333333333333334
1377196943,1,2399.999729,550.3999378506667,22.933333333333334,524288.0,145401.06666666668,0.13333333333333333,255.20000000000002,100.0,1.4666666666666666
1377197243,1,2399.999729,537.599939296,22.4,524288.0,130371.2,0.06666666666666667,257.4666666666667,102.0,1.6
1377197543,1,2399.999729,627.1999291786668,26.133333333333336,524288.0,151342.13333333333,0.9333333333333333,286.1333333333333,132.26666666666668,1.6
1377197843,1,2399.999729,566.399936044,23.6,524288.0,162177.33333333334,0.2,256.8666666666667,103.26666666666667,1.6
1377198143,1,2399.999729,547.199938212,22.8,524288.0,139109.33333333334,7.4,290.1333333333333,127.66666666666667,2.1333333333333333
1377198443,1,2399.999729,571.1999355020001,23.8,524288.0,163225.86666666667,0.5333333333333333,268.73333333333335,108.93333333333334,1.6666666666666667
1377198743,1,2399.999729,555.1999373086668,23.133333333333336,524288.0,147847.2,0.06666666666666667,259.26666666666665,102.86666666666666,1.8666666666666667
1377199043,1,2399.999729,524.7999407413332,21.866666666666664,524288.0,127924.8,3.8666666666666667,266.1333333333333,104.33333333333333,1.6666666666666667
1377199343,1,2399.999729,556.799937128,23.2,524288.0,143653.6,0.26666666666666666,263.6,104.0,1.8
1377199643,1,2399.999729,516.7999416446668,21.533333333333335,524288.0,156237.06666666668,0.3333333333333333,265.06666666666666,106.2,1.5333333333333334
1377199943,1,2399.999729,545.5999383926668,22.733333333333334,524288.0,144702.13333333333,0.06666666666666667,267.0,107.93333333333334,1.8
1377200243,1,2399.999729,535.9999394766668,22.333333333333336,524288.0,142603.73333333334,0.06666666666666667,254.53333333333333,101.0,1.7333333333333334
1377200543,1,2399.999729,494.39994417400004,20.6,524288.0,132818.13333333333,0.13333333333333333,254.66666666666669,99.26666666666667,1.4666666666666666
1377200843,1,2399.999729,539.1999391153333,22.466666666666665,524288.0,133517.6,0.26666666666666666,257.06666666666666,100.0,1.5333333333333334
1377201143,1,2399.999729,529.5999401993333,22.066666666666666,524288.0,147149.06666666668,0.7333333333333334,263.66666666666663,100.4,1.4
1377201443,1,2399.999729,543.9999385733332,22.666666666666664,524288.0,136313.33333333334,0.4,251.40000000000003,98.93333333333334,1.5333333333333334
1377201743,1,2399.999729,575.99993496,24.0,524288.0,146797.86666666667,7.066666666666666,293.4,128.53333333333333,1.7333333333333334
1377202043,1,2399.999729,579.1999345986667,24.133333333333336,524288.0,162877.06666666668,0.6,255.26666666666668,100.46666666666667,1.6666666666666667
1377202343,1,2399.999729,561.599936586,23.4,524288.0,147848.0,0.13333333333333333,252.86666666666667,99.66666666666667,1.6
1377202643,1,2399.999729,518.3999414640001,21.6,524288.0,146099.73333333334,3.8666666666666667,262.73333333333335,106.46666666666667,1.4666666666666666
1377202943,1,2399.999729,537.599939296,22.4,524288.0,153090.13333333333,12.333333333333332,267.6,111.66666666666667,2.066666666666667
1377203243,1,2399.999729,575.99993496,24.0,524288.0,160430.66666666666,0.2,259.8,107.73333333333333,1.4666666666666666
1377203543,1,2399.999729,532.799939838,22.2,524288.0,122681.6,0.06666666666666667,266.73333333333335,113.0,1.5333333333333334
1377203844,1,2399.999729,511.9999421866667,21.333333333333336,524288.0,126526.4,0.06666666666666667,266.8666666666667,110.73333333333333,1.5333333333333334
1377204144,1,2399.999729,601.5999320693334,25.066666666666666,524288.0,147846.4,0.13333333333333333,261.66666666666663,110.73333333333333,1.5333333333333334
1377204444,1,2399.999729,571.1999355020001,23.8,524288.0,136662.66666666666,0.06666666666666667,261.66666666666663,107.93333333333334,1.2666666666666666
1377204744,1,2399.999729,595.199932792,24.8,524288.0,157633.33333333334,1.0,268.8666666666667,112.66666666666667,1.6
1377205044,1,2399.999729,579.1999345986667,24.133333333333336,524288.0,164274.13333333333,0.3333333333333333,255.8,107.06666666666666,1.4
1377205344,1,2399.999729,627.1999291786668,26.133333333333336,524288.0,247462.4,944.1333333333334,326.8666666666667,131.26666666666668,1.6666666666666667
1377205644,1,2399.999729,593.5999329726667,24.733333333333334,524288.0,262841.86666666664,10.533333333333333,262.4,104.4,1.8
1377205944,1,2399.999729,502.3999432706667,20.933333333333334,524288.0,174411.46666666667,1.9333333333333331,256.4666666666667,101.06666666666666,1.5333333333333334
1377206244,1,2399.999729,539.1999391153333,22.466666666666665,524288.0,155885.86666666667,2.4,266.5333333333333,110.2,1.3333333333333333
1377206544,1,2399.999729,542.399938754,22.6,524288.0,160080.26666666666,16.2,261.73333333333335,104.8,1.2
1377206844,1,2399.999729,574.3999351406667,23.933333333333334,524288.0,147848.26666666666,0.2,259.6666666666667,103.53333333333333,1.3333333333333333
1377207144,1,2399.999729,555.1999373086668,23.133333333333336,524288.0,144702.4,0.13333333333333333,264.33333333333337,108.93333333333334,1.4
1377207444,1,2399.999729,567.9999358633333,23.666666666666664,524288.0,158333.33333333334,0.3333333333333333,264.4,106.0,1.2666666666666666
1377207744,1,2399.999729,539.1999391153333,22.466666666666665,524288.0,135964.26666666666,0.0,264.4666666666667,104.0,1.4
1377208044,1,2399.999729,534.3999396573333,22.266666666666666,524288.0,139458.4,0.0,260.8666666666667,103.26666666666667,1.3333333333333333
1377208344,1,2399.999729,542.399938754,22.6,524288.0,143652.8,13.533333333333333,268.73333333333335,105.46666666666667,1.3333333333333333
1377208644,1,2399.999729,516.7999416446668,21.533333333333335,524288.0,152041.6,0.2,260.06666666666666,101.93333333333334,1.3333333333333333
1377208944,1,2399.999729,572.7999353213334,23.866666666666664,524288.0,151692.53333333333,12.533333333333333,309.2,146.0,1.8
1377209245,1,2399.999729,436.799950678,18.2,524288.0,174760.8,4.733333333333333,300.59999999999997,98.46666666666667,1.4
1377209545,1,2399.999729,505.5999429093333,21.066666666666666,524288.0,145750.13333333333,0.6666666666666666,284.73333333333335,95.8,1.6666666666666667
1377209845,1,2399.999729,515.1999418253333,21.466666666666665,524288.0,140857.6,3.7333333333333334,287.93333333333334,98.0,1.3333333333333333
1377210145,1,2399.999729,502.3999432706667,20.933333333333334,524288.0,149944.53333333333,0.8666666666666667,276.93333333333334,98.46666666666667,1.2
1377210445,1,2399.999729,468.79994706466664,19.53333333333333,524288.0,152391.2,0.13333333333333333,277.26666666666665,100.53333333333333,1.3333333333333333
1377210745,1,2399.999729,492.7999443546667,20.533333333333335,524288.0,139110.13333333333,0.06666666666666667,298.8666666666667,119.13333333333334,1.1333333333333333
1377211045,1,2399.999729,467.19994724533336,19.46666666666667,524288.0,152391.73333333334,0.0,282.8666666666667,102.46666666666667,1.1333333333333333
1377211345,1,2399.999729,447.99994941333335,18.666666666666668,524288.0,138759.73333333334,0.2,277.73333333333335,99.4,1.3333333333333333
1377211645,1,2399.999729,471.9999467033334,19.666666666666668,524288.0,135614.13333333333,0.0,272.5333333333333,96.53333333333333,1.3333333333333333
1377211945,1,2399.999729,551.99993767,23.0,524288.0,138759.73333333334,0.4666666666666667,278.5333333333333,99.33333333333333,1.3333333333333333
1377212245,1,2399.999729,545.5999383926668,22.733333333333334,524288.0,157284.26666666666,0.3333333333333333,273.73333333333335,97.66666666666667,1.2666666666666666
1377212545,1,2399.999729,630.3999288173334,26.266666666666666,524288.0,185945.6,443.0666666666666,373.4,131.26666666666668,1.7333333333333334
1377212845,1,2399.999729,566.399936044,23.6,524288.0,339736.0,1179.533333333333,532.6666666666666,126.93333333333334,1.3333333333333333
1377213145,1,2399.999729,534.3999396573333,22.266666666666666,524288.0,388320.5333333333,1314.4666666666667,497.66666666666663,106.13333333333334,1.5333333333333334
1377213445,1,2399.999729,1652.7998133713336,68.86666666666667,524288.0,383077.86666666664,1262.6000000000001,379.0,106.86666666666666,1.2666666666666666
1377213745,1,2399.999729,2283.199742188667,95.13333333333334,524288.0,367349.06666666665,1188.8,323.26666666666665,104.33333333333333,1.3333333333333333
1377214045,1,2399.999729,2278.3997427306667,94.93333333333334,524288.0,360708.5333333333,1390.6666666666667,344.2,101.26666666666667,1.2666666666666666
1377214345,1,2399.999729,2276.799742911333,94.86666666666666,524288.0,307931.2,1529.6666666666665,348.66666666666663,103.0,1.7333333333333334
1377214645,1,2399.999729,2262.3997445373334,94.26666666666667,524288.0,275075.4666666667,1236.6,318.4,103.4,1.2666666666666666
1377214945,1,2399.999729,2291.1997412853334,95.46666666666665,524288.0,344279.73333333334,1132.6,305.6,101.8,1.2666666666666666
1377215245,1,2399.999729,2268.799743814667,94.53333333333335,524288.0,375038.93333333335,1173.9333333333334,307.26666666666665,99.06666666666666,1.3333333333333333
1377215545,1,2399.999729,2259.199744898667,94.13333333333334,524288.0,313172.8,1057.3999999999999,341.8,102.8,1.2
1377215845,1,2399.999729,2271.9997434533334,94.66666666666666,524288.0,233480.8,829.0,309.8666666666667,98.86666666666666,1.2666666666666666
1377216145,1,2399.999729,2339.199735865333,97.46666666666665,524288.0,285210.4,639.7333333333332,381.33333333333337,178.53333333333333,1.7333333333333334
1377216445,1,2399.999729,2340.7997356846668,97.53333333333335,524288.0,299891.2,765.4,329.53333333333336,136.8,1.2666666666666666
1377216745,1,2399.999729,2335.999736226667,97.33333333333334,524288.0,277521.6,652.4666666666667,284.06666666666666,100.66666666666667,1.5333333333333334
1377217045,1,2399.999729,2343.9997353233334,97.66666666666666,524288.0,285210.4,714.8666666666667,286.8,98.86666666666666,1.3333333333333333
1377217345,1,2399.999729,2364.7997329746668,98.53333333333335,524288.0,322959.2,966.8,291.79999999999995,98.66666666666667,1.3333333333333333
1377217645,1,2399.999729,2351.99973442,98.0,524288.0,337639.2,810.7333333333333,292.93333333333334,96.86666666666666,1.3333333333333333
1377217945,1,2399.999729,2324.7997374913334,96.86666666666666,524288.0,307231.2,677.0666666666667,292.1333333333333,101.0,1.2666666666666666
1377218245,1,2399.999729,2342.399735504,97.6,524288.0,286608.8,635.6666666666666,285.8,96.46666666666667,1.0666666666666667
1377218545,1,2399.999729,2334.3997364073334,97.26666666666667,524288.0,300940.5333333333,656.2,285.8666666666667,97.26666666666667,1.2
1377218845,1,2399.999729,2206.399750860667,91.93333333333334,524288.0,265637.6,1053.0666666666666,355.66666666666663,97.6,1.0666666666666667
1377219145,1,2399.999729,2287.9997416466667,95.33333333333334,524288.0,204121.06666666668,1143.2,346.9333333333334,101.66666666666667,1.2
1377219445,1,2399.999729,2243.1997467053334,93.46666666666665,524288.0,188041.86666666667,1173.3333333333335,326.26666666666665,93.73333333333333,1.1333333333333333
1377219745,1,2399.999729,2297.5997405626667,95.73333333333333,524288.0,276822.13333333336,1241.2000000000003,340.0,120.26666666666667,1.6
1377220045,1,2399.999729,2255.99974526,94.0,524288.0,281715.73333333334,1107.0,328.2,111.0,1.4666666666666666
1377220345,1,2399.999729,2281.5997423693334,95.06666666666666,524288.0,311774.6666666667,1269.8666666666668,325.33333333333337,97.53333333333333,1.4666666666666666
1377220646,1,2399.999729,2302.3997400206667,95.93333333333334,524288.0,340785.3333333333,1529.2666666666664,362.26666666666665,99.33333333333333,1.3333333333333333
1377220946,1,2399.999729,2303.99973984,96.0,524288.0,400554.4,1540.6,354.2,97.4,1.1333333333333333
1377221246,1,2399.999729,2316.7997383946667,96.53333333333335,524288.0,413486.6666666667,1575.1999999999998,362.1333333333333,93.66666666666667,1.1333333333333333
1377221546,1,2399.999729,2275.199743092,94.8,524288.0,416283.2,1350.6,353.2,98.2,1.2666666666666666
1377221846,1,2399.999729,2307.199739478667,96.13333333333334,524288.0,415234.4,1416.1333333333334,362.0,99.73333333333333,1.3333333333333333
1377222146,1,2399.999729,2303.99973984,96.0,524288.0,425720.8,1456.6000000000001,360.4,96.06666666666666,1.4
1377222446,1,2399.999729,2219.1997494153334,92.46666666666665,524288.0,416283.2,1193.2666666666667,330.1333333333333,97.93333333333334,1.2666666666666666
1377222746,1,2399.999729,2339.199735865333,97.46666666666665,524288.0,332395.73333333334,774.6,295.9333333333333,99.93333333333334,1.4
1377223046,1,2399.999729,2340.7997356846668,97.53333333333335,524288.0,312824.0,1319.9333333333332,314.6,97.0,1.2666666666666666
1377223346,1,2399.999729,596.7999326113332,24.866666666666664,524288.0,250258.4,18.4,316.1333333333333,121.53333333333333,1.6666666666666667
1377223646,1,2399.999729,707.1999201453333,29.466666666666665,524288.0,282414.93333333335,519.4,323.26666666666665,104.66666666666667,1.9333333333333333
1377223946,1,2399.999729,508.79994254800005,21.2,524288.0,184547.73333333334,2.0666666666666664,286.1333333333333,96.06666666666666,1.6666666666666667
1377224246,1,2399.999729,492.7999443546667,20.533333333333335,524288.0,140857.06666666668,8.066666666666666,296.6666666666667,102.8,1.3333333333333333
1377224546,1,2399.999729,579.1999345986667,24.133333333333336,524288.0,138759.46666666667,28.066666666666666,303.26666666666665,106.93333333333334,1.4666666666666666
1377224846,1,2399.999729,763.1999138220001,31.8,524288.0,209363.2,386.5333333333333,955.4666666666667,215.6,2.4
1377225146,1,2399.999729,748.799915448,31.2,524288.0,417680.5333333333,944.6666666666666,568.0666666666666,100.13333333333334,1.2666666666666666
1377225446,1,2399.999729,476.79994616133337,19.866666666666667,524288.0,310726.13333333336,2.8000000000000003,273.6,99.0,1.0
1377225746,1,2399.999729,500.7999434513333,20.866666666666664,524288.0,219499.46666666667,1.3333333333333333,264.2,93.06666666666666,1.0666666666666667
1377226046,1,2399.999729,476.79994616133337,19.866666666666667,524288.0,181400.8,0.8666666666666667,268.1333333333333,95.06666666666666,1.2
1377226346,1,2399.999729,529.5999401993333,22.066666666666666,524288.0,217053.6,28.8,275.73333333333335,98.2,1.1333333333333333
1377226646,1,2399.999729,500.7999434513333,20.866666666666664,524288.0,211811.2,0.2,267.73333333333335,94.06666666666666,1.0666666666666667
1377226946,1,2399.999729,529.5999401993333,22.066666666666666,524288.0,218101.6,11.933333333333334,311.6,119.06666666666666,1.4
1377227246,1,2399.999729,508.79994254800005,21.2,524288.0,212859.2,0.2,274.8,99.6,1.2
1377227546,1,2399.999729,519.9999412833333,21.666666666666664,524288.0,195381.86666666667,0.2,265.2,93.46666666666667,1.2
1377227846,1,2399.999729,539.1999391153333,22.466666666666665,524288.0,171266.4,3.266666666666667,277.4,99.26666666666667,1.1333333333333333
1377228146,1,2399.999729,537.599939296,22.4,524288.0,187343.73333333334,1.2666666666666666,276.8666666666667,97.86666666666666,1.0666666666666667
1377228446,1,2399.999729,503.99994309,21.0,524288.0,163925.6,0.06666666666666667,270.33333333333337,94.6,1.0666666666666667
1377228746,1,2399.999729,513.599942006,21.4,524288.0,142954.13333333333,0.13333333333333333,273.6666666666667,98.46666666666667,1.1333333333333333
1377229046,1,2399.999729,497.59994381266665,20.733333333333334,524288.0,137012.0,0.06666666666666667,275.93333333333334,95.8,1.0
1377229346,1,2399.999729,486.3999450773333,20.266666666666666,524288.0,147148.0,0.06666666666666667,272.0,94.46666666666667,0.9333333333333333
1377229646,1,2399.999729,503.99994309,21.0,524288.0,141205.86666666667,0.06666666666666667,273.6,94.66666666666667,0.9333333333333333
1377229946,1,2399.999729,459.19994814866664,19.133333333333333,524288.0,149246.66666666666,0.5333333333333333,277.8666666666667,96.26666666666667,1.0
1377230246,1,2399.999729,503.99994309,21.0,524288.0,142604.0,0.06666666666666667,270.53333333333336,94.13333333333334,1.0666666666666667
1377230546,1,2399.999729,497.59994381266665,20.733333333333334,524288.0,148197.06666666668,8.0,309.3333333333333,122.93333333333334,1.4
1377230846,1,2399.999729,540.7999389346667,22.533333333333335,524288.0,173013.6,6.333333333333334,301.79999999999995,115.86666666666666,1.2666666666666666
1377231146,1,2399.999729,583.9999340566668,24.333333333333336,524288.0,157284.0,0.2,310.4,126.0,1.4
1377231446,1,2399.999729,473.5999465226667,19.733333333333334,524288.0,154139.2,3.933333333333333,287.06666666666666,103.26666666666667,1.1333333333333333
1377231746,1,2399.999729,439.9999503166666,18.333333333333332,524288.0,156236.0,0.4,274.93333333333334,95.93333333333334,1.1333333333333333
1377232046,1,2399.999729,468.79994706466664,19.53333333333333,524288.0,132469.33333333334,0.06666666666666667,272.06666666666666,93.06666666666666,1.0666666666666667
1377232346,1,2399.999729,484.799945258,20.2,524288.0,135964.53333333333,0.33333333333333337,276.1333333333333,97.4,1.2
1377232646,1,2399.999729,515.1999418253333,21.466666666666665,524288.0,156935.2,0.06666666666666667,279.3333333333333,97.73333333333333,1.0666666666666667
1377232946,1,2399.999729,505.5999429093333,21.066666666666666,524288.0,138409.86666666667,0.26666666666666666,269.93333333333334,93.6,1.0666666666666667
1377233247,1,2399.999729,505.5999429093333,21.066666666666666,524288.0,138758.66666666666,0.2,263.93333333333334,93.8,1.0666666666666667
1377233547,1,2399.999729,499.19994363200004,20.8,524288.0,141205.86666666667,0.6666666666666667,281.1333333333333,97.66666666666667,1.0666666666666667
1377233847,1,2399.999729,481.59994561933337,20.066666666666666,524288.0,149944.0,0.26666666666666666,275.6,94.46666666666667,1.0
1377234147,1,2399.999729,531.1999400186668,22.133333333333336,524288.0,138410.66666666666,8.4,305.26666666666665,121.26666666666667,1.6666666666666667
1377234447,1,2399.999729,535.9999394766668,22.333333333333336,524288.0,157634.4,3.3333333333333335,277.5333333333333,95.93333333333334,1.3333333333333333
1377234747,1,2399.999729,535.9999394766668,22.333333333333336,524288.0,152741.06666666668,0.33333333333333337,270.5333333333333,96.6,1.3333333333333333
1377235047,1,2399.999729,505.5999429093333,21.066666666666666,524288.0,164624.0,3.466666666666667,283.1333333333333,99.66666666666667,1.1333333333333333
1377235347,1,2399.999729,515.1999418253333,21.466666666666665,524288.0,141556.8,11.866666666666667,277.4,96.73333333333333,1.0666666666666667
1377235647,1,2399.999729,478.39994598066664,19.933333333333334,524288.0,138758.93333333332,0.3333333333333333,275.6666666666667,95.73333333333333,1.0
1377235947,1,2399.999729,487.99994489666665,20.333333333333332,524288.0,111147.46666666666,0.13333333333333333,278.93333333333334,98.26666666666667,1.3333333333333333
1377236247,1,2399.999729,495.9999439933333,20.666666666666664,524288.0,140507.2,0.0,279.93333333333334,99.2,1.1333333333333333
1377236547,1,2399.999729,503.99994309,21.0,524288.0,155187.2,0.2,279.2,100.4,1.3333333333333333
1377236847,1,2399.999729,499.19994363200004,20.8,524288.0,135264.0,0.33333333333333337,266.26666666666665,99.2,1.0
1377237147,1,2399.999729,516.7999416446668,21.533333333333335,524288.0,137362.4,0.7333333333333334,280.06666666666666,100.13333333333334,1.0666666666666667
1377237447,1,2399.999729,505.5999429093333,21.066666666666666,524288.0,144701.6,0.26666666666666666,271.26666666666665,98.33333333333333,1.2
1377237747,1,2399.999729,542.399938754,22.6,524288.0,154838.4,8.933333333333334,305.1333333333333,122.66666666666667,1.6666666666666667
1377238047,1,2399.999729,495.9999439933333,20.666666666666664,524288.0,195032.8,7.066666666666667,278.46666666666664,98.73333333333333,1.5333333333333334
1377238347,1,2399.999729,457.59994832933336,19.066666666666666,524288.0,159732.0,0.3333333333333333,274.2,98.46666666666667,1.4666666666666666
1377238647,1,2399.999729,487.99994489666665,20.333333333333332,524288.0,144701.6,2.5333333333333337,281.2,100.33333333333333,1.2666666666666666
1377238947,1,2399.999729,553.5999374893333,23.066666666666666,524288.0,144701.86666666667,0.3333333333333333,278.5333333333333,99.93333333333334,1.2666666666666666
1377239247,1,2399.999729,553.5999374893333,23.066666666666666,524288.0,149945.06666666668,0.33333333333333337,290.1333333333333,110.0,1.1333333333333333
1377239547,1,2399.999729,553.5999374893333,23.066666666666666,524288.0,116390.4,0.26666666666666666,279.93333333333334,101.53333333333333,1.2666666666666666
1377239847,1,2399.999729,566.399936044,23.6,524288.0,135964.26666666666,0.06666666666666667,282.66666666666663,100.8,1.2666666666666666
1377240147,1,2399.999729,571.1999355020001,23.8,524288.0,119885.33333333333,0.13333333333333333,280.73333333333335,100.2,1.4
1377240447,1,2399.999729,551.99993767,23.0,524288.0,137362.93333333332,0.13333333333333333,281.1333333333333,98.6,1.0666666666666667
1377240747,1,2399.999729,587.1999336953334,24.466666666666665,524288.0,162876.8,0.8666666666666667,292.4666666666667,106.4,1.5333333333333334
1377241047,1,2399.999729,1462.3998348706666,60.93333333333333,524288.0,154139.2,0.4666666666666667,819.7333333333333,675.5333333333333,3.8666666666666667
1377241347,1,2399.999729,1382.399843904,57.6,524288.0,270530.4,254.60000000000002,764.8666666666667,590.8,4.0
1377241647,1,2399.999729,641.5999275526667,26.733333333333334,524288.0,274375.2,9.933333333333334,340.5333333333333,164.06666666666666,2.0
1377241947,1,2399.999729,583.9999340566668,24.333333333333336,524288.0,188742.4,1.7333333333333334,295.4666666666667,119.46666666666667,1.6666666666666667
1377242247,1,2399.999729,547.199938212,22.8,524288.0,159381.6,3.0,280.93333333333334,99.8,1.3333333333333333
1377242547,1,2399.999729,553.5999374893333,23.066666666666666,524288.0,153788.8,15.0,281.33333333333337,98.46666666666667,1.4666666666666666
1377242848,1,2399.999729,505.5999429093333,21.066666666666666,524288.0,133166.93333333332,0.26666666666666666,277.3333333333333,97.06666666666666,1.1333333333333333
1377243148,1,2399.999729,550.3999378506667,22.933333333333334,524288.0,123031.2,0.4,285.4,102.66666666666667,1.4666666666666666
1377243448,1,2399.999729,540.7999389346667,22.533333333333335,524288.0,149246.66666666666,0.2,285.6666666666667,103.13333333333334,1.4666666666666666
1377243748,1,2399.999729,543.9999385733332,22.666666666666664,524288.0,152041.86666666667,0.2,292.5333333333333,98.8,1.6666666666666667
1377244048,1,2399.999729,628.799928998,26.2,524288.0,153439.2,0.2,294.79999999999995,110.06666666666666,1.3333333333333333
1377244347,1,2399.999729,548.7999380313333,22.866666666666664,524288.0,187693.6,1.0666666666666667,283.93333333333334,100.46666666666667,1.4
1377244647,1,2399.999729,542.399938754,22.6,524288.0,170915.2,0.3333333333333333,283.93333333333334,99.53333333333333,1.2
1377244947,1,2399.999729,641.5999275526667,26.733333333333334,524288.0,187693.06666666668,160.46666666666667,327.5333333333333,130.93333333333334,1.8666666666666667
1377245247,1,2399.999729,515.1999418253333,21.466666666666665,524288.0,219150.4,2.2,278.6,100.06666666666666,1.6
1377245547,1,2399.999729,564.7999362246668,23.533333333333335,524288.0,161129.33333333334,0.26666666666666666,280.1333333333333,104.26666666666667,1.5333333333333334
1377245847,1,2399.999729,556.799937128,23.2,524288.0,143303.46666666667,3.4,285.4,104.8,1.2666666666666666
1377246147,1,2399.999729,587.1999336953334,24.466666666666665,524288.0,176858.66666666666,11.933333333333334,286.79999999999995,105.33333333333333,1.4
1377246447,1,2399.999729,500.7999434513333,20.866666666666664,524288.0,164623.73333333334,0.26666666666666666,283.66666666666663,106.66666666666667,1.2
1377246748,1,2399.999729,583.9999340566668,24.333333333333336,524288.0,131419.73333333334,0.13333333333333333,283.1333333333333,103.66666666666667,1.6
1377247048,1,2399.999729,550.3999378506667,22.933333333333334,524288.0,137362.66666666666,0.06666666666666667,278.93333333333334,100.26666666666667,1.4666666666666666
1377247348,1,2399.999729,535.9999394766668,22.333333333333336,524288.0,144352.53333333333,0.33333333333333337,279.6,99.93333333333334,1.6
1377247648,1,2399.999729,571.1999355020001,23.8,524288.0,123380.8,0.06666666666666667,278.4,97.66666666666667,1.1333333333333333
1377247948,1,2399.999729,547.199938212,22.8,524288.0,152741.06666666668,0.13333333333333333,281.2,98.86666666666666,1.4666666666666666
1377248248,1,2399.999729,564.7999362246668,23.533333333333335,524288.0,147847.46666666667,0.2,274.73333333333335,98.26666666666667,1.2
1377248548,1,2399.999729,588.7999335146667,24.533333333333335,524288.0,170566.66666666666,176.6,316.79999999999995,122.66666666666667,1.8
1377248848,1,2399.999729,558.3999369473333,23.266666666666666,524288.0,213907.2,1.4,304.66666666666663,118.13333333333334,1.5333333333333334
1377249148,1,2399.999729,619.199930082,25.8,524288.0,155187.2,0.2,298.73333333333335,111.26666666666667,1.6666666666666667
1377249448,1,2399.999729,561.599936586,23.4,524288.0,150992.8,2.2,295.0,100.2,1.4666666666666666
1377249748,1,2399.999729,548.7999380313333,22.866666666666664,524288.0,153089.6,0.5333333333333333,289.4666666666667,102.73333333333333,1.3333333333333333
1377250048,1,2399.999729,543.9999385733332,22.666666666666664,524288.0,149596.0,0.06666666666666667,293.40000000000003,101.73333333333333,1.2666666666666666
1377250348,1,2399.999729,582.3999342373334,24.266666666666666,524288.0,143303.2,0.3333333333333333,286.4,111.86666666666666,1.6
1377250648,1,2399.999729,558.3999369473333,23.266666666666666,524288.0,146798.4,0.2,282.40000000000003,102.6,1.2666666666666666
1377250948,1,2399.999729,551.99993767,23.0,524288.0,138060.0,0.13333333333333333,276.3333333333333,102.66666666666667,1.4666666666666666
1377251248,1,2399.999729,582.3999342373334,24.266666666666666,524288.0,150993.6,0.13333333333333333,284.93333333333334,105.2,1.2666666666666666
1377251548,1,2399.999729,555.1999373086668,23.133333333333336,524288.0,143304.53333333333,0.6,278.2,100.8,1.4
1377251848,1,2399.999729,551.99993767,23.0,524288.0,144002.13333333333,0.26666666666666666,275.26666666666665,97.4,1.2
1377252148,1,2399.999729,593.5999329726667,24.733333333333334,524288.0,186644.8,153.73333333333335,318.0,122.53333333333333,1.8666666666666667
1377252448,1,2399.999729,545.5999383926668,22.733333333333334,524288.0,207965.06666666668,1.4666666666666666,278.26666666666665,98.73333333333333,1.9333333333333333
1377252748,1,2399.999729,547.199938212,22.8,524288.0,158682.4,0.2,271.0,98.93333333333334,1.5333333333333334
1377253048,1,2399.999729,548.7999380313333,22.866666666666664,524288.0,144352.0,2.2,279.4666666666667,101.6,1.2666666666666666
1377253348,1,2399.999729,575.99993496,24.0,524288.0,153789.86666666667,0.8,276.5333333333333,101.06666666666666,1.2666666666666666
1377253648,1,2399.999729,515.1999418253333,21.466666666666665,524288.0,167769.6,0.26666666666666666,272.1333333333333,96.33333333333333,1.2666666666666666
1377253948,1,2399.999729,543.9999385733332,22.666666666666664,524288.0,145750.4,0.2,288.2,111.73333333333333,1.2666666666666666
1377254248,1,2399.999729,579.1999345986667,24.133333333333336,524288.0,138410.4,0.6,284.66666666666663,105.26666666666667,1.2
1377254548,1,2399.999729,559.9999367666667,23.333333333333336,524288.0,153440.0,0.13333333333333333,276.1333333333333,99.06666666666666,1.4666666666666666
1377254848,1,2399.999729,545.5999383926668,22.733333333333334,524288.0,126526.13333333333,0.06666666666666667,268.2,96.33333333333333,1.4
1377255148,1,2399.999729,543.9999385733332,22.666666666666664,524288.0,140158.13333333333,0.26666666666666666,280.4666666666667,99.2,1.3333333333333333
1377255448,1,2399.999729,523.199940922,21.8,524288.0,160780.53333333333,0.0,271.3333333333333,96.8,1.1333333333333333
1377255748,1,2399.999729,641.5999275526667,26.733333333333334,524288.0,178955.2,152.8,334.5333333333333,126.86666666666666,2.3333333333333335
1377256048,1,2399.999729,633.5999284559999,26.4,524288.0,232432.8,1.6,298.1333333333333,116.46666666666667,3.2
1377256348,1,2399.999729,567.9999358633333,23.666666666666664,524288.0,173712.26666666666,0.26666666666666666,287.53333333333336,111.93333333333334,2.3333333333333335
1377256648,1,2399.999729,574.3999351406667,23.933333333333334,524288.0,152740.26666666666,2.1333333333333337,276.46666666666664,100.73333333333333,1.5333333333333334
1377256948,1,2399.999729,550.3999378506667,22.933333333333334,524288.0,143652.26666666666,11.733333333333334,275.2,97.8,1.4666666666666666
1377257249,1,2399.999729,551.99993767,23.0,524288.0,148546.66666666666,0.4,287.8666666666667,108.8,1.5333333333333334
1377257549,1,2399.999729,572.7999353213334,23.866666666666664,524288.0,167770.93333333332,0.06666666666666667,295.8666666666667,113.06666666666666,2.2666666666666666
1377257849,1,2399.999729,607.9999313466668,25.333333333333336,524288.0,158332.8,0.2,288.73333333333335,105.06666666666666,1.6666666666666667
1377258149,1,2399.999729,571.1999355020001,23.8,524288.0,156236.0,0.26666666666666666,278.0,110.13333333333334,1.6666666666666667
1377258449,1,2399.999729,571.1999355020001,23.8,524288.0,165673.6,0.13333333333333333,282.79999999999995,99.66666666666667,1.6666666666666667
1377258749,1,2399.999729,550.3999378506667,22.933333333333334,524288.0,146449.6,0.6000000000000001,295.26666666666665,103.66666666666667,1.7333333333333334
1377259049,1,2399.999729,577.5999347793334,24.066666666666666,524288.0,146799.2,0.39999999999999997,286.5333333333333,101.8,1.2666666666666666
1377259349,1,2399.999729,647.99992683,27.0,524288.0,171614.93333333332,152.60000000000002,322.2,125.26666666666667,1.8
1377259649,1,2399.999729,580.799934418,24.2,524288.0,203421.6,1.7999999999999998,304.6666666666667,113.2,1.7333333333333334
1377259949,1,2399.999729,580.799934418,24.2,524288.0,149944.8,1.0,290.5333333333333,103.93333333333334,1.6666666666666667
1377260249,1,2399.999729,737.5999167126668,30.733333333333334,524288.0,148547.2,2.0,298.0,112.66666666666667,6.8
1377260549,1,2399.999729,814.3999080406668,33.93333333333334,524288.0,170565.86666666667,1.0666666666666667,312.20000000000005,127.46666666666667,7.6
1377260849,1,2399.999729,772.7999127380001,32.2,524288.0,156235.46666666667,0.13333333333333333,299.93333333333334,112.8,6.733333333333333
1377261149,1,2399.999729,729.599917616,30.4,524288.0,161478.4,0.4666666666666667,310.93333333333334,124.06666666666666,6.733333333333333
1377261449,1,2399.999729,625.5999293593334,26.066666666666666,524288.0,154139.2,0.13333333333333333,307.20000000000005,131.0,6.533333333333333
1377261749,1,2399.999729,622.3999297206667,25.933333333333334,524288.0,145749.6,0.2,284.93333333333334,110.26666666666667,6.8
1377262049,1,2399.999729,638.399927914,26.6,524288.0,132119.2,0.06666666666666667,289.3333333333333,109.13333333333334,6.6
1377262349,1,2399.999729,660.7999253846667,27.533333333333335,524288.0,130371.73333333334,0.4666666666666667,289.06666666666666,112.53333333333333,6.666666666666667
1377262649,1,2399.999729,663.9999250233334,27.666666666666664,524288.0,140157.86666666667,0.4,290.4,108.26666666666667,6.533333333333333
1377262949,1,2399.999729,711.9999196033333,29.666666666666664,524288.0,175110.13333333333,152.4,325.46666666666664,132.46666666666667,7.2
1377263249,1,2399.999729,670.3999243006667,27.933333333333334,524288.0,202372.26666666666,0.9333333333333333,301.6,122.6,6.933333333333334
1377263549,1,2399.999729,611.1999309853334,25.466666666666665,524288.0,164624.8,0.26666666666666666,290.46666666666664,111.0,6.733333333333333
1377263849,1,2399.999729,644.7999271913333,26.866666666666664,524288.0,150993.06666666668,2.3333333333333335,300.1333333333333,115.73333333333333,7.2
1377264149,1,2399.999729,1039.9998825666667,43.33333333333333,524288.0,166372.53333333333,1.1333333333333333,401.4,223.06666666666666,8.4
1377264449,1,2399.999729,886.3998999106668,36.93333333333334,524288.0,190489.06666666668,0.3333333333333333,399.53333333333336,228.13333333333333,7.266666666666667
1377264749,1,2399.999729,969.599890516,40.4,524288.0,186644.53333333333,0.4,418.8666666666667,250.2,7.466666666666667
1377265049,1,2399.999729,964.7998910580001,40.2,524288.0,196081.6,0.5333333333333333,418.73333333333335,246.6,7.133333333333334
1377265349,1,2399.999729,793.5999103893332,33.06666666666666,524288.0,209713.6,0.7333333333333333,347.3333333333333,175.6,7.466666666666667
1377265649,1,2399.999729,639.9999277333333,26.666666666666664,524288.0,170916.8,0.5333333333333333,286.26666666666665,109.4,7.2
1377265949,1,2399.999729,643.199927372,26.8,524288.0,155537.06666666668,30.666666666666664,302.26666666666665,126.0,7.2
1377266249,1,2399.999729,647.99992683,27.0,524288.0,145750.66666666666,0.5333333333333333,284.06666666666666,109.26666666666667,7.066666666666666
1377266549,1,2399.999729,716.7999190613333,29.866666666666664,524288.0,181053.06666666668,243.8,333.93333333333334,138.93333333333334,8.133333333333333
1377266849,1,2399.999729,916.7998964780002,38.2,524288.0,222296.26666666666,9.0,347.4666666666667,152.86666666666667,9.2
1377267149,1,2399.999729,876.7999009946667,36.53333333333333,524288.0,162178.66666666666,0.7333333333333333,368.6,168.8,8.8
1377267449,1,2399.999729,795.1999102086667,33.13333333333333,524288.0,170216.53333333333,4.266666666666667,351.4,162.53333333333333,7.2
1377267749,1,2399.999729,678.3999233973333,28.266666666666666,524288.0,155187.2,27.266666666666666,339.33333333333337,142.93333333333334,7.2
1377268049,1,2399.999729,761.5999140026668,31.733333333333334,524288.0,159031.73333333334,0.3333333333333333,371.4,179.4,7.133333333333334
1377268349,1,2399.999729,659.1999255653334,27.466666666666665,524288.0,183500.0,0.4,340.2,160.06666666666666,7.266666666666667
1377268649,1,2399.999729,627.1999291786668,26.133333333333336,524288.0,176159.2,0.3333333333333333,334.1333333333333,142.0,7.266666666666667
1377268949,1,2399.999729,767.99991328,32.0,524288.0,171964.0,0.9333333333333333,353.4,166.13333333333333,6.466666666666667
1377269249,1,2399.999729,668.7999244813333,27.866666666666664,524288.0,172313.86666666667,0.6666666666666666,333.0,138.06666666666666,6.066666666666666
1377269549,1,2399.999729,723.1999183386667,30.133333333333336,524288.0,153439.46666666667,25.46666666666667,359.4,173.46666666666667,6.333333333333333
1377269849,1,2399.999729,708.7999199646667,29.533333333333335,524288.0,163577.06666666668,0.6666666666666666,319.6,136.93333333333334,6.0
1377270149,1,2399.999729,803.1999093053334,33.46666666666667,524288.0,163924.8,7.133333333333334,394.3333333333333,202.4,6.8
1377270449,1,2399.999729,835.199905692,34.8,524288.0,178605.06666666668,1.2000000000000002,382.20000000000005,200.46666666666667,6.466666666666667
1377270749,1,2399.999729,831.9999060533332,34.666666666666664,524288.0,156235.73333333334,0.6666666666666666,398.06666666666666,214.6,6.6
1377271049,1,2399.999729,753.5999149060001,31.4,524288.0,170566.4,4.2,355.6666666666667,170.46666666666667,6.466666666666667
1377271349,1,2399.999729,871.9999015366667,36.333333333333336,524288.0,163225.6,16.466666666666665,401.46666666666664,217.4,6.333333333333333
1377271649,1,2399.999729,766.3999134606668,31.933333333333334,524288.0,150992.8,0.26666666666666666,355.26666666666665,176.0,6.533333333333333
1377271950,1,2399.999729,692.7999217713333,28.866666666666664,524288.0,159381.6,0.8666666666666667,320.53333333333336,144.6,6.866666666666666
1377272250,1,2399.999729,668.7999244813333,27.866666666666664,524288.0,153788.8,0.2,326.8,141.26666666666668,7.2
1377272550,1,2399.999729,654.3999261073334,27.266666666666666,524288.0,177206.66666666666,0.6,301.6,130.66666666666666,7.666666666666667
1377272850,1,2399.999729,635.1999282753333,26.466666666666665,524288.0,159380.53333333333,0.3333333333333333,294.4666666666667,116.53333333333333,7.4
1377273150,1,2399.999729,647.99992683,27.0,524288.0,157634.66666666666,15.866666666666667,292.8,114.0,7.466666666666667
1377273450,1,2399.999729,577.5999347793334,24.066666666666666,524288.0,159732.0,0.26666666666666666,283.6666666666667,112.33333333333333,7.266666666666667
1377273750,1,2399.999729,692.7999217713333,28.866666666666664,524288.0,159031.73333333334,8.4,316.8666666666667,134.66666666666666,7.866666666666666
1377274050,1,2399.999729,639.9999277333333,26.666666666666664,524288.0,227888.8,262.8,299.2,110.93333333333334,8.066666666666666
1377274350,1,2399.999729,639.9999277333333,26.666666666666664,524288.0,178605.6,0.5333333333333333,287.06666666666666,113.8,7.666666666666667
1377274650,1,2399.999729,619.199930082,25.8,524288.0,153789.86666666667,2.466666666666667,292.8666666666667,113.46666666666667,7.6
1377274950,1,2399.999729,620.7999299013333,25.866666666666664,524288.0,158332.26666666666,14.866666666666665,295.5333333333333,113.8,7.666666666666667
1377275250,1,2399.999729,668.7999244813333,27.866666666666664,524288.0,147847.2,0.26666666666666666,292.4,111.0,7.533333333333333
1377275550,1,2399.999729,630.3999288173334,26.266666666666666,524288.0,153090.4,0.5333333333333333,300.0,120.8,7.6
1377275850,1,2399.999729,1283.1998551053334,53.46666666666667,524288.0,208314.4,0.7999999999999999,788.6666666666666,646.2,9.6
1377276150,1,2399.999729,1331.1998496853332,55.46666666666667,524288.0,271579.73333333334,1.5333333333333334,752.2666666666667,603.7333333333333,9.266666666666667
1377276450,1,2399.999729,899.1998984653334,37.46666666666667,524288.0,221248.0,1.4,497.73333333333335,340.06666666666666,8.2
1377276750,1,2399.999729,643.199927372,26.8,524288.0,185246.66666666666,37.599999999999994,284.53333333333336,118.13333333333334,7.466666666666667
1377277050,1,2399.999729,673.5999239393334,28.066666666666666,524288.0,173013.6,1.0,271.6666666666667,111.66666666666667,7.333333333333333
1377277350,1,2399.999729,667.1999246620002,27.8,524288.0,154139.2,10.133333333333335,313.26666666666665,136.53333333333333,8.0
1377277650,1,2399.999729,611.1999309853334,25.466666666666665,524288.0,189091.2,7.866666666666667,282.8666666666667,111.46666666666667,7.8
1377277950,1,2399.999729,711.9999196033333,29.666666666666664,524288.0,292901.3333333333,929.7333333333332,323.5333333333333,114.53333333333333,7.6
1377278250,1,2399.999729,665.5999248426666,27.733333333333334,524288.0,266336.0,9.933333333333334,291.33333333333337,114.8,7.4
1377278550,1,2399.999729,671.9999241200001,28.0,524288.0,185596.0,30.933333333333334,289.33333333333337,113.8,7.533333333333333
1377278850,1,2399.999729,641.5999275526667,26.733333333333334,524288.0,168819.2,0.7333333333333333,285.4666666666667,111.46666666666667,7.466666666666667
1377279150,1,2399.999729,686.3999224940001,28.6,524288.0,141555.73333333334,0.5333333333333333,289.93333333333334,117.73333333333333,7.666666666666667
1377279450,1,2399.999729,641.5999275526667,26.733333333333334,524288.0,140857.86666666667,0.5333333333333333,299.6,122.73333333333333,7.466666666666667
1377279750,1,2399.999729,655.9999259266667,27.333333333333336,524288.0,144003.46666666667,0.26666666666666666,285.2,109.6,7.6
1377280050,1,2399.999729,667.1999246620002,27.8,524288.0,152741.33333333334,0.13333333333333333,279.4,109.4,7.4
1377280350,1,2399.999729,667.1999246620002,27.8,524288.0,148197.6,1.2666666666666666,289.2,111.33333333333333,7.533333333333333
1377280650,1,2399.999729,654.3999261073334,27.266666666666666,524288.0,156934.66666666666,0.13333333333333333,279.2,109.46666666666667,7.266666666666667
1377280950,1,2399.999729,663.9999250233334,27.666666666666664,524288.0,171264.8,8.133333333333333,319.8666666666667,138.46666666666667,8.133333333333333
1377281250,1,2399.999729,647.99992683,27.0,524288.0,159730.93333333332,0.6666666666666667,288.4,112.8,7.666666666666667
1377281551,1,2399.999729,689.5999221326667,28.733333333333334,524288.0,144701.06666666668,0.4666666666666667,283.33333333333337,116.33333333333333,7.8
1377281851,1,2399.999729,705.599920326,29.4,524288.0,135964.0,2.2,283.4,111.73333333333333,7.666666666666667
1377282151,1,2399.999729,596.7999326113332,24.866666666666664,524288.0,168819.2,0.8,287.8,111.6,7.733333333333333
1377282451,1,2399.999729,612.7999308046667,25.533333333333335,524288.0,160430.4,0.2,278.3333333333333,108.2,7.333333333333333
1377282751,1,2399.999729,604.799931708,25.2,524288.0,150293.33333333334,0.3333333333333333,283.79999999999995,114.26666666666667,7.466666666666667
1377283051,1,2399.999729,628.799928998,26.2,524288.0,174761.06666666668,0.26666666666666666,290.8,118.8,7.466666666666667
1377283351,1,2399.999729,665.5999248426666,27.733333333333334,524288.0,148197.06666666668,0.26666666666666666,279.2,111.06666666666666,7.6
1377283651,1,2399.999729,665.5999248426666,27.733333333333334,524288.0,170216.8,0.13333333333333333,280.46666666666664,111.46666666666667,7.266666666666667
1377283951,1,2399.999729,707.1999201453333,29.466666666666665,524288.0,168119.73333333334,1.0,308.1333333333333,138.33333333333334,7.8
1377284251,1,2399.999729,649.5999266493334,27.066666666666666,524288.0,148895.73333333334,0.2,284.4666666666667,117.93333333333334,7.266666666666667
1377284551,1,2399.999729,638.399927914,26.6,524288.0,165323.2,6.8,312.26666666666665,131.66666666666666,7.866666666666666
1377284851,1,2399.999729,651.1999264686667,27.133333333333336,524288.0,152390.66666666666,0.7333333333333334,297.2,127.46666666666667,7.6
1377285151,1,2399.999729,638.399927914,26.6,524288.0,157983.73333333334,0.4,278.26666666666665,111.6,7.6
1377285451,1,2399.999729,694.3999215906666,28.933333333333334,524288.0,146798.4,2.3333333333333335,287.6666666666667,113.06666666666666,7.466666666666667
1377285751,1,2399.999729,691.199921952,28.8,524288.0,167769.6,1.0,288.6666666666667,113.4,7.4
1377286051,1,2399.999729,652.7999262879999,27.2,524288.0,146099.73333333334,0.2,278.8666666666667,108.93333333333334,7.533333333333333
1377286351,1,2399.999729,646.3999270106667,26.933333333333334,524288.0,174761.06666666668,0.2,282.8,110.8,7.533333333333333
1377286651,1,2399.999729,673.5999239393334,28.066666666666666,524288.0,156586.13333333333,0.26666666666666666,286.5333333333333,113.73333333333333,7.266666666666667
1377286951,1,2399.999729,623.99992954,26.0,524288.0,149594.66666666666,0.5333333333333333,284.1333333333333,111.0,7.466666666666667
1377287251,1,2399.999729,667.1999246620002,27.8,524288.0,137712.0,0.26666666666666666,282.26666666666665,111.2,7.266666666666667
1377287551,1,2399.999729,695.9999214100001,29.0,524288.0,152740.8,0.7333333333333334,282.93333333333334,111.73333333333333,7.466666666666667
1377287851,1,2399.999729,689.5999221326667,28.733333333333334,524288.0,154138.4,0.4,273.53333333333336,108.6,7.2
1377288151,1,2399.999729,673.5999239393334,28.066666666666666,524288.0,174761.33333333334,6.866666666666666,305.93333333333334,134.73333333333332,7.866666666666666
1377288451,1,2399.999729,553.5999374893333,23.066666666666666,524288.0,174761.06666666668,0.4666666666666667,281.93333333333334,111.46666666666667,7.466666666666667
1377288751,1,2399.999729,635.1999282753333,26.466666666666665,524288.0,148896.0,0.33333333333333337,275.4,110.33333333333333,7.733333333333333
1377289051,1,2399.999729,622.3999297206667,25.933333333333334,524288.0,142604.8,2.1333333333333333,284.6666666666667,117.4,7.8
1377289351,1,2399.999729,713.5999194226667,29.733333333333334,524288.0,170915.73333333334,12.466666666666667,291.06666666666666,121.13333333333334,7.533333333333333
1377289651,1,2399.999729,670.3999243006667,27.933333333333334,524288.0,167770.4,0.13333333333333333,282.8666666666667,118.46666666666667,7.333333333333333
1377289951,1,2399.999729,663.9999250233334,27.666666666666664,524288.0,145050.93333333332,0.3333333333333333,282.1333333333333,119.4,7.466666666666667
1377290251,1,2399.999729,627.1999291786668,26.133333333333336,524288.0,142954.13333333333,0.13333333333333333,284.0,121.53333333333333,7.266666666666667
1377290551,1,2399.999729,652.7999262879999,27.2,524288.0,150294.66666666666,0.4,282.93333333333334,124.0,7.4
1377290852,1,2399.999729,755.1999147253333,31.466666666666665,524288.0,148196.26666666666,0.3333333333333333,281.26666666666665,118.33333333333333,7.333333333333333
1377291152,1,2399.999729,651.1999264686667,27.133333333333336,524288.0,149945.33333333334,0.6666666666666667,289.0,125.26666666666667,7.533333333333333
1377291452,1,2399.999729,684.7999226746667,28.533333333333335,524288.0,139459.73333333334,0.4,271.4666666666667,107.26666666666667,7.0
1377291752,1,2399.999729,663.9999250233334,27.666666666666664,524288.0,149945.33333333334,6.666666666666667,304.4666666666667,132.06666666666666,6.933333333333334
1377292052,1,2399.999729,617.5999302626667,25.733333333333334,524288.0,177556.8,0.4666666666666667,271.2,105.86666666666666,6.666666666666667
1377292352,1,2399.999729,550.3999378506667,22.933333333333334,524288.0,143302.93333333332,0.26666666666666666,274.0,108.06666666666666,6.733333333333333
1377292652,1,2399.999729,636.7999280946667,26.533333333333335,524288.0,139110.4,2.1333333333333337,275.06666666666666,108.33333333333333,6.933333333333334
1377292952,1,2399.999729,726.3999179773334,30.266666666666666,524288.0,153439.46666666667,0.5333333333333333,283.46666666666664,109.2,7.466666666666667
1377293252,1,2399.999729,734.3999170740001,30.6,524288.0,147847.2,0.3333333333333333,277.8,106.26666666666667,7.4
1377293551,1,2399.999729,737.5999167126668,30.733333333333334,524288.0,137712.0,0.4666666666666667,283.8666666666667,111.4,7.4
1377293851,1,2399.999729,844.799904608,35.2,524288.0,131420.53333333333,18.0,287.6,113.26666666666667,7.266666666666667
1377294151,1,2399.999729,767.99991328,32.0,524288.0,169866.66666666666,407.73333333333335,300.6,110.73333333333333,7.4
1377294451,1,2399.999729,836.7999055113333,34.86666666666667,524288.0,252705.06666666668,329.0,290.73333333333335,107.06666666666666,7.733333333333333
1377294751,1,2399.999729,737.5999167126668,30.733333333333334,524288.0,203421.06666666668,32.46666666666667,281.4,109.73333333333333,7.133333333333334
1377295051,1,2399.999729,691.199921952,28.8,524288.0,159031.46666666667,0.6666666666666666,279.93333333333334,108.4,7.133333333333334
1377295352,1,2399.999729,699.1999210486667,29.133333333333336,524288.0,168818.13333333333,13.866666666666667,318.2,150.8,7.6
1377295652,1,2399.999729,596.7999326113332,24.866666666666664,524288.0,188393.06666666668,3.733333333333333,301.1333333333333,110.8,7.266666666666667
1377295952,1,2399.999729,660.7999253846667,27.533333333333335,524288.0,150992.8,1.1333333333333333,280.73333333333335,107.06666666666666,7.266666666666667
1377296252,1,2399.999729,665.5999248426666,27.733333333333334,524288.0,149944.0,0.6,286.33333333333337,104.8,4.666666666666667
1377296552,1,2399.999729,531.1999400186668,22.133333333333336,524288.0,163576.0,0.0,273.4666666666667,96.2,1.3333333333333333
1377296852,1,2399.999729,532.799939838,22.2,524288.0,165672.8,0.0,274.1333333333333,93.66666666666667,1.2
1377297152,1,2399.999729,510.3999423673333,21.266666666666666,524288.0,166722.4,0.06666666666666667,286.4,105.2,1.2666666666666666
1377297452,1,2399.999729,580.799934418,24.2,524288.0,145750.93333333332,0.06666666666666667,307.6666666666667,129.86666666666667,1.1333333333333333
1377297752,1,2399.999729,532.799939838,22.2,524288.0,127575.2,0.0,269.93333333333334,94.26666666666667,1.2666666666666666
1377298052,1,2399.999729,567.9999358633333,23.666666666666664,524288.0,144701.86666666667,0.06666666666666667,272.66666666666663,95.53333333333333,1.2666666666666666
1377298352,1,2399.999729,564.7999362246668,23.533333333333335,524288.0,146099.73333333334,0.6666666666666666,277.6,96.0,1.3333333333333333
1377298652,1,2399.999729,564.7999362246668,23.533333333333335,524288.0,126176.8,0.0,267.6666666666667,93.86666666666666,1.1333333333333333
1377298952,1,2399.999729,643.199927372,26.8,524288.0,164275.46666666667,632.9333333333334,395.4,133.4,1.7333333333333334
1377299252,1,2399.999729,585.599933876,24.4,524288.0,348474.6666666667,1142.3333333333333,535.2666666666667,125.46666666666667,1.4
1377299552,1,2399.999729,521.5999411026667,21.733333333333334,524288.0,396360.0,1350.4,479.66666666666663,100.46666666666667,1.5333333333333334
1377299852,1,2399.999729,1876.7997880780001,78.2,524288.0,365951.73333333334,1128.0666666666668,328.0,98.66666666666667,1.2666666666666666
1377300152,1,2399.999729,2267.1997439953334,94.46666666666665,524288.0,349174.6666666667,1094.0666666666666,310.73333333333335,100.46666666666667,1.3333333333333333
1377300452,1,2399.999729,2260.7997447180005,94.2,524288.0,324008.0,1161.8666666666668,320.5333333333333,99.46666666666667,1.3333333333333333
1377300752,1,2399.999729,2254.3997454406667,93.93333333333334,524288.0,262143.2,1000.4,306.6,103.4,1.3333333333333333
1377301052,1,2399.999729,2307.199739478667,96.13333333333334,524288.0,243267.2,1245.8666666666666,315.2,105.53333333333333,1.2
1377301352,1,2399.999729,2302.3997400206667,95.93333333333334,524288.0,369097.6,1488.5333333333333,306.2,97.8,1.0666666666666667
1377301652,1,2399.999729,2255.99974526,94.0,524288.0,346028.0,1053.8000000000002,310.1333333333333,95.73333333333333,1.2
1377301952,1,2399.999729,2273.5997432726667,94.73333333333333,524288.0,263539.4666666667,997.8,311.06666666666666,100.33333333333333,1.2
1377302252,1,2399.999729,2335.999736226667,97.33333333333334,524288.0,262841.3333333333,771.9333333333334,277.73333333333335,93.93333333333334,1.0666666666666667
1377302552,1,2399.999729,2398.399729180667,99.93333333333334,524288.0,306182.13333333336,839.9333333333333,360.2,161.0,1.4666666666666666
1377302852,1,2399.999729,2329.5997369493334,97.06666666666666,524288.0,332747.2,680.5333333333333,318.53333333333336,132.0,1.4
1377303152,1,2399.999729,2372.7997320713334,98.86666666666666,524288.0,312824.0,776.7333333333333,278.2,95.2,1.3333333333333333
1377303452,1,2399.999729,2315.199738575333,96.46666666666665,524288.0,297442.93333333335,706.4,290.6666666666667,96.4,1.1333333333333333
1377303752,1,2399.999729,2366.399732794,98.6,524288.0,312474.13333333336,941.1333333333333,287.66666666666663,97.06666666666666,1.1333333333333333
1377304052,1,2399.999729,2351.99973442,98.0,524288.0,318066.13333333336,949.8000000000001,280.93333333333334,91.93333333333334,1.2
1377304353,1,2399.999729,2308.799739298,96.2,524288.0,321562.13333333336,750.0666666666667,283.6666666666667,97.33333333333333,1.1333333333333333
1377304652,1,2399.999729,2291.1997412853334,95.46666666666665,524288.0,317716.26666666666,694.1333333333333,284.4666666666667,95.86666666666666,1.2
1377304953,1,2399.999729,2212.799750138,92.2,524288.0,305833.3333333333,924.3333333333334,314.6666666666667,95.73333333333333,1.1333333333333333
1377305253,1,2399.999729,2254.3997454406667,93.93333333333334,524288.0,232781.6,1459.1333333333332,334.26666666666665,94.8,1.1333333333333333
1377305553,1,2399.999729,2265.599744176,94.4,524288.0,218102.4,1106.3333333333335,306.06666666666666,98.2,1.0666666666666667
1377305853,1,2399.999729,2263.9997443566667,94.33333333333334,524288.0,290453.6,1067.4,309.0,94.66666666666667,1.1333333333333333
1377306153,1,2399.999729,2286.3997418273334,95.26666666666667,524288.0,304434.4,1245.0666666666668,325.93333333333334,120.0,1.4666666666666666
1377306453,1,2399.999729,2327.99973713,97.0,524288.0,322958.6666666667,1621.8666666666666,376.4,110.73333333333333,1.3333333333333333
1377306753,1,2399.999729,2343.9997353233334,97.66666666666666,524288.0,371193.3333333333,1820.7333333333333,368.20000000000005,98.4,1.5333333333333334
1377307053,1,2399.999729,2331.199736768667,97.13333333333334,524288.0,421875.2,1890.2,378.6,97.26666666666667,1.2
1377307353,1,2399.999729,2318.399738214,96.6,524288.0,434458.13333333336,1911.0666666666666,374.3333333333333,96.6,1.1333333333333333
1377307653,1,2399.999729,2283.199742188667,95.13333333333334,524288.0,434807.4666666667,1526.7333333333331,350.06666666666666,91.4,1.2
1377307953,1,2399.999729,2231.99974797,93.0,524288.0,416631.73333333334,1351.0,353.5333333333333,98.0,1.3333333333333333
1377308253,1,2399.999729,2246.399746344,93.6,524288.0,385873.86666666664,1056.0666666666666,327.93333333333334,98.4,1.4
1377308553,1,2399.999729,1470.3998339673335,61.26666666666667,524288.0,267036.0,434.33333333333337,307.1333333333333,97.73333333333333,1.2666666666666666
1377308853,1,2399.999729,559.9999367666667,23.333333333333336,524288.0,184198.4,0.6,284.8,98.06666666666666,1.1333333333333333
1377309153,1,2399.999729,511.9999421866667,21.333333333333336,524288.0,161828.0,33.46666666666667,292.4,98.46666666666667,1.3333333333333333
1377309453,1,2399.999729,543.9999385733332,22.666666666666664,524288.0,137710.4,0.3333333333333333,286.5333333333333,96.46666666666667,1.0666666666666667
1377309753,1,2399.999729,564.7999362246668,23.533333333333335,524288.0,157284.0,354.5333333333333,330.0,126.53333333333333,1.8
1377310053,1,2399.999729,889.5998995493334,37.06666666666666,524288.0,301988.0,1035.6666666666667,445.4,106.6,1.7333333333333334
1377310353,1,2399.999729,604.799931708,25.2,524288.0,343931.2,9.666666666666668,301.5333333333333,98.33333333333333,1.3333333333333333
1377310653,1,2399.999729,534.3999396573333,22.266666666666666,524288.0,229286.93333333332,12.066666666666666,303.5333333333333,103.0,1.2
1377310953,1,2399.999729,553.5999374893333,23.066666666666666,524288.0,210064.0,28.599999999999998,299.8,107.0,1.2
1377311253,1,2399.999729,587.1999336953334,24.466666666666665,524288.0,188391.73333333334,0.4,302.93333333333334,104.06666666666666,1.0666666666666667
1377311553,1,2399.999729,515.1999418253333,21.466666666666665,524288.0,169518.4,0.13333333333333333,283.1333333333333,96.6,1.0666666666666667
1377311853,1,2399.999729,478.39994598066664,19.933333333333334,524288.0,159031.73333333334,0.2,295.8,100.66666666666667,1.2
1377312153,1,2399.999729,491.19994453533343,20.46666666666667,524288.0,164275.2,0.3333333333333333,287.73333333333335,99.4,1.0666666666666667
1377312453,1,2399.999729,470.3999468840001,19.6,524288.0,157983.46666666667,0.26666666666666666,286.33333333333337,94.53333333333333,1.0666666666666667
1377312753,1,2399.999729,491.19994453533343,20.46666666666667,524288.0,149245.33333333334,1.0,296.26666666666665,100.66666666666667,1.0666666666666667
1377313053,1,2399.999729,503.99994309,21.0,524288.0,145400.53333333333,0.06666666666666667,279.53333333333336,97.46666666666667,1.1333333333333333
1377313353,1,2399.999729,587.1999336953334,24.466666666666665,524288.0,159381.86666666667,16.4,313.53333333333336,118.8,1.5333333333333334
1377313653,1,2399.999729,518.3999414640001,21.6,524288.0,172314.4,0.06666666666666667,270.6,95.06666666666666,1.2666666666666666
1377313953,1,2399.999729,547.199938212,22.8,524288.0,139808.26666666666,0.6,276.1333333333333,98.6,1.2666666666666666
1377314253,1,2399.999729,505.5999429093333,21.066666666666666,524288.0,149944.8,1.9333333333333333,274.1333333333333,93.86666666666666,1.0666666666666667
1377314553,1,2399.999729,535.9999394766668,22.333333333333336,524288.0,156236.8,0.2,280.2,96.93333333333334,1.2
1377314853,1,2399.999729,473.5999465226667,19.733333333333334,524288.0,152041.6,0.0,267.5333333333333,91.2,1.0666666666666667
1377315154,1,2399.999729,508.79994254800005,21.2,524288.0,157284.8,0.26666666666666666,274.26666666666665,96.33333333333333,1.0
1377315454,1,2399.999729,529.5999401993333,22.066666666666666,524288.0,158682.93333333332,0.0,280.8,97.2,1.0666666666666667
1377315754,1,2399.999729,499.19994363200004,20.8,524288.0,147148.8,0.13333333333333333,273.8,94.4,1.0666666666666667
1377316054,1,2399.999729,475.19994634200003,19.8,524288.0,144701.86666666667,0.0,272.79999999999995,90.73333333333333,0.9333333333333333
1377316354,1,2399.999729,494.39994417400004,20.6,524288.0,162876.8,0.7333333333333333,278.6,96.13333333333334,1.0666666666666667
1377316654,1,2399.999729,487.99994489666665,20.333333333333332,524288.0,176158.93333333332,0.0,268.93333333333334,91.6,0.8666666666666667
1377316954,1,2399.999729,588.7999335146667,24.533333333333335,524288.0,146100.0,5.533333333333334,314.46666666666664,125.8,1.4666666666666666
1377317254,1,2399.999729,476.79994616133337,19.866666666666667,524288.0,157634.93333333332,0.33333333333333337,292.33333333333337,113.06666666666666,1.1333333333333333
1377317554,1,2399.999729,548.7999380313333,22.866666666666664,524288.0,147148.53333333333,0.0,311.0,132.06666666666666,1.2
1377317854,1,2399.999729,489.599944716,20.4,524288.0,150293.6,3.8666666666666667,269.0,93.46666666666667,0.9333333333333333
1377318154,1,2399.999729,486.3999450773333,20.266666666666666,524288.0,146799.2,0.6000000000000001,273.2,94.93333333333334,1.0666666666666667
1377318454,1,2399.999729,484.799945258,20.2,524288.0,134216.53333333333,0.2,268.06666666666666,91.33333333333333,1.1333333333333333
1377318754,1,2399.999729,489.599944716,20.4,524288.0,127924.53333333334,0.3333333333333333,278.5333333333333,97.46666666666667,1.0666666666666667
1377319054,1,2399.999729,519.9999412833333,21.666666666666664,524288.0,141556.0,0.0,276.8,95.46666666666667,1.1333333333333333
1377319354,1,2399.999729,481.59994561933337,20.066666666666666,524288.0,134216.8,0.33333333333333337,273.8666666666667,94.0,1.2
1377319654,1,2399.999729,475.19994634200003,19.8,524288.0,160429.6,0.0,273.46666666666664,91.06666666666666,1.0666666666666667
1377319954,1,2399.999729,526.3999405606668,21.933333333333334,524288.0,155537.6,0.5333333333333333,281.6,97.13333333333334,1.0
1377320254,1,2399.999729,521.5999411026667,21.733333333333334,524288.0,151691.73333333334,0.0,273.8,94.53333333333333,1.0666666666666667
1377320554,1,2399.999729,531.1999400186668,22.133333333333336,524288.0,133168.8,9.733333333333334,305.6,117.8,1.6
1377320854,1,2399.999729,486.3999450773333,20.266666666666666,524288.0,162876.53333333333,7.933333333333334,275.4,92.46666666666667,1.4
1377321154,1,2399.999729,478.39994598066664,19.933333333333334,524288.0,149944.53333333333,0.13333333333333333,272.6,95.6,1.3333333333333333
1377321454,1,2399.999729,473.5999465226667,19.733333333333334,524288.0,156236.0,3.6,278.4,94.26666666666667,1.1333333333333333
1377321754,1,2399.999729,486.3999450773333,20.266666666666666,524288.0,157983.73333333334,12.666666666666668,272.4,94.73333333333333,1.0
1377322054,1,2399.999729,516.7999416446668,21.533333333333335,524288.0,156235.46666666667,0.2,272.0,92.06666666666666,1.0666666666666667
1377322354,1,2399.999729,507.19994272866677,21.133333333333336,524288.0,139110.13333333333,0.13333333333333333,277.1333333333333,99.13333333333334,1.1333333333333333
1377322655,1,2399.999729,510.3999423673333,21.266666666666666,524288.0,146798.4,0.0,274.53333333333336,96.4,1.0
1377322955,1,2399.999729,518.3999414640001,21.6,524288.0,156235.73333333334,0.13333333333333333,273.5333333333333,96.86666666666666,1.1333333333333333
1377323255,1,2399.999729,513.599942006,21.4,524288.0,137361.6,0.0,269.8,92.0,1.0
1377323555,1,2399.999729,505.5999429093333,21.066666666666666,524288.0,149944.0,0.8666666666666666,278.8666666666667,96.93333333333334,1.0666666666666667
1377323855,1,2399.999729,483.1999454386667,20.133333333333333,524288.0,154138.13333333333,0.06666666666666667,273.8666666666667,94.13333333333334,0.9333333333333333
1377324155,1,2399.999729,535.9999394766668,22.333333333333336,524288.0,147848.26666666666,7.466666666666667,302.20000000000005,116.4,1.4666666666666666
1377324455,1,2399.999729,491.19994453533343,20.46666666666667,524288.0,185596.8,1.8,277.0,94.6,1.2666666666666666
1377324755,1,2399.999729,516.7999416446668,21.533333333333335,524288.0,152041.6,0.2,275.3333333333333,96.2,1.2666666666666666
1377325055,1,2399.999729,479.9999458,20.0,524288.0,141555.2,2.066666666666667,275.93333333333334,94.0,1.0
1377325355,1,2399.999729,487.99994489666665,20.333333333333332,524288.0,146449.06666666668,0.33333333333333337,270.5333333333333,93.8,1.1333333333333333
1377325655,1,2399.999729,451.199949052,18.8,524288.0,139109.86666666667,0.06666666666666667,273.26666666666665,93.86666666666666,1.0666666666666667
1377325955,1,2399.999729,521.5999411026667,21.733333333333334,524288.0,139459.2,0.06666666666666667,274.6,96.6,1.2
1377326255,1,2399.999729,548.7999380313333,22.866666666666664,524288.0,148896.0,0.13333333333333333,276.4,96.53333333333333,1.2
1377326554,1,2399.999729,547.199938212,22.8,524288.0,142605.33333333334,0.13333333333333333,276.8666666666667,95.86666666666666,1.2
1377326854,1,2399.999729,535.9999394766668,22.333333333333336,524288.0,153440.0,0.13333333333333333,272.26666666666665,92.2,1.1333333333333333
1377327154,1,2399.999729,564.7999362246668,23.533333333333335,524288.0,152041.06666666668,0.8666666666666667,288.5333333333333,104.46666666666667,1.3333333333333333
1377327454,1,2399.999729,1399.9998419166666,58.33333333333333,524288.0,170566.66666666666,0.6666666666666666,797.0666666666666,650.8,3.8
1377327755,1,2399.999729,1183.9998663066667,49.33333333333333,524288.0,260045.86666666667,12.066666666666666,713.0,541.7333333333333,3.6666666666666665
1377328055,1,2399.999729,652.7999262879999,27.2,524288.0,241171.2,9.133333333333335,390.0,208.4,2.0
1377328355,1,2399.999729,537.599939296,22.4,524288.0,175110.4,0.4,297.93333333333334,117.0,1.4666666666666666
1377328655,1,2399.999729,539.1999391153333,22.466666666666665,524288.0,147848.0,4.733333333333333,277.4,95.06666666666666,1.2
1377328955,1,2399.999729,553.5999374893333,23.066666666666666,524288.0,162178.13333333333,16.73333333333333,277.26666666666665,96.06666666666666,1.3333333333333333
1377329255,1,2399.999729,545.5999383926668,22.733333333333334,524288.0,157284.8,0.06666666666666667,269.66666666666663,92.73333333333333,1.0666666666666667
1377329555,1,2399.999729,503.99994309,21.0,524288.0,137362.13333333333,0.2,279.4666666666667,98.2,1.2
1377329855,1,2399.999729,518.3999414640001,21.6,524288.0,138060.8,0.06666666666666667,276.93333333333334,96.66666666666667,1.2666666666666666
1377330155,1,2399.999729,531.1999400186668,22.133333333333336,524288.0,130370.93333333333,0.06666666666666667,274.26666666666665,95.2,1.2666666666666666
1377330455,1,2399.999729,519.9999412833333,21.666666666666664,524288.0,122332.8,0.3333333333333333,273.53333333333336,93.06666666666666,1.0666666666666667
1377330755,1,2399.999729,539.1999391153333,22.466666666666665,524288.0,137362.13333333333,0.6,279.73333333333335,99.8,1.1333333333333333
1377331055,1,2399.999729,473.5999465226667,19.733333333333334,524288.0,128273.6,0.13333333333333333,265.93333333333334,93.4,1.0
1377331355,1,2399.999729,537.599939296,22.4,524288.0,146098.93333333332,7.0,308.93333333333334,118.46666666666667,1.6
1377331655,1,2399.999729,519.9999412833333,21.666666666666664,524288.0,159731.46666666667,1.7333333333333334,274.26666666666665,101.8,1.4
1377331955,1,2399.999729,529.5999401993333,22.066666666666666,524288.0,134565.6,0.8666666666666667,268.66666666666663,97.33333333333333,1.5333333333333334
1377332255,1,2399.999729,515.1999418253333,21.466666666666665,524288.0,140507.2,3.8000000000000003,274.66666666666663,93.26666666666667,1.2
1377332555,1,2399.999729,491.19994453533343,20.46666666666667,524288.0,144700.8,11.866666666666667,278.33333333333337,96.0,1.2
1377332855,1,2399.999729,470.3999468840001,19.6,524288.0,146798.4,0.13333333333333333,273.93333333333334,95.26666666666667,1.2
1377333155,1,2399.999729,518.3999414640001,21.6,524288.0,136664.0,0.26666666666666666,272.0,98.0,1.3333333333333333
1377333455,1,2399.999729,518.3999414640001,21.6,524288.0,135963.73333333334,0.13333333333333333,269.26666666666665,94.06666666666666,1.2666666666666666
1377333755,1,2399.999729,547.199938212,22.8,524288.0,119534.4,0.13333333333333333,274.33333333333337,95.8,1.2
1377334055,1,2399.999729,535.9999394766668,22.333333333333336,524288.0,139808.26666666666,0.13333333333333333,264.6,92.86666666666666,1.2
1377334355,1,2399.999729,550.3999378506667,22.933333333333334,524288.0,129672.26666666666,0.39999999999999997,278.46666666666664,98.73333333333333,1.3333333333333333
1377334655,1,2399.999729,531.1999400186668,22.133333333333336,524288.0,146799.46666666667,0.06666666666666667,266.4,92.86666666666666,1.1333333333333333
1377334955,1,2399.999729,543.9999385733332,22.666666666666664,524288.0,133517.33333333334,7.0,299.26666666666665,118.8,1.7333333333333334
1377335255,1,2399.999729,505.5999429093333,21.066666666666666,524288.0,187693.06666666668,1.1333333333333333,271.4666666666667,94.6,1.7333333333333334
1377335555,1,2399.999729,507.19994272866677,21.133333333333336,524288.0,171265.33333333334,0.0,270.73333333333335,97.33333333333333,1.6
1377335855,1,2399.999729,510.3999423673333,21.266666666666666,524288.0,150294.13333333333,2.7333333333333334,275.66666666666663,95.4,1.5333333333333334
1377336155,1,2399.999729,551.99993767,23.0,524288.0,143653.06666666668,0.26666666666666666,275.46666666666664,96.93333333333334,1.4666666666666666
1377336455,1,2399.999729,519.9999412833333,21.666666666666664,524288.0,151692.26666666666,0.2,269.6666666666667,92.8,1.3333333333333333
1377336755,1,2399.999729,547.199938212,22.8,524288.0,139459.2,0.06666666666666667,273.73333333333335,96.6,1.5333333333333334
1377337055,1,2399.999729,534.3999396573333,22.266666666666666,524288.0,130022.4,0.0,275.8,96.0,1.4
1377337355,1,2399.999729,534.3999396573333,22.266666666666666,524288.0,124779.2,0.2,272.33333333333337,96.33333333333333,1.2666666666666666
1377337655,1,2399.999729,532.799939838,22.2,524288.0,154139.2,0.06666666666666667,275.2,94.53333333333333,1.2666666666666666
1377337955,1,2399.999729,499.19994363200004,20.8,524288.0,137361.6,0.33333333333333337,281.1333333333333,99.2,1.4
1377338255,1,2399.999729,462.39994778733336,19.266666666666666,524288.0,149245.33333333334,0.06666666666666667,264.8,92.66666666666667,1.2
1377338555,1,2399.999729,515.1999418253333,21.466666666666665,524288.0,133517.06666666668,10.066666666666666,306.6,119.4,1.7333333333333334
1377338855,1,2399.999729,495.9999439933333,20.666666666666664,524288.0,171964.53333333333,8.333333333333332,271.6,93.8,1.3333333333333333
1377339156,1,2399.999729,476.79994616133337,19.866666666666667,524288.0,135614.13333333333,0.0,271.20000000000005,97.0,1.6
1377339456,1,2399.999729,494.39994417400004,20.6,524288.0,146449.06666666668,3.6,272.79999999999995,95.06666666666666,1.2666666666666666
1377339756,1,2399.999729,550.3999378506667,22.933333333333334,524288.0,154139.46666666667,0.4666666666666667,279.6,100.73333333333333,1.4
1377340056,1,2399.999729,516.7999416446668,21.533333333333335,524288.0,133167.2,0.2,272.4,93.2,1.4
1377340356,1,2399.999729,452.7999488713334,18.866666666666667,524288.0,128623.46666666666,0.2,275.26666666666665,98.33333333333333,1.4666666666666666
1377340656,1,2399.999729,476.79994616133337,19.866666666666667,524288.0,130720.8,0.3333333333333333,284.3333333333333,102.4,1.4
1377340956,1,2399.999729,510.3999423673333,21.266666666666666,524288.0,125478.66666666667,0.13333333333333333,277.73333333333335,99.73333333333333,1.4
1377341256,1,2399.999729,534.3999396573333,22.266666666666666,524288.0,139808.0,0.13333333333333333,268.66666666666663,93.33333333333333,1.2666666666666666
1377341556,1,2399.999729,556.799937128,23.2,524288.0,145750.4,0.3333333333333333,281.8,98.86666666666666,1.4
1377341856,1,2399.999729,527.99994038,22.0,524288.0,140508.0,0.06666666666666667,259.06666666666666,92.26666666666667,1.2666666666666666
1377342156,1,2399.999729,569.5999356826667,23.733333333333334,524288.0,134216.8,8.266666666666666,296.46666666666664,118.0,2.1333333333333333
1377342456,1,2399.999729,564.7999362246668,23.533333333333335,524288.0,169866.4,1.6666666666666665,299.2,111.53333333333333,3.1333333333333333
1377342756,1,2399.999729,563.1999364053333,23.466666666666665,524288.0,165672.8,0.0,288.8666666666667,111.06666666666666,2.4
1377343056,1,2399.999729,542.399938754,22.6,524288.0,161827.2,3.7333333333333334,272.73333333333335,93.46666666666667,1.3333333333333333
1377343356,1,2399.999729,516.7999416446668,21.533333333333335,524288.0,160429.6,12.066666666666666,277.6666666666667,95.73333333333333,1.4
1377343656,1,2399.999729,535.9999394766668,22.333333333333336,524288.0,149594.93333333332,0.13333333333333333,285.0,105.26666666666667,1.5333333333333334
1377343956,1,2399.999729,572.7999353213334,23.866666666666664,524288.0,165323.73333333334,0.3333333333333333,290.4,110.0,2.0
1377344256,1,2399.999729,567.9999358633333,23.666666666666664,524288.0,169518.13333333333,0.13333333333333333,285.8,101.06666666666666,1.7333333333333334
1377344556,1,2399.999729,516.7999416446668,21.533333333333335,524288.0,153439.73333333334,0.26666666666666666,286.3333333333333,106.73333333333333,1.6666666666666667
1377344856,1,2399.999729,542.399938754,22.6,524288.0,157983.46666666667,0.13333333333333333,275.06666666666666,94.33333333333333,1.4
1377345156,1,2399.999729,588.7999335146667,24.533333333333335,524288.0,156935.2,0.6666666666666666,285.8,99.93333333333334,1.5333333333333334
1377345456,1,2399.999729,534.3999396573333,22.266666666666666,524288.0,144701.86666666667,0.2,274.93333333333334,95.53333333333333,1.4
1377345756,1,2399.999729,585.599933876,24.4,524288.0,165323.73333333334,9.533333333333335,309.8,120.06666666666666,1.7333333333333334
1377346056,1,2399.999729,505.5999429093333,21.066666666666666,524288.0,149944.26666666666,8.399999999999999,280.4,95.73333333333333,1.2666666666666666
1377346356,1,2399.999729,537.599939296,22.4,524288.0,160429.6,0.13333333333333333,274.8,99.2,1.6
1377346656,1,2399.999729,532.799939838,22.2,524288.0,168819.2,2.5333333333333337,278.2,95.93333333333334,1.2666666666666666
1377346956,1,2399.999729,519.9999412833333,21.666666666666664,524288.0,162527.2,0.4666666666666667,274.8666666666667,96.2,1.3333333333333333
1377347256,1,2399.999729,527.99994038,22.0,524288.0,132118.4,0.4,278.46666666666664,94.86666666666666,1.2
1377347556,1,2399.999729,574.3999351406667,23.933333333333334,524288.0,141556.53333333333,0.26666666666666666,286.8666666666667,108.33333333333333,1.4666666666666666
1377347856,1,2399.999729,532.799939838,22.2,524288.0,134566.4,0.26666666666666666,282.06666666666666,102.53333333333333,1.2666666666666666
1377348156,1,2399.999729,542.399938754,22.6,524288.0,146449.6,0.13333333333333333,272.6,95.53333333333333,1.4
1377348456,1,2399.999729,521.5999411026667,21.733333333333334,524288.0,148546.66666666666,0.0,273.06666666666666,94.73333333333333,1.2666666666666666
1377348757,1,2399.999729,571.1999355020001,23.8,524288.0,143303.2,0.4666666666666667,286.8,102.46666666666667,1.4666666666666666
1377349057,1,2399.999729,516.7999416446668,21.533333333333335,524288.0,140157.6,0.3333333333333333,264.6666666666667,95.33333333333333,1.2666666666666666
1377349357,1,2399.999729,545.5999383926668,22.733333333333334,524288.0,136663.2,7.333333333333333,296.1333333333333,118.33333333333333,1.7333333333333334
1377349657,1,2399.999729,547.199938212,22.8,524288.0,142255.73333333334,1.6666666666666665,284.2,103.6,1.4
1377349957,1,2399.999729,524.7999407413332,21.866666666666664,524288.0,144352.8,0.8,274.6666666666667,97.6,1.4666666666666666
1377350257,1,2399.999729,553.5999374893333,23.066666666666666,524288.0,151342.13333333333,811.4666666666667,311.1333333333333,101.93333333333334,1.7333333333333334
1377350557,1,2399.999729,875.1999011753334,36.46666666666667,524288.0,327852.5333333333,147.73333333333335,418.0,230.0,2.466666666666667
1377350857,1,2399.999729,879.9999006333333,36.666666666666664,524288.0,224394.4,2.8,355.4666666666667,179.0,1.3333333333333333
1377351157,1,2399.999729,817.5999076793332,34.06666666666666,524288.0,181402.4,1.3333333333333333,339.73333333333335,163.73333333333332,1.3333333333333333
1377351457,1,2399.999729,686.3999224940001,28.6,524288.0,159381.6,0.8666666666666667,327.6666666666667,152.46666666666667,1.2666666666666666
1377351757,1,2399.999729,715.1999192420001,29.8,524288.0,146799.2,0.5333333333333333,307.3333333333333,135.33333333333334,1.3333333333333333
1377352057,1,2399.999729,659.1999255653334,27.466666666666665,524288.0,141906.13333333333,0.2,308.8666666666667,135.2,1.2666666666666666
1377352357,1,2399.999729,735.9999168933333,30.666666666666664,524288.0,164974.4,13.466666666666667,318.06666666666666,140.93333333333334,1.2666666666666666
1377352657,1,2399.999729,713.5999194226667,29.733333333333334,524288.0,162527.2,0.2,316.4666666666667,142.8,1.2
1377352957,1,2399.999729,843.1999047886668,35.13333333333333,524288.0,160780.0,9.066666666666666,351.3333333333333,174.2,2.2
1377353257,1,2399.999729,721.5999185193333,30.066666666666666,524288.0,194683.73333333334,7.466666666666667,337.0,138.66666666666666,3.066666666666667
1377353557,1,2399.999729,702.3999206873334,29.266666666666666,524288.0,174761.06666666668,0.13333333333333333,358.73333333333335,162.33333333333334,3.4
1377353857,1,2399.999729,686.3999224940001,28.6,524288.0,166022.66666666666,3.6666666666666665,340.4,152.53333333333333,1.2
1377354157,1,2399.999729,641.5999275526667,26.733333333333334,524288.0,187343.73333333334,22.4,327.26666666666665,133.46666666666667,1.4
1377354457,1,2399.999729,665.5999248426666,27.733333333333334,524288.0,166022.4,0.4666666666666667,343.1333333333333,151.4,1.2666666666666666
1377354757,1,2399.999729,735.9999168933333,30.666666666666664,524288.0,165673.6,0.6666666666666666,338.0,149.66666666666666,1.5333333333333334
1377355057,1,2399.999729,625.5999293593334,26.066666666666666,524288.0,147847.2,0.26666666666666666,309.79999999999995,125.13333333333334,1.2
1377355357,1,2399.999729,631.9999286366667,26.333333333333336,524288.0,171964.0,0.3333333333333333,334.1333333333333,147.0,1.3333333333333333
1377355657,1,2399.999729,599.99993225,25.0,524288.0,162527.2,0.2,305.8,124.66666666666667,1.2666666666666666
1377355957,1,2399.999729,590.3999333340001,24.6,524288.0,176858.4,11.266666666666667,325.66666666666663,142.06666666666666,1.4666666666666666
1377356257,1,2399.999729,561.599936586,23.4,524288.0,161128.8,0.33333333333333337,309.73333333333335,139.0,1.1333333333333333
1377356557,1,2399.999729,780.7999118346667,32.53333333333333,524288.0,171614.66666666666,6.733333333333333,400.3333333333333,217.73333333333332,1.8
1377356857,1,2399.999729,636.7999280946667,26.533333333333335,524288.0,197479.73333333334,1.6,321.0,144.86666666666667,1.6
1377357157,1,2399.999729,807.9999087633333,33.666666666666664,524288.0,203422.4,0.4,382.8666666666667,206.4,1.7333333333333334
1377357457,1,2399.999729,654.3999261073334,27.266666666666666,524288.0,186993.6,2.3333333333333335,340.4,161.26666666666668,1.4666666666666666
1377357757,1,2399.999729,795.1999102086667,33.13333333333333,524288.0,189790.4,11.066666666666668,395.4,215.86666666666667,1.3333333333333333
1377358057,1,2399.999729,649.5999266493334,27.066666666666666,524288.0,160779.73333333334,0.13333333333333333,329.79999999999995,153.4,1.4
1377358357,1,2399.999729,635.1999282753333,26.466666666666665,524288.0,159381.6,0.4666666666666667,297.73333333333335,117.6,1.3333333333333333
1377358658,1,2399.999729,630.3999288173334,26.266666666666666,524288.0,145750.4,0.3333333333333333,302.5333333333333,122.2,1.2
1377358957,1,2399.999729,561.599936586,23.4,524288.0,123729.6,0.3333333333333333,292.1333333333333,115.46666666666667,1.3333333333333333
1377359257,1,2399.999729,518.3999414640001,21.6,524288.0,135613.6,0.13333333333333333,271.20000000000005,94.0,1.3333333333333333
1377359557,1,2399.999729,497.59994381266665,20.733333333333334,524288.0,157284.8,0.6000000000000001,277.0,99.53333333333333,1.4666666666666666
1377359857,1,2399.999729,499.19994363200004,20.8,524288.0,143653.6,0.26666666666666666,267.8666666666667,93.86666666666666,1.2
1377360157,1,2399.999729,550.3999378506667,22.933333333333334,524288.0,140507.46666666667,6.933333333333334,299.6,123.6,1.8666666666666667
1377360457,1,2399.999729,494.39994417400004,20.6,524288.0,180702.4,1.3333333333333333,271.8,98.26666666666667,1.6666666666666667
1377360757,1,2399.999729,497.59994381266665,20.733333333333334,524288.0,141206.4,0.2,276.6,105.0,1.8
1377361057,1,2399.999729,523.199940922,21.8,524288.0,126876.26666666666,2.0,265.73333333333335,99.53333333333333,1.4
1377361357,1,2399.999729,516.7999416446668,21.533333333333335,524288.0,135613.6,0.4,270.6,102.4,1.4
1377361657,1,2399.999729,524.7999407413332,21.866666666666664,524288.0,129672.0,0.26666666666666666,263.73333333333335,92.53333333333333,1.3333333333333333
1377361957,1,2399.999729,507.19994272866677,21.133333333333336,524288.0,140507.2,0.4,286.6666666666667,107.53333333333333,1.6666666666666667
1377362257,1,2399.999729,1289.5998543826665,53.73333333333333,524288.0,185944.8,0.4666666666666667,818.8,692.6666666666666,4.133333333333334
1377362557,1,2399.999729,1161.599868836,48.4,524288.0,248859.73333333334,1.3333333333333333,684.2666666666667,540.2666666666667,3.2
1377362857,1,2399.999729,774.3999125573333,32.266666666666666,524288.0,208664.0,1.3333333333333333,462.6,302.46666666666664,2.0
1377363157,1,2399.999729,518.3999414640001,21.6,524288.0,200276.0,34.06666666666666,291.4666666666667,113.4,1.5333333333333334
1377363457,1,2399.999729,499.19994363200004,20.8,524288.0,169867.2,0.3333333333333333,263.8666666666667,93.93333333333334,1.2666666666666666
1377363757,1,2399.999729,614.399930624,25.6,524288.0,142954.13333333333,265.06666666666666,319.73333333333335,129.46666666666667,2.0
1377364057,1,2399.999729,532.799939838,22.2,524288.0,214257.06666666668,8.666666666666668,290.8666666666667,101.53333333333333,1.4666666666666666
1377364357,1,2399.999729,596.7999326113332,24.866666666666664,524288.0,158682.4,0.4,286.4,108.0,1.6666666666666667
1377364657,1,2399.999729,495.9999439933333,20.666666666666664,524288.0,156585.86666666667,3.1333333333333333,289.93333333333334,105.66666666666667,1.6
1377364957,1,2399.999729,467.19994724533336,19.46666666666667,524288.0,175809.06666666668,12.133333333333333,279.26666666666665,98.4,1.6
1377365257,1,2399.999729,468.79994706466664,19.53333333333333,524288.0,173712.53333333333,0.2,264.26666666666665,92.66666666666667,1.3333333333333333
1377365558,1,2399.999729,486.3999450773333,20.266666666666666,524288.0,159031.2,0.2,275.6,102.8,1.5333333333333334
1377365858,1,2399.999729,494.39994417400004,20.6,524288.0,143653.06666666668,0.2,271.6666666666667,99.53333333333333,1.5333333333333334
1377366158,1,2399.999729,479.9999458,20.0,524288.0,140856.8,0.13333333333333333,265.53333333333336,98.66666666666667,1.4
1377366458,1,2399.999729,487.99994489666665,20.333333333333332,524288.0,158683.73333333334,0.0,263.1333333333333,95.13333333333334,1.3333333333333333
1377366758,1,2399.999729,483.1999454386667,20.133333333333333,524288.0,146798.93333333332,0.4,266.46666666666664,99.73333333333333,1.7333333333333334
1377367058,1,2399.999729,447.99994941333335,18.666666666666668,524288.0,138061.06666666668,0.06666666666666667,265.1333333333333,95.4,1.4
1377367358,1,2399.999729,529.5999401993333,22.066666666666666,524288.0,137361.33333333334,8.066666666666666,303.33333333333337,126.6,1.9333333333333333
1377367658,1,2399.999729,438.39995049733335,18.266666666666666,524288.0,160431.2,0.6,271.2,96.6,1.6
1377367958,1,2399.999729,447.99994941333335,18.666666666666668,524288.0,137361.6,1.0,278.8,102.2,1.6666666666666667
1377368258,1,2399.999729,444.7999497746667,18.53333333333333,524288.0,154139.2,2.3333333333333335,269.93333333333334,95.13333333333334,1.4666666666666666
1377368558,1,2399.999729,439.9999503166666,18.333333333333332,524288.0,157284.8,0.33333333333333337,268.8666666666667,98.33333333333333,1.4
1377368858,1,2399.999729,476.79994616133337,19.866666666666667,524288.0,132118.4,0.26666666666666666,265.2,94.53333333333333,1.4666666666666666
1377369158,1,2399.999729,468.79994706466664,19.53333333333333,524288.0,143304.0,0.2,270.8666666666667,101.53333333333333,1.5333333333333334
1377369458,1,2399.999729,449.5999492326667,18.733333333333334,524288.0,137711.73333333334,0.0,267.53333333333336,96.46666666666667,1.2666666666666666
1377369758,1,2399.999729,425.59995194266673,17.733333333333334,524288.0,144003.46666666667,0.2,261.4,97.2,1.4666666666666666
1377370058,1,2399.999729,447.99994941333335,18.666666666666668,524288.0,133167.2,0.13333333333333333,263.4,96.66666666666667,1.4666666666666666
1377370358,1,2399.999729,604.799931708,25.2,524288.0,125826.93333333333,0.6666666666666666,292.73333333333335,125.53333333333333,1.4666666666666666
1377370658,1,2399.999729,486.3999450773333,20.266666666666666,524288.0,129322.4,0.13333333333333333,264.2,99.0,1.4
1377370958,1,2399.999729,556.799937128,23.2,524288.0,131769.86666666667,6.266666666666667,294.1333333333333,121.33333333333333,1.8
1377371258,1,2399.999729,542.399938754,22.6,524288.0,168818.66666666666,0.4,279.1333333333333,106.8,1.5333333333333334
1377371558,1,2399.999729,540.7999389346667,22.533333333333335,524288.0,138410.4,0.13333333333333333,267.4,100.0,2.066666666666667
1377371858,1,2399.999729,518.3999414640001,21.6,524288.0,144700.8,3.6,267.66666666666663,96.06666666666666,1.3333333333333333
1377372158,1,2399.999729,500.7999434513333,20.866666666666664,524288.0,150644.0,0.39999999999999997,266.5333333333333,98.6,1.6
1377372458,1,2399.999729,513.599942006,21.4,524288.0,154837.06666666668,0.4,263.93333333333334,92.4,1.4
1377372758,1,2399.999729,542.399938754,22.6,524288.0,138411.2,0.2,268.1333333333333,98.2,1.2666666666666666
1377373058,1,2399.999729,527.99994038,22.0,524288.0,142604.8,0.06666666666666667,267.53333333333336,97.0,1.3333333333333333
1377373358,1,2399.999729,489.599944716,20.4,524288.0,145748.8,0.2,264.8,95.66666666666667,1.3333333333333333
1377373658,1,2399.999729,462.39994778733336,19.266666666666666,524288.0,147847.2,0.13333333333333333,266.20000000000005,93.4,1.3333333333333333
1377373958,1,2399.999729,529.5999401993333,22.066666666666666,524288.0,150992.0,19.866666666666667,283.5333333333333,101.6,2.066666666666667
1377374259,1,2399.999729,563.1999364053333,23.466666666666665,524288.0,195732.53333333333,519.1333333333333,291.6,96.86666666666666,2.1333333333333333
1377374559,1,2399.999729,569.5999356826667,23.733333333333334,524288.0,225092.26666666666,234.0,310.6,124.73333333333333,2.4
1377374859,1,2399.999729,467.19994724533336,19.46666666666667,524288.0,203072.26666666666,7.266666666666667,266.06666666666666,93.93333333333334,1.7333333333333334
1377375159,1,2399.999729,499.19994363200004,20.8,524288.0,153090.13333333333,0.7333333333333333,266.53333333333336,98.46666666666667,1.6
1377375459,1,2399.999729,519.9999412833333,21.666666666666664,524288.0,150643.46666666667,5.0,268.26666666666665,102.73333333333333,1.2666666666666666
1377375759,1,2399.999729,519.9999412833333,21.666666666666664,524288.0,164624.8,27.333333333333332,281.4666666666667,108.93333333333334,1.4
1377376059,1,2399.999729,462.39994778733336,19.266666666666666,524288.0,144701.06666666668,0.26666666666666666,273.3333333333333,103.13333333333334,1.2
1377376359,1,2399.999729,563.1999364053333,23.466666666666665,524288.0,153440.0,0.06666666666666667,279.66666666666663,106.86666666666666,1.3333333333333333
1377376659,1,2399.999729,518.3999414640001,21.6,524288.0,148895.73333333334,0.0,275.6666666666667,104.66666666666667,1.2
1377376959,1,2399.999729,478.39994598066664,19.933333333333334,524288.0,152041.86666666667,0.26666666666666666,277.2,106.86666666666666,1.4666666666666666
1377377259,1,2399.999729,511.9999421866667,21.333333333333336,524288.0,142255.46666666667,0.26666666666666666,270.4666666666667,103.4,1.2666666666666666
1377377559,1,2399.999729,484.799945258,20.2,524288.0,157284.0,0.6,285.53333333333336,109.26666666666667,1.4
1377377859,1,2399.999729,497.59994381266665,20.733333333333334,524288.0,169868.0,0.26666666666666666,266.26666666666665,102.26666666666667,1.2666666666666666
1377378159,1,2399.999729,462.39994778733336,19.266666666666666,524288.0,152040.8,6.3999999999999995,301.4666666666667,122.93333333333334,1.6666666666666667
1377378459,1,2399.999729,431.99995122,18.0,524288.0,157284.8,1.0666666666666667,265.1333333333333,92.13333333333334,1.2666666666666666
1377378759,1,2399.999729,470.3999468840001,19.6,524288.0,141556.26666666666,0.13333333333333333,272.8666666666667,99.26666666666667,1.6666666666666667
1377379059,1,2399.999729,451.199949052,18.8,524288.0,147498.66666666666,0.39999999999999997,266.06666666666666,95.53333333333333,1.3333333333333333
1377379359,1,2399.999729,459.19994814866664,19.133333333333333,524288.0,143303.73333333334,0.26666666666666666,267.73333333333335,97.73333333333333,1.2
1377379659,1,2399.999729,497.59994381266665,20.733333333333334,524288.0,140507.46666666667,0.13333333333333333,266.8666666666667,92.06666666666666,1.2666666666666666
1377379959,1,2399.999729,449.5999492326667,18.733333333333334,524288.0,157634.13333333333,0.26666666666666666,268.26666666666665,99.8,1.2666666666666666
1377380259,1,2399.999729,446.3999495940001,18.6,524288.0,148196.8,0.13333333333333333,270.59999999999997,96.2,1.2666666666666666
1377380559,1,2399.999729,460.79994796799997,19.2,524288.0,130022.13333333333,0.26666666666666666,270.6666666666667,96.26666666666667,1.2666666666666666
1377380859,1,2399.999729,475.19994634200003,19.8,524288.0,127574.66666666667,0.06666666666666667,267.8666666666667,93.06666666666666,1.2
1377381159,1,2399.999729,455.99994851,19.0,524288.0,156236.8,1.1333333333333333,276.5333333333333,100.0,1.2666666666666666
1377381459,1,2399.999729,444.7999497746667,18.53333333333333,524288.0,133167.46666666667,0.0,270.06666666666666,94.4,1.2666666666666666
1377381759,1,2399.999729,475.19994634200003,19.8,524288.0,142954.93333333332,8.4,298.8,133.33333333333334,1.7333333333333334
1377382059,1,2399.999729,398.39995501400006,16.6,524288.0,162527.46666666667,2.3333333333333335,256.8,92.86666666666666,1.4
1377382359,1,2399.999729,444.7999497746667,18.53333333333333,524288.0,136313.86666666667,0.0,253.93333333333334,98.33333333333333,1.5333333333333334
1377382659,1,2399.999729,417.599952846,17.4,524288.0,119536.0,2.066666666666667,251.2,94.6,1.2666666666666666
1377382959,1,2399.999729,435.1999508586667,18.133333333333333,524288.0,131070.4,0.3333333333333333,254.86666666666667,97.06666666666666,1.3333333333333333
1377383259,1,2399.999729,439.9999503166666,18.333333333333332,524288.0,130022.4,0.0,248.8,93.26666666666667,1.2
1377383559,1,2399.999729,491.19994453533343,20.46666666666667,524288.0,126876.0,0.0,271.0,109.93333333333334,1.2666666666666666
1377383859,1,2399.999729,515.1999418253333,21.466666666666665,524288.0,132118.4,0.0,266.79999999999995,109.26666666666667,1.2
1377384159,1,2399.999729,540.7999389346667,22.533333333333335,524288.0,121283.2,0.13333333333333333,270.0,101.4,1.2
1377384459,1,2399.999729,531.1999400186668,22.133333333333336,524288.0,133167.46666666667,0.13333333333333333,260.20000000000005,93.46666666666667,1.0666666666666667
1377384759,1,2399.999729,556.799937128,23.2,524288.0,140507.2,0.5333333333333333,262.8,98.2,1.1333333333333333
1377385060,1,2399.999729,535.9999394766668,22.333333333333336,524288.0,151342.4,0.13333333333333333,254.20000000000002,99.13333333333334,1.0666666666666667
1377385360,1,2399.999729,563.1999364053333,23.466666666666665,524288.0,161828.26666666666,476.8,360.1333333333333,134.0,1.6666666666666667
1377385660,1,2399.999729,580.799934418,24.2,524288.0,350571.73333333334,1047.7333333333333,460.4666666666667,118.86666666666666,1.1333333333333333
1377385960,1,2399.999729,615.9999304433333,25.666666666666664,524288.0,356513.6,1164.7333333333336,477.4666666666667,107.2,1.5333333333333334
1377386260,1,2399.999729,1172.7998675713334,48.86666666666667,524288.0,382029.6,1320.6000000000001,358.5333333333333,113.73333333333333,1.2666666666666666
1377386560,1,2399.999729,2270.399743634,94.6,524288.0,368747.4666666667,1315.4,282.26666666666665,101.53333333333333,1.0
1377386860,1,2399.999729,2260.7997447180005,94.2,524288.0,350922.4,1159.1333333333332,293.20000000000005,97.53333333333333,1.0666666666666667
1377387160,1,2399.999729,2247.9997461633334,93.66666666666666,524288.0,257948.26666666666,1038.3999999999999,284.20000000000005,103.0,1.1333333333333333
1377387460,1,2399.999729,2326.3997373106668,96.93333333333334,524288.0,249557.6,1302.6666666666665,293.06666666666666,101.0,1.0666666666666667
1377387760,1,2399.999729,2311.999738936667,96.33333333333334,524288.0,354416.8,1311.0,286.79999999999995,100.8,1.1333333333333333
1377388060,1,2399.999729,2225.5997486926667,92.73333333333333,524288.0,357562.4,1104.3333333333333,290.93333333333334,95.26666666666667,1.0666666666666667
1377388360,1,2399.999729,2249.5997459826667,93.73333333333333,524288.0,261094.4,821.0,280.66666666666663,100.06666666666666,1.1333333333333333
1377388660,1,2399.999729,2326.3997373106668,96.93333333333334,524288.0,337638.93333333335,875.8666666666667,262.73333333333335,96.0,1.1333333333333333
1377388960,1,2399.999729,2345.5997351426668,97.73333333333333,524288.0,306532.5333333333,910.4666666666667,315.1333333333333,136.66666666666666,1.5333333333333334
1377389260,1,2399.999729,2331.199736768667,97.13333333333334,524288.0,347775.73333333334,797.7333333333333,259.4,93.53333333333333,1.2
1377389560,1,2399.999729,2345.5997351426668,97.73333333333333,524288.0,322609.86666666664,883.7333333333333,261.6666666666667,98.0,1.4666666666666666
1377389860,1,2399.999729,2308.799739298,96.2,524288.0,322959.4666666667,812.5999999999999,263.6666666666667,94.13333333333334,1.2
1377390160,1,2399.999729,2270.399743634,94.6,524288.0,303736.26666666666,707.6666666666666,265.20000000000005,95.66666666666667,1.2
1377390460,1,2399.999729,2286.3997418273334,95.26666666666667,524288.0,287656.8,667.9333333333333,257.53333333333336,93.46666666666667,1.0666666666666667
1377390760,1,2399.999729,2273.5997432726667,94.73333333333333,524288.0,286608.5333333333,673.0,266.8,98.86666666666666,1.2
1377391060,1,2399.999729,2207.99975068,92.0,524288.0,279968.5333333333,781.0,272.6,93.33333333333333,1.0666666666666667
1377391360,1,2399.999729,2217.599749596,92.4,524288.0,231034.4,1032.4666666666667,292.0,93.6,1.0666666666666667
1377391660,1,2399.999729,2236.799747428,93.2,524288.0,193984.8,1095.5333333333333,293.1333333333333,90.93333333333334,1.1333333333333333
1377391961,1,2399.999729,2268.799743814667,94.53333333333335,524288.0,231732.53333333333,1064.0666666666666,278.20000000000005,98.53333333333333,1.1333333333333333
1377392261,1,2399.999729,2233.5997477893334,93.06666666666666,524288.0,263190.4,1052.9333333333334,292.26666666666665,93.93333333333334,1.0
1377392561,1,2399.999729,2233.5997477893334,93.06666666666666,524288.0,296744.8,1375.8,310.8666666666667,117.06666666666666,1.5333333333333334
1377392861,1,2399.999729,2302.3997400206667,95.93333333333334,524288.0,326104.8,1607.3333333333333,350.0,106.86666666666666,1.2
1377393161,1,2399.999729,2313.599738756,96.4,524288.0,393214.93333333335,1590.6,344.73333333333335,101.4,1.5333333333333334
1377393461,1,2399.999729,2299.199740382,95.8,524288.0,416633.06666666665,1734.8666666666668,354.73333333333335,101.06666666666666,1.1333333333333333
1377393761,1,2399.999729,2289.599741466,95.4,524288.0,423972.0,1492.6666666666665,338.3333333333333,100.86666666666666,1.1333333333333333
1377394061,1,2399.999729,2286.3997418273334,95.26666666666667,524288.0,409991.2,1388.4,322.8666666666667,95.53333333333333,1.0
1377394361,1,2399.999729,2207.99975068,92.0,524288.0,418030.93333333335,1561.2,338.4666666666667,98.86666666666666,1.2
1377394661,1,2399.999729,2239.9997470666667,93.33333333333334,524288.0,416982.4,1366.4,310.26666666666665,98.53333333333333,1.0666666666666667
1377394961,1,2399.999729,1601.599819152667,66.73333333333333,524288.0,333794.4,583.4000000000001,289.8666666666667,96.26666666666667,1.2
1377395261,1,2399.999729,556.799937128,23.2,524288.0,222295.73333333334,0.6,257.0,94.13333333333334,1.2
1377395561,1,2399.999729,537.599939296,22.4,524288.0,168119.46666666667,33.53333333333333,267.06666666666666,101.73333333333333,1.2
1377395861,1,2399.999729,532.799939838,22.2,524288.0,140857.06666666668,0.13333333333333333,256.1333333333333,95.86666666666666,1.2
1377396161,1,2399.999729,532.799939838,22.2,524288.0,135614.13333333333,391.20000000000005,312.93333333333334,133.0,1.9333333333333333
1377396461,1,2399.999729,742.3999161706666,30.933333333333334,524288.0,300239.73333333334,138.73333333333335,339.1333333333333,136.06666666666666,1.7333333333333334
1377396761,1,2399.999729,574.3999351406667,23.933333333333334,524288.0,257948.26666666666,872.2,447.1333333333333,140.8,2.0
1377397061,1,2399.999729,535.9999394766668,22.333333333333336,524288.0,370145.6,18.2,286.1333333333333,117.86666666666666,1.3333333333333333
1377397361,1,2399.999729,567.9999358633333,23.666666666666664,524288.0,264239.2,45.8,322.8666666666667,148.53333333333333,1.6666666666666667
1377397661,1,2399.999729,1137.599871546,47.4,524288.0,258996.8,81.26666666666667,308.8,110.6,1.0666666666666667
1377397961,1,2399.999729,481.59994561933337,20.066666666666666,524288.0,205519.73333333334,0.39999999999999997,249.79999999999998,96.53333333333333,1.0
1377398261,1,2399.999729,519.9999412833333,21.666666666666664,524288.0,182451.2,0.4,251.4666666666667,96.66666666666667,1.0666666666666667
1377398561,1,2399.999729,500.7999434513333,20.866666666666664,524288.0,170916.53333333333,0.4666666666666667,248.2,94.13333333333334,1.0666666666666667
1377398861,1,2399.999729,534.3999396573333,22.266666666666666,524288.0,171614.4,0.2,248.66666666666666,94.73333333333333,1.1333333333333333
1377399161,1,2399.999729,515.1999418253333,21.466666666666665,524288.0,163575.46666666667,17.333333333333332,251.33333333333331,97.33333333333333,0.8666666666666667
1377399461,1,2399.999729,503.99994309,21.0,524288.0,148196.53333333333,0.0,247.26666666666665,92.73333333333333,1.1333333333333333
1377399761,1,2399.999729,535.9999394766668,22.333333333333336,524288.0,148895.73333333334,12.799999999999999,290.8,117.53333333333333,1.4666666666666666
1377400061,1,2399.999729,500.7999434513333,20.866666666666664,524288.0,180004.0,0.06666666666666667,247.66666666666666,95.46666666666667,1.2
1377400362,1,2399.999729,465.59994742599997,19.4,524288.0,154487.73333333334,0.2,247.26666666666668,94.2,1.3333333333333333
1377400662,1,2399.999729,478.39994598066664,19.933333333333334,524288.0,153439.46666666667,2.1333333333333333,252.66666666666666,97.4,1.0666666666666667
1377400962,1,2399.999729,470.3999468840001,19.6,524288.0,138410.66666666666,1.0666666666666667,257.06666666666666,97.33333333333333,1.0
1377401262,1,2399.999729,478.39994598066664,19.933333333333334,524288.0,137011.46666666667,0.0,250.73333333333335,92.53333333333333,0.8
1377401562,1,2399.999729,478.39994598066664,19.933333333333334,524288.0,146798.66666666666,0.0,258.5333333333333,98.13333333333334,1.0666666666666667
1377401862,1,2399.999729,486.3999450773333,20.266666666666666,524288.0,156235.2,0.0,252.6,95.46666666666667,0.9333333333333333
1377402162,1,2399.999729,476.79994616133337,19.866666666666667,524288.0,140508.0,0.06666666666666667,257.0,95.66666666666667,1.0666666666666667
1377402462,1,2399.999729,468.79994706466664,19.53333333333333,524288.0,124779.2,0.06666666666666667,256.2,92.8,1.0666666666666667
1377402762,1,2399.999729,483.1999454386667,20.133333333333333,524288.0,135264.0,0.7333333333333334,258.8,96.6,0.9333333333333333
1377403062,1,2399.999729,484.799945258,20.2,524288.0,139459.2,0.13333333333333333,249.26666666666665,92.53333333333333,1.0
1377403362,1,2399.999729,553.5999374893333,23.066666666666666,524288.0,159381.86666666667,6.866666666666666,291.5333333333333,125.0,1.4
1377403662,1,2399.999729,518.3999414640001,21.6,524288.0,174062.66666666666,0.2,265.6,106.6,1.1333333333333333
1377403962,1,2399.999729,513.599942006,21.4,524288.0,168819.2,0.8666666666666667,258.0666666666667,103.2,1.4
1377404262,1,2399.999729,489.599944716,20.4,524288.0,165672.8,1.9333333333333333,245.73333333333335,94.33333333333333,1.2
1377404562,1,2399.999729,540.7999389346667,22.533333333333335,524288.0,160429.6,0.26666666666666666,268.8666666666667,113.26666666666667,1.0666666666666667
1377404862,1,2399.999729,551.99993767,23.0,524288.0,148546.13333333333,0.0,271.2,111.33333333333333,1.0
1377405162,1,2399.999729,535.9999394766668,22.333333333333336,524288.0,147498.13333333333,0.26666666666666666,252.0,95.6,1.0666666666666667
1377405462,1,2399.999729,495.9999439933333,20.666666666666664,524288.0,135613.86666666667,0.06666666666666667,258.8666666666667,96.2,0.8666666666666667
1377405762,1,2399.999729,521.5999411026667,21.733333333333334,524288.0,137362.4,0.3333333333333333,252.9333333333333,94.2,0.9333333333333333
1377406062,1,2399.999729,537.599939296,22.4,524288.0,134216.8,0.06666666666666667,249.73333333333335,93.0,0.9333333333333333
1377406362,1,2399.999729,537.599939296,22.4,524288.0,137362.4,0.6,261.73333333333335,97.26666666666667,1.0666666666666667
1377406662,1,2399.999729,559.9999367666667,23.333333333333336,524288.0,160430.4,0.06666666666666667,253.4666666666667,92.8,1.0
1377406962,1,2399.999729,566.399936044,23.6,524288.0,164624.8,9.066666666666668,280.4,119.93333333333334,1.4
1377407262,1,2399.999729,486.3999450773333,20.266666666666666,524288.0,185246.4,8.733333333333333,253.53333333333333,96.53333333333333,1.2
1377407562,1,2399.999729,479.9999458,20.0,524288.0,163226.4,0.2,253.0,98.93333333333334,1.2666666666666666
1377407862,1,2399.999729,467.19994724533336,19.46666666666667,524288.0,163226.4,3.7333333333333334,247.13333333333333,93.6,1.0
1377408162,1,2399.999729,468.79994706466664,19.53333333333333,524288.0,157983.2,12.8,254.0,94.93333333333334,1.1333333333333333
1377408462,1,2399.999729,487.99994489666665,20.333333333333332,524288.0,142603.73333333334,0.13333333333333333,249.4666666666667,92.2,0.9333333333333333
1377408762,1,2399.999729,519.9999412833333,21.666666666666664,524288.0,152042.13333333333,0.06666666666666667,252.8,96.53333333333333,1.0666666666666667
1377409062,1,2399.999729,484.799945258,20.2,524288.0,146449.06666666668,0.06666666666666667,252.33333333333334,96.13333333333334,0.9333333333333333
1377409362,1,2399.999729,491.19994453533343,20.46666666666667,524288.0,142953.06666666668,0.06666666666666667,253.4,97.46666666666667,1.1333333333333333
1377409662,1,2399.999729,532.799939838,22.2,524288.0,152390.66666666666,0.0,254.53333333333333,94.2,1.0
1377409962,1,2399.999729,550.3999378506667,22.933333333333334,524288.0,163225.86666666667,0.8666666666666666,262.93333333333334,98.8,1.0
1377410262,1,2399.999729,531.1999400186668,22.133333333333336,524288.0,132120.0,0.0,253.0,94.0,1.0
1377410562,1,2399.999729,540.7999389346667,22.533333333333335,524288.0,140507.2,8.0,283.2,119.33333333333333,1.4666666666666666
1377410862,1,2399.999729,534.3999396573333,22.266666666666666,524288.0,146798.4,1.3333333333333333,257.53333333333336,97.0,1.0666666666666667
1377411162,1,2399.999729,481.59994561933337,20.066666666666666,524288.0,134565.33333333334,0.13333333333333333,255.73333333333335,97.66666666666667,1.4666666666666666
1377411463,1,2399.999729,457.59994832933336,19.066666666666666,524288.0,141555.73333333334,2.0,256.6,94.53333333333333,1.0666666666666667
1377411763,1,2399.999729,492.7999443546667,20.533333333333335,524288.0,148546.93333333332,0.13333333333333333,254.53333333333333,93.4,1.1333333333333333
1377412063,1,2399.999729,465.59994742599997,19.4,524288.0,135613.06666666668,0.3333333333333333,252.13333333333333,92.26666666666667,1.0
1377412363,1,2399.999729,502.3999432706667,20.933333333333334,524288.0,136662.4,0.33333333333333337,249.4,95.4,1.1333333333333333
1377412663,1,2399.999729,507.19994272866677,21.133333333333336,524288.0,160780.26666666666,0.06666666666666667,246.93333333333334,97.13333333333334,1.1333333333333333
1377412963,1,2399.999729,515.1999418253333,21.466666666666665,524288.0,151692.0,0.0,248.33333333333331,93.66666666666667,1.1333333333333333
1377413263,1,2399.999729,537.599939296,22.4,524288.0,142604.53333333333,0.0,244.6,92.73333333333333,1.2
1377413563,1,2399.999729,513.599942006,21.4,524288.0,135265.86666666667,0.9333333333333333,261.73333333333335,101.6,1.2
1377413863,1,2399.999729,1214.399862874,50.6,524288.0,181401.6,0.26666666666666666,692.4,570.1333333333333,3.7333333333333334
1377414163,1,2399.999729,1249.5998588993334,52.06666666666667,524288.0,225442.4,15.733333333333333,683.4666666666667,547.8,3.066666666666667
1377414463,1,2399.999729,777.5999121959999,32.4,524288.0,250957.86666666667,9.266666666666666,415.4666666666667,267.6,1.9333333333333333
1377414763,1,2399.999729,454.3999486906667,18.933333333333334,524288.0,210062.13333333333,0.4666666666666667,278.33333333333337,123.4,1.5333333333333334
1377415063,1,2399.999729,350.39996043400004,14.6,524288.0,152741.33333333334,10.066666666666666,255.06666666666666,94.73333333333333,1.1333333333333333
1377415363,1,2399.999729,369.59995826600004,15.4,524288.0,126875.73333333334,17.933333333333334,253.06666666666666,94.8,1.1333333333333333
1377415663,1,2399.999729,353.59996007266665,14.733333333333333,524288.0,147847.46666666667,0.2,252.06666666666666,92.2,1.0
1377415963,1,2399.999729,359.99995935,15.0,524288.0,139109.86666666667,0.06666666666666667,256.06666666666666,95.13333333333334,1.2
1377416263,1,2399.999729,377.59995736266666,15.733333333333333,524288.0,121283.46666666666,0.2,254.0,96.53333333333333,1.0666666666666667
1377416563,1,2399.999729,340.799961518,14.2,524288.0,136313.6,0.06666666666666667,252.60000000000002,93.73333333333333,1.2
1377416863,1,2399.999729,411.1999535686667,17.133333333333333,524288.0,136662.13333333333,0.0,248.26666666666665,91.0,1.2
1377417163,1,2399.999729,529.5999401993333,22.066666666666666,524288.0,160430.13333333333,0.6,251.53333333333336,97.33333333333333,1.2
1377417463,1,2399.999729,534.3999396573333,22.266666666666666,524288.0,164624.0,0.2,245.53333333333333,92.6,1.1333333333333333
1377417763,1,2399.999729,524.7999407413332,21.866666666666664,524288.0,160430.4,7.066666666666667,277.20000000000005,116.86666666666666,1.6666666666666667
1377418063,1,2399.999729,459.19994814866664,19.133333333333333,524288.0,159383.2,2.2666666666666666,247.93333333333334,93.0,1.2666666666666666
1377418363,1,2399.999729,516.7999416446668,21.533333333333335,524288.0,133168.0,0.06666666666666667,250.33333333333334,96.53333333333333,1.4666666666666666
1377418663,1,2399.999729,463.9999476066667,19.333333333333332,524288.0,139459.2,3.933333333333333,252.66666666666666,97.93333333333334,1.2666666666666666
1377418963,1,2399.999729,550.3999378506667,22.933333333333334,524288.0,153439.2,12.066666666666666,253.26666666666668,96.13333333333334,1.2666666666666666
1377419263,1,2399.999729,503.99994309,21.0,524288.0,148196.8,0.2,253.0,94.6,1.2
1377419564,1,2399.999729,519.9999412833333,21.666666666666664,524288.0,128973.33333333333,0.13333333333333333,254.53333333333333,95.6,1.1333333333333333
1377419864,1,2399.999729,516.7999416446668,21.533333333333335,524288.0,125128.26666666666,0.06666666666666667,256.6,96.53333333333333,1.1333333333333333
1377420164,1,2399.999729,529.5999401993333,22.066666666666666,524288.0,145050.93333333332,0.26666666666666666,252.66666666666666,94.6,1.2666666666666666
1377420464,1,2399.999729,551.99993767,23.0,524288.0,142604.26666666666,0.13333333333333333,254.46666666666667,94.33333333333333,1.3333333333333333
1377420764,1,2399.999729,539.1999391153333,22.466666666666665,524288.0,152740.8,0.7333333333333333,256.26666666666665,97.46666666666667,1.3333333333333333
1377421064,1,2399.999729,518.3999414640001,21.6,524288.0,135265.06666666668,0.0,249.73333333333332,93.26666666666667,1.2
1377421364,1,2399.999729,545.5999383926668,22.733333333333334,524288.0,148196.8,7.133333333333334,279.73333333333335,116.33333333333333,1.6
1377421664,1,2399.999729,513.599942006,21.4,524288.0,167770.4,1.3333333333333333,248.33333333333334,92.93333333333334,1.2
1377421964,1,2399.999729,539.1999391153333,22.466666666666665,524288.0,146800.0,0.6,251.93333333333334,97.0,1.6666666666666667
1377422264,1,2399.999729,537.599939296,22.4,524288.0,140506.4,2.0,259.53333333333336,97.86666666666666,1.2666666666666666
1377422564,1,2399.999729,567.9999358633333,23.666666666666664,524288.0,127923.46666666666,0.4,253.6,95.0,1.2666666666666666
1377422864,1,2399.999729,542.399938754,22.6,524288.0,179304.26666666666,926.8,295.20000000000005,93.73333333333333,1.3333333333333333
1377423164,1,2399.999729,593.5999329726667,24.733333333333334,524288.0,283463.4666666667,5.133333333333334,261.93333333333334,97.66666666666667,1.4666666666666666
1377423464,1,2399.999729,516.7999416446668,21.533333333333335,524288.0,176508.8,0.8,255.46666666666667,96.26666666666667,1.2
1377423764,1,2399.999729,497.59994381266665,20.733333333333334,524288.0,142953.6,0.6,257.8,97.06666666666666,1.4
1377424064,1,2399.999729,516.7999416446668,21.533333333333335,524288.0,153090.4,0.3333333333333333,261.6666666666667,102.86666666666666,1.2
1377424364,1,2399.999729,555.1999373086668,23.133333333333336,524288.0,156235.73333333334,17.599999999999998,262.4,97.46666666666667,1.2666666666666666
1377424663,1,2399.999729,531.1999400186668,22.133333333333336,524288.0,167070.93333333332,0.13333333333333333,257.8666666666667,95.93333333333334,1.2
1377424963,1,2399.999729,556.799937128,23.2,524288.0,171964.53333333333,7.866666666666667,285.73333333333335,119.53333333333333,1.6666666666666667
1377425263,1,2399.999729,505.5999429093333,21.066666666666666,524288.0,185596.8,7.0,254.33333333333334,95.0,1.2666666666666666
1377425563,1,2399.999729,500.7999434513333,20.866666666666664,524288.0,145749.6,0.13333333333333333,251.13333333333333,95.93333333333334,1.9333333333333333
1377425863,1,2399.999729,500.7999434513333,20.866666666666664,524288.0,138410.4,4.800000000000001,254.26666666666665,96.93333333333334,1.2666666666666666
1377426163,1,2399.999729,531.1999400186668,22.133333333333336,524288.0,150992.0,9.333333333333332,257.06666666666666,97.86666666666666,1.4666666666666666
1377426463,1,2399.999729,529.5999401993333,22.066666666666666,524288.0,152741.06666666668,0.0,250.46666666666667,93.53333333333333,1.2666666666666666
1377426763,1,2399.999729,502.3999432706667,20.933333333333334,524288.0,152391.73333333334,0.3333333333333333,253.86666666666667,96.8,1.4
1377427063,1,2399.999729,543.9999385733332,22.666666666666664,524288.0,144001.86666666667,0.5333333333333333,268.0,104.13333333333334,1.2666666666666666
1377427363,1,2399.999729,470.3999468840001,19.6,524288.0,134914.93333333332,0.5333333333333333,259.0,97.86666666666666,1.3333333333333333
1377427663,1,2399.999729,551.99993767,23.0,524288.0,157634.66666666666,0.13333333333333333,254.06666666666666,97.06666666666666,1.2666666666666666
1377427963,1,2399.999729,547.199938212,22.8,524288.0,157983.73333333334,0.6,255.33333333333331,98.0,1.4666666666666666
1377428263,1,2399.999729,521.5999411026667,21.733333333333334,524288.0,145400.53333333333,0.06666666666666667,247.46666666666667,93.66666666666667,1.1333333333333333
1377428563,1,2399.999729,556.799937128,23.2,524288.0,139109.6,6.466666666666667,286.73333333333335,119.8,2.2
1377428863,1,2399.999729,574.3999351406667,23.933333333333334,524288.0,155886.13333333333,1.5999999999999999,279.6,118.53333333333333,3.533333333333333
1377429163,1,2399.999729,497.59994381266665,20.733333333333334,524288.0,134215.2,0.0,261.2,105.06666666666666,2.1333333333333333
1377429463,1,2399.999729,505.5999429093333,21.066666666666666,524288.0,130021.6,3.8666666666666667,252.13333333333333,97.8,1.3333333333333333
1377429763,1,2399.999729,505.5999429093333,21.066666666666666,524288.0,151342.93333333332,12.133333333333333,255.0,95.73333333333333,1.4666666666666666
1377430063,1,2399.999729,510.3999423673333,21.266666666666666,524288.0,142604.8,0.2,258.2,103.4,1.4
1377430363,1,2399.999729,540.7999389346667,22.533333333333335,524288.0,170916.8,0.0,271.3333333333333,108.33333333333333,2.0
1377430664,1,2399.999729,516.7999416446668,21.533333333333335,524288.0,186993.6,0.06666666666666667,256.8666666666667,99.2,1.4666666666666666
1377430964,1,2399.999729,542.399938754,22.6,524288.0,149244.8,0.2,267.6666666666667,107.93333333333334,1.8
1377431264,1,2399.999729,521.5999411026667,21.733333333333334,524288.0,160080.53333333333,0.13333333333333333,254.66666666666669,96.0,1.6666666666666667
1377431564,1,2399.999729,521.5999411026667,21.733333333333334,524288.0,139459.2,0.5333333333333333,266.0,100.93333333333334,1.4666666666666666
1377431864,1,2399.999729,491.19994453533343,20.46666666666667,524288.0,142604.53333333333,0.0,255.26666666666665,95.8,1.2666666666666666
1377432164,1,2399.999729,572.7999353213334,23.866666666666664,524288.0,122332.53333333334,6.199999999999999,283.0666666666667,118.73333333333333,1.6666666666666667
1377432464,1,2399.999729,492.7999443546667,20.533333333333335,524288.0,154488.0,1.4,258.4,97.6,1.4666666666666666
1377432764,1,2399.999729,521.5999411026667,21.733333333333334,524288.0,164625.06666666668,0.06666666666666667,252.93333333333334,99.53333333333333,1.6
1377433064,1,2399.999729,494.39994417400004,20.6,524288.0,153090.4,2.4,256.06666666666666,97.66666666666667,1.2666666666666666
1377433364,1,2399.999729,511.9999421866667,21.333333333333336,524288.0,154137.6,0.26666666666666666,260.2,101.2,1.3333333333333333
1377433664,1,2399.999729,535.9999394766668,22.333333333333336,524288.0,154138.4,0.06666666666666667,255.13333333333333,95.66666666666667,1.1333333333333333
1377433964,1,2399.999729,580.799934418,24.2,524288.0,141556.0,0.2,271.93333333333334,111.06666666666666,1.4
1377434264,1,2399.999729,558.3999369473333,23.266666666666666,524288.0,151690.93333333332,0.06666666666666667,260.4,98.4,1.2666666666666666
1377434564,1,2399.999729,505.5999429093333,21.066666666666666,524288.0,138410.13333333333,0.06666666666666667,251.66666666666666,96.0,1.3333333333333333
1377434864,1,2399.999729,524.7999407413332,21.866666666666664,524288.0,124079.46666666666,0.0,252.0,93.86666666666666,1.2
1377435164,1,2399.999729,590.3999333340001,24.6,524288.0,141905.86666666667,0.6666666666666667,265.0,98.53333333333333,1.2666666666666666
1377435464,1,2399.999729,575.99993496,24.0,524288.0,146449.33333333334,0.2,256.93333333333334,96.06666666666666,1.1333333333333333
1377435764,1,2399.999729,532.799939838,22.2,524288.0,134216.53333333333,6.466666666666667,289.2,120.46666666666667,1.7333333333333334
1377436064,1,2399.999729,476.79994616133337,19.866666666666667,524288.0,171964.53333333333,7.666666666666667,272.06666666666666,104.46666666666667,1.3333333333333333
1377436364,1,2399.999729,465.59994742599997,19.4,524288.0,153089.86666666667,0.0,257.1333333333333,96.4,1.7333333333333334
1377436664,1,2399.999729,489.599944716,20.4,524288.0,144701.6,3.8666666666666667,264.26666666666665,102.6,2.066666666666667
1377436964,1,2399.999729,937.5998941293333,39.06666666666666,524288.0,164624.8,0.5333333333333333,407.7333333333333,256.0,2.6
1377437264,1,2399.999729,795.1999102086667,33.13333333333333,524288.0,147497.6,0.26666666666666666,367.6666666666667,219.4,1.3333333333333333
1377437564,1,2399.999729,964.7998910580001,40.2,524288.0,189091.46666666667,0.2,389.0,237.46666666666667,1.4
1377437864,1,2399.999729,790.3999107506668,32.93333333333334,524288.0,162528.0,0.3333333333333333,368.53333333333336,217.8,1.2
1377438164,1,2399.999729,499.19994363200004,20.8,524288.0,168469.6,0.3333333333333333,273.53333333333336,112.26666666666667,1.3333333333333333
1377438464,1,2399.999729,393.599955556,16.4,524288.0,141905.6,0.13333333333333333,266.3333333333333,106.6,1.2
1377438764,1,2399.999729,403.199954472,16.8,524288.0,138760.53333333333,2.2,260.26666666666665,97.53333333333333,1.4666666666666666
1377439064,1,2399.999729,395.1999553753334,16.46666666666667,524288.0,136314.13333333333,0.2,250.46666666666664,93.66666666666667,1.3333333333333333
1377439364,1,2399.999729,414.3999532073333,17.266666666666666,524288.0,141905.06666666668,9.866666666666667,281.6,121.13333333333334,2.1333333333333333
1377439664,1,2399.999729,655.9999259266667,27.333333333333336,524288.0,178954.93333333332,0.6,307.5333333333333,138.26666666666668,3.2666666666666666
1377439964,1,2399.999729,539.1999391153333,22.466666666666665,524288.0,170217.6,0.7333333333333333,309.6,143.86666666666667,3.1333333333333333
1377440264,1,2399.999729,508.79994254800005,21.2,524288.0,150294.4,3.6666666666666665,307.26666666666665,142.93333333333334,1.2666666666666666
1377440564,1,2399.999729,457.59994832933336,19.066666666666666,524288.0,150293.6,11.8,299.4666666666667,132.2,1.3333333333333333
1377440864,1,2399.999729,516.7999416446668,21.533333333333335,524288.0,162528.26666666666,0.13333333333333333,312.73333333333335,149.06666666666666,1.3333333333333333
1377441164,1,2399.999729,499.19994363200004,20.8,524288.0,168819.2,0.0,306.06666666666666,147.46666666666667,1.2666666666666666
1377441464,1,2399.999729,446.3999495940001,18.6,524288.0,148896.0,0.3333333333333333,293.6666666666667,124.66666666666667,1.2
1377441764,1,2399.999729,518.3999414640001,21.6,524288.0,156935.73333333334,0.2,313.2,150.33333333333334,1.4
1377442064,1,2399.999729,433.5999510393333,18.066666666666666,524288.0,148896.0,0.2,280.66666666666663,117.26666666666667,1.2666666666666666
1377442364,1,2399.999729,491.19994453533343,20.46666666666667,524288.0,155188.0,0.8,310.5333333333333,142.93333333333334,1.4666666666666666
1377442665,1,2399.999729,451.199949052,18.8,524288.0,138409.6,0.4,292.4666666666667,137.13333333333333,1.2
1377442965,1,2399.999729,727.9999177966668,30.333333333333336,524288.0,146100.8,7.333333333333333,383.06666666666666,218.73333333333332,1.7333333333333334
1377443265,1,2399.999729,575.99993496,24.0,524288.0,184548.0,0.6666666666666666,304.73333333333335,143.8,1.2
1377443565,1,2399.999729,695.9999214100001,29.0,524288.0,177557.86666666667,0.3333333333333333,370.0,211.13333333333333,1.6666666666666667
1377443865,1,2399.999729,617.5999302626667,25.733333333333334,524288.0,181051.73333333334,2.4,328.6666666666667,166.73333333333332,1.4666666666666666
1377444165,1,2399.999729,681.599923036,28.4,524288.0,158682.66666666666,0.8666666666666667,349.93333333333334,195.2,1.2666666666666666
1377444465,1,2399.999729,547.199938212,22.8,524288.0,144702.13333333333,0.3333333333333333,315.4666666666667,155.8,1.4
1377444765,1,2399.999729,427.19995176200007,17.8,524288.0,131070.93333333333,0.26666666666666666,272.59999999999997,111.4,1.2
1377445065,1,2399.999729,451.199949052,18.8,524288.0,163925.86666666667,0.13333333333333333,278.8,120.26666666666667,1.2666666666666666
1377445365,1,2399.999729,425.59995194266673,17.733333333333334,524288.0,130021.86666666667,0.26666666666666666,272.26666666666665,113.6,1.2666666666666666
1377445665,1,2399.999729,364.799958808,15.2,524288.0,119535.2,0.0,254.06666666666666,93.06666666666666,1.2666666666666666
1377445965,1,2399.999729,363.1999589886667,15.133333333333333,524288.0,135614.4,0.2,253.66666666666669,96.73333333333333,1.2666666666666666
1377446265,1,2399.999729,363.1999589886667,15.133333333333333,524288.0,126176.8,0.06666666666666667,246.93333333333334,94.4,1.1333333333333333
1377446565,1,2399.999729,447.99994941333335,18.666666666666668,524288.0,144351.2,7.4,288.06666666666666,123.93333333333334,1.6
1377446865,1,2399.999729,367.99995844666665,15.333333333333332,524288.0,164625.6,0.3333333333333333,251.79999999999998,96.4,1.2666666666666666
1377447165,1,2399.999729,396.7999551946666,16.53333333333333,524288.0,135264.8,0.2,250.26666666666668,100.33333333333333,1.6666666666666667
1377447465,1,2399.999729,398.39995501400006,16.6,524288.0,124779.2,2.2,259.8,101.73333333333333,1.3333333333333333
1377447765,1,2399.999729,393.599955556,16.4,524288.0,142604.0,0.33333333333333337,253.93333333333334,96.86666666666666,1.3333333333333333
1377448065,1,2399.999729,374.399957724,15.6,524288.0,153089.6,0.13333333333333333,248.26666666666665,94.8,1.4
1377448365,1,2399.999729,359.99995935,15.0,524288.0,132120.0,0.26666666666666666,252.6,102.93333333333334,1.3333333333333333
1377448665,1,2399.999729,1449.5998363160002,60.4,524288.0,173013.06666666668,0.8,826.7333333333333,732.0666666666667,4.066666666666666
1377448965,1,2399.999729,1267.1998569119999,52.8,524288.0,267035.73333333334,1.0,686.9333333333334,574.4666666666667,3.066666666666667
1377449265,1,2399.999729,756.7999145446666,31.533333333333335,524288.0,223694.4,0.9333333333333333,379.3333333333333,239.53333333333333,1.8
1377449565,1,2399.999729,564.7999362246668,23.533333333333335,524288.0,179304.53333333333,17.0,254.4,97.26666666666667,1.2666666666666666
1377449865,1,2399.999729,585.599933876,24.4,524288.0,140157.33333333334,0.26666666666666666,252.2,96.4,1.1333333333333333
1377450165,1,2399.999729,585.599933876,24.4,524288.0,154488.53333333333,9.933333333333334,286.6,123.26666666666667,1.7333333333333334
1377450465,1,2399.999729,532.799939838,22.2,524288.0,170916.0,8.0,256.2,96.26666666666667,1.2666666666666666
1377450765,1,2399.999729,524.7999407413332,21.866666666666664,524288.0,136313.6,0.5333333333333333,256.2,100.53333333333333,1.7333333333333334
1377451065,1,2399.999729,548.7999380313333,22.866666666666664,524288.0,144353.33333333334,2.933333333333333,258.73333333333335,103.2,1.3333333333333333
1377451365,1,2399.999729,502.3999432706667,20.933333333333334,524288.0,155187.2,17.6,251.33333333333331,96.06666666666666,1.4
1377451665,1,2399.999729,510.3999423673333,21.266666666666666,524288.0,136662.93333333332,0.0,247.0,93.6,1.2666666666666666
1377451965,1,2399.999729,519.9999412833333,21.666666666666664,524288.0,126525.6,0.26666666666666666,254.86666666666667,101.86666666666666,1.4666666666666666
1377452266,1,2399.999729,529.5999401993333,22.066666666666666,524288.0,133865.86666666667,0.0,251.13333333333335,99.26666666666667,1.4
1377452566,1,2399.999729,535.9999394766668,22.333333333333336,524288.0,143303.73333333334,0.13333333333333333,248.53333333333333,97.53333333333333,1.4
1377452866,1,2399.999729,487.99994489666665,20.333333333333332,524288.0,140507.73333333334,0.06666666666666667,246.26666666666668,93.06666666666666,1.2666666666666666
1377453166,1,2399.999729,537.599939296,22.4,524288.0,166022.4,0.6,254.93333333333334,97.86666666666666,1.4666666666666666
1377453466,1,2399.999729,510.3999423673333,21.266666666666666,524288.0,144351.73333333334,0.0,247.0,94.2,1.3333333333333333
1377453766,1,2399.999729,515.1999418253333,21.466666666666665,524288.0,154487.73333333334,35.93333333333333,287.8,122.4,1.8666666666666667
1377454066,1,2399.999729,527.99994038,22.0,524288.0,213908.0,260.0,281.0,95.46666666666667,1.6
1377454366,1,2399.999729,574.3999351406667,23.933333333333334,524288.0,233132.26666666666,564.4,287.0,97.73333333333333,2.2
1377454666,1,2399.999729,550.3999378506667,22.933333333333334,524288.0,223345.6,163.66666666666666,262.93333333333334,98.6,1.4666666666666666
1377454966,1,2399.999729,499.19994363200004,20.8,524288.0,187693.6,15.733333333333333,250.93333333333334,95.33333333333333,1.3333333333333333
1377455266,1,2399.999729,494.39994417400004,20.6,524288.0,142604.8,0.3333333333333333,252.06666666666666,94.2,1.2
1377455566,1,2399.999729,515.1999418253333,21.466666666666665,524288.0,126876.0,0.4,260.06666666666666,101.26666666666667,1.3333333333333333
1377455866,1,2399.999729,524.7999407413332,21.866666666666664,524288.0,121982.4,0.4,255.13333333333333,98.13333333333334,1.5333333333333334
1377456166,1,2399.999729,492.7999443546667,20.533333333333335,524288.0,125478.4,0.2,254.86666666666667,95.93333333333334,1.3333333333333333
1377456466,1,2399.999729,510.3999423673333,21.266666666666666,524288.0,140857.06666666668,0.0,252.33333333333334,96.53333333333333,1.2
1377456766,1,2399.999729,691.199921952,28.8,524288.0,159032.26666666666,0.26666666666666666,277.8666666666667,121.66666666666667,1.4
1377457066,1,2399.999729,523.199940922,21.8,524288.0,156935.2,0.06666666666666667,254.93333333333334,98.13333333333334,1.2
1377457366,1,2399.999729,551.99993767,23.0,524288.0,156585.86666666667,6.8,276.0,116.8,1.6666666666666667
1377457666,1,2399.999729,510.3999423673333,21.266666666666666,524288.0,168120.0,0.7333333333333334,267.3333333333333,107.8,1.3333333333333333
1377457966,1,2399.999729,475.19994634200003,19.8,524288.0,160429.86666666667,0.8666666666666667,257.33333333333337,98.6,1.6666666666666667
1377458266,1,2399.999729,499.19994363200004,20.8,524288.0,138410.4,3.7333333333333334,258.0,98.33333333333333,1.8666666666666667
1377458566,1,2399.999729,535.9999394766668,22.333333333333336,524288.0,159381.6,0.5333333333333333,257.8,98.53333333333333,2.4
1377458866,1,2399.999729,539.1999391153333,22.466666666666665,524288.0,146798.4,0.06666666666666667,250.86666666666667,92.8,1.4
1377459166,1,2399.999729,478.39994598066664,19.933333333333334,524288.0,146798.4,0.3333333333333333,260.73333333333335,97.8,1.4
1377459466,1,2399.999729,519.9999412833333,21.666666666666664,524288.0,134914.93333333332,0.13333333333333333,252.06666666666666,94.93333333333334,1.2
1377459766,1,2399.999729,471.9999467033334,19.666666666666668,524288.0,130371.46666666666,0.0,252.86666666666667,95.6,1.2666666666666666
1377460066,1,2399.999729,495.9999439933333,20.666666666666664,524288.0,144002.93333333332,0.0,244.53333333333333,91.73333333333333,1.1333333333333333
1377460366,1,2399.999729,516.7999416446668,21.533333333333335,524288.0,123031.73333333334,0.4666666666666667,252.26666666666665,98.4,2.066666666666667
1377460666,1,2399.999729,523.199940922,21.8,524288.0,147498.93333333332,0.06666666666666667,247.93333333333334,96.46666666666667,1.3333333333333333
1377460966,1,2399.999729,572.7999353213334,23.866666666666664,524288.0,144702.4,6.133333333333334,287.2,124.0,1.7333333333333334
1377461266,1,2399.999729,494.39994417400004,20.6,524288.0,166022.4,0.6,254.13333333333333,100.26666666666667,1.2
1377461566,1,2399.999729,534.3999396573333,22.266666666666666,524288.0,136313.06666666668,0.2,253.46666666666667,99.66666666666667,1.8
1377461866,1,2399.999729,531.1999400186668,22.133333333333336,524288.0,138760.0,3.6,259.1333333333333,99.8,1.4
1377462166,1,2399.999729,502.3999432706667,20.933333333333334,524288.0,144701.6,12.466666666666667,262.26666666666665,105.33333333333333,1.5333333333333334
1377462466,1,2399.999729,489.599944716,20.4,524288.0,136312.8,0.13333333333333333,261.0,102.73333333333333,1.3333333333333333
1377462766,1,2399.999729,604.799931708,25.2,524288.0,134216.8,0.26666666666666666,264.1333333333333,108.26666666666667,1.4
1377463066,1,2399.999729,598.3999324306667,24.933333333333334,524288.0,132118.4,0.13333333333333333,262.6666666666667,106.93333333333334,1.2
1377463366,1,2399.999729,558.3999369473333,23.266666666666666,524288.0,148895.2,0.06666666666666667,262.2,105.66666666666667,1.1333333333333333
1377463666,1,2399.999729,587.1999336953334,24.466666666666665,524288.0,145050.93333333332,0.13333333333333333,257.4666666666667,103.13333333333334,1.0666666666666667
1377463966,1,2399.999729,588.7999335146667,24.533333333333335,524288.0,155188.0,0.4666666666666667,264.26666666666665,108.33333333333333,1.4
1377464266,1,2399.999729,441.59995013599996,18.4,524288.0,137711.2,0.2,259.26666666666665,104.4,1.2
1377464566,1,2399.999729,555.1999373086668,23.133333333333336,524288.0,136662.93333333332,9.933333333333334,288.26666666666665,125.6,1.7333333333333334
1377464866,1,2399.999729,526.3999405606668,21.933333333333334,524288.0,159032.0,7.666666666666667,256.0,96.13333333333334,1.2666666666666666
1377465167,1,2399.999729,551.99993767,23.0,524288.0,137012.0,0.06666666666666667,249.33333333333331,97.33333333333333,1.6
1377465467,1,2399.999729,515.1999418253333,21.466666666666665,524288.0,138410.93333333332,2.2,253.4,96.4,1.2
1377465767,1,2399.999729,476.79994616133337,19.866666666666667,524288.0,138409.33333333334,0.4,249.06666666666666,94.86666666666666,1.1333333333333333
1377466067,1,2399.999729,518.3999414640001,21.6,524288.0,123380.26666666666,0.2,246.06666666666666,92.46666666666667,1.2
1377466367,1,2399.999729,539.1999391153333,22.466666666666665,524288.0,133516.8,0.06666666666666667,253.53333333333336,99.46666666666667,1.2666666666666666
1377466667,1,2399.999729,516.7999416446668,21.533333333333335,524288.0,148896.0,0.2,252.33333333333337,95.06666666666666,1.2
1377466967,1,2399.999729,499.19994363200004,20.8,524288.0,134215.2,0.13333333333333333,247.66666666666666,94.4,1.2
1377467267,1,2399.999729,524.7999407413332,21.866666666666664,524288.0,123730.4,0.13333333333333333,247.79999999999998,93.06666666666666,1.2
1377467567,1,2399.999729,516.7999416446668,21.533333333333335,524288.0,162876.53333333333,0.6666666666666667,255.00000000000003,96.66666666666667,1.2
1377467867,1,2399.999729,527.99994038,22.0,524288.0,166372.53333333333,0.26666666666666666,249.60000000000002,94.6,1.2666666666666666
1377468167,1,2399.999729,547.199938212,22.8,524288.0,155187.2,14.266666666666666,305.0,133.8,1.5333333333333334
1377468467,1,2399.999729,511.9999421866667,21.333333333333336,524288.0,169866.66666666666,1.3333333333333333,287.8,99.0,1.1333333333333333
1377468767,1,2399.999729,532.799939838,22.2,524288.0,147847.46666666667,0.06666666666666667,267.4,95.2,1.5333333333333334
1377469067,1,2399.999729,524.7999407413332,21.866666666666664,524288.0,146800.0,3.6666666666666665,269.53333333333336,94.53333333333333,1.1333333333333333
1377469367,1,2399.999729,495.9999439933333,20.666666666666664,524288.0,156934.93333333332,0.2,268.5333333333333,94.4,1.0666666666666667
1377469667,1,2399.999729,515.1999418253333,21.466666666666665,524288.0,155886.13333333333,0.2,267.26666666666665,99.66666666666667,1.1333333333333333
1377469967,1,2399.999729,566.399936044,23.6,524288.0,142254.66666666666,0.13333333333333333,277.93333333333334,104.53333333333333,1.2666666666666666
1377470267,1,2399.999729,481.59994561933337,20.066666666666666,524288.0,147848.0,0.06666666666666667,269.26666666666665,95.86666666666666,1.2
1377470567,1,2399.999729,476.79994616133337,19.866666666666667,524288.0,136313.6,0.06666666666666667,265.46666666666664,98.06666666666666,1.2666666666666666
1377470867,1,2399.999729,507.19994272866677,21.133333333333336,524288.0,136313.6,0.0,272.2,99.93333333333334,1.1333333333333333
1377471167,1,2399.999729,518.3999414640001,21.6,524288.0,151342.4,0.3333333333333333,271.46666666666664,97.46666666666667,1.2
1377471467,1,2399.999729,527.99994038,22.0,524288.0,140507.46666666667,0.0,262.5333333333333,92.66666666666667,1.0
1377471767,1,2399.999729,641.5999275526667,26.733333333333334,524288.0,150644.53333333333,492.1333333333333,376.06666666666666,135.53333333333333,1.5333333333333334
1377472067,1,2399.999729,559.9999367666667,23.333333333333336,524288.0,318066.6666666667,1192.0666666666666,521.7333333333333,118.2,1.2
1377472367,1,2399.999729,508.79994254800005,21.2,524288.0,362106.93333333335,1175.3333333333335,462.0,105.13333333333334,1.6666666666666667
1377472667,1,2399.999729,1539.1998261986664,64.13333333333333,524288.0,399505.86666666664,1708.4,361.06666666666666,99.6,1.0
1377472967,1,2399.999729,2251.199745802,93.8,524288.0,389020.0,1806.8666666666666,325.4666666666667,99.13333333333334,1.0666666666666667
1377473267,1,2399.999729,2367.9997326133334,98.66666666666666,524288.0,316318.6666666667,1997.6000000000001,315.4666666666667,95.86666666666666,0.8666666666666667
1377473567,1,2399.999729,2303.99973984,96.0,524288.0,374339.73333333334,2040.8000000000002,316.26666666666665,101.06666666666666,1.0
1377473867,1,2399.999729,2363.199733155333,98.46666666666665,524288.0,368747.2,1573.4,321.6666666666667,99.2,1.0
1377474167,1,2399.999729,2457.599722496,102.4,524288.0,366301.06666666665,1154.8666666666666,277.26666666666665,97.53333333333333,1.0
1377474467,1,2399.999729,2135.99975881,89.0,524288.0,367349.6,929.3333333333334,275.06666666666666,96.73333333333333,1.0
1377474767,1,2399.999729,2063.99976694,86.0,524288.0,313521.6,814.2,287.6666666666667,100.13333333333334,1.0666666666666667
1377475067,1,2399.999729,2323.199737672,96.8,524288.0,308279.2,726.5333333333333,274.33333333333337,95.73333333333333,1.0666666666666667
1377475367,1,2399.999729,2308.799739298,96.2,524288.0,320861.6,796.0666666666667,317.93333333333334,128.53333333333333,1.5333333333333334
1377475667,1,2399.999729,2316.7997383946667,96.53333333333335,524288.0,339736.0,845.0666666666667,272.2,93.46666666666667,1.2
1377475967,1,2399.999729,2311.999738936667,96.33333333333334,524288.0,313522.13333333336,777.2666666666667,279.79999999999995,99.26666666666667,1.4666666666666666
1377476267,1,2399.999729,2199.999751583333,91.66666666666666,524288.0,291852.5333333333,1038.3333333333335,317.93333333333334,96.73333333333333,1.2
1377476567,1,2399.999729,2241.599746886,93.4,524288.0,236976.26666666666,1535.6666666666665,324.4666666666667,97.13333333333334,1.2
1377476867,1,2399.999729,2299.199740382,95.8,524288.0,269132.8,1566.0666666666668,293.53333333333336,92.53333333333333,1.1333333333333333
1377477168,1,2399.999729,2273.5997432726667,94.73333333333333,524288.0,299191.2,1278.8666666666668,289.26666666666665,97.66666666666667,1.1333333333333333
1377477468,1,2399.999729,2273.5997432726667,94.73333333333333,524288.0,319464.5333333333,1310.6000000000001,314.1333333333333,94.8,1.0666666666666667
1377477768,1,2399.999729,2278.3997427306667,94.93333333333334,524288.0,363155.2,1793.0,353.6,95.26666666666667,1.0666666666666667
1377478068,1,2399.999729,2287.9997416466667,95.33333333333334,524288.0,403000.8,1604.6666666666665,344.33333333333337,92.73333333333333,1.0666666666666667
1377478368,1,2399.999729,2284.7997420080005,95.2,524288.0,416282.93333333335,1578.8666666666666,354.8666666666667,99.2,1.1333333333333333
1377478668,1,2399.999729,2287.9997416466667,95.33333333333334,524288.0,418030.93333333335,1379.2,330.46666666666664,94.8,1.0666666666666667
1377478968,1,2399.999729,2263.9997443566667,94.33333333333334,524288.0,418380.8,1631.8,376.6666666666667,119.06666666666666,1.6
1377479268,1,2399.999729,2203.199751222,91.8,524288.0,415234.4,1542.6666666666667,347.1333333333333,106.0,1.0
1377479568,1,2399.999729,1631.9998157200002,68.0,524288.0,357562.4,564.3333333333334,288.0666666666667,101.53333333333333,1.6666666666666667
1377479868,1,2399.999729,558.3999369473333,23.266666666666666,524288.0,226490.4,11.200000000000001,270.8,95.53333333333333,1.2
1377480168,1,2399.999729,467.19994724533336,19.46666666666667,524288.0,166023.2,22.0,270.4,98.8,1.2666666666666666
1377480468,1,2399.999729,513.599942006,21.4,524288.0,153789.33333333334,0.13333333333333333,265.46666666666664,93.33333333333333,1.0
1377480768,1,2399.999729,535.9999394766668,22.333333333333336,524288.0,139808.53333333333,0.13333333333333333,270.20000000000005,98.13333333333334,1.1333333333333333
1377481068,1,2399.999729,531.1999400186668,22.133333333333336,524288.0,146449.06666666668,0.06666666666666667,270.66666666666663,97.86666666666666,1.1333333333333333
1377481368,1,2399.999729,551.99993767,23.0,524288.0,143653.33333333334,0.13333333333333333,263.6,95.73333333333333,1.1333333333333333
1377481668,1,2399.999729,491.19994453533343,20.46666666666667,524288.0,150993.86666666667,0.0,258.4666666666667,93.6,1.0666666666666667
1377481968,1,2399.999729,567.9999358633333,23.666666666666664,524288.0,147148.8,0.06666666666666667,279.73333333333335,100.13333333333334,1.2
1377482268,1,2399.999729,518.3999414640001,21.6,524288.0,149944.8,0.0,266.6,95.33333333333333,1.0666666666666667
1377482568,1,2399.999729,595.199932792,24.8,524288.0,132468.0,407.6,306.73333333333335,123.06666666666666,1.6666666666666667
1377482868,1,2399.999729,665.5999248426666,27.733333333333334,524288.0,291501.6,968.4666666666667,384.20000000000005,98.6,1.5333333333333334
1377483168,1,2399.999729,401.5999546526667,16.733333333333334,524288.0,363854.4,8.533333333333333,265.0,96.66666666666667,1.6
1377483468,1,2399.999729,420.7999524846666,17.53333333333333,524288.0,246413.6,11.466666666666667,281.93333333333334,99.46666666666667,1.2666666666666666
1377483768,1,2399.999729,460.79994796799997,19.2,524288.0,234879.2,31.933333333333334,296.1333333333333,109.66666666666667,1.3333333333333333
1377484068,1,2399.999729,425.59995194266673,17.733333333333334,524288.0,186644.8,0.4666666666666667,276.2,106.33333333333333,1.1333333333333333
1377484368,1,2399.999729,388.79995609799994,16.2,524288.0,180353.6,0.26666666666666666,266.73333333333335,99.8,1.2
1377484668,1,2399.999729,375.9999575433334,15.666666666666668,524288.0,173013.6,0.33333333333333337,262.20000000000005,95.4,1.2
1377484968,1,2399.999729,396.7999551946666,16.53333333333333,524288.0,154838.93333333332,0.06666666666666667,256.33333333333337,95.2,1.0666666666666667
1377485268,1,2399.999729,377.59995736266666,15.733333333333333,524288.0,148195.46666666667,0.26666666666666666,260.4666666666667,93.73333333333333,1.0666666666666667
1377485568,1,2399.999729,380.7999570013334,15.866666666666667,524288.0,149245.86666666667,1.4666666666666666,269.93333333333334,98.93333333333334,1.0666666666666667
1377485868,1,2399.999729,372.79995790466666,15.533333333333333,524288.0,130021.6,0.0,258.2,93.13333333333334,0.9333333333333333
1377486168,1,2399.999729,406.39995411066667,16.933333333333334,524288.0,139807.46666666667,23.933333333333334,293.2,117.46666666666667,1.6
1377486468,1,2399.999729,350.39996043400004,14.6,524288.0,179654.13333333333,0.0,263.2,94.13333333333334,1.0
1377486768,1,2399.999729,375.9999575433334,15.666666666666668,524288.0,133866.4,0.06666666666666667,257.53333333333336,94.33333333333333,1.4666666666666666
1377487068,1,2399.999729,377.59995736266666,15.733333333333333,524288.0,128973.06666666667,1.9333333333333333,265.4666666666667,95.66666666666667,1.1333333333333333
1377487368,1,2399.999729,372.79995790466666,15.533333333333333,524288.0,159730.93333333332,0.6,267.33333333333337,98.66666666666667,1.0666666666666667
1377487668,1,2399.999729,363.1999589886667,15.133333333333333,524288.0,145750.93333333332,0.0,255.39999999999998,90.06666666666666,1.1333333333333333
1377487968,1,2399.999729,367.99995844666665,15.333333333333332,524288.0,129672.8,0.2,257.1333333333333,97.93333333333334,1.1333333333333333
1377488269,1,2399.999729,367.99995844666665,15.333333333333332,524288.0,138758.93333333332,0.0,260.4,94.33333333333333,0.9333333333333333
1377488569,1,2399.999729,369.59995826600004,15.4,524288.0,131420.26666666666,0.0,257.66666666666663,94.66666666666667,1.0666666666666667
1377488869,1,2399.999729,361.5999591693334,15.066666666666668,524288.0,119186.4,0.0,263.46666666666664,95.0,0.9333333333333333
1377489169,1,2399.999729,364.799958808,15.2,524288.0,141207.46666666667,0.4,268.4666666666667,96.73333333333333,1.0
1377489469,1,2399.999729,374.399957724,15.6,524288.0,143652.53333333333,0.0,260.4,92.86666666666666,0.8666666666666667
1377489769,1,2399.999729,438.39995049733335,18.266666666666666,524288.0,128273.86666666667,6.066666666666666,306.3333333333333,124.26666666666667,1.4666666666666666
1377490068,1,2399.999729,414.3999532073333,17.266666666666666,524288.0,166721.6,0.3333333333333333,285.0,107.0,0.9333333333333333
1377490368,1,2399.999729,503.99994309,21.0,524288.0,147847.2,0.0,305.2,135.06666666666666,1.4666666666666666
1377490668,1,2399.999729,411.1999535686667,17.133333333333333,524288.0,137012.53333333333,3.8,263.6,97.0,1.1333333333333333
1377490968,1,2399.999729,433.5999510393333,18.066666666666666,524288.0,144702.4,0.3333333333333333,263.0,97.2,1.2
1377491268,1,2399.999729,452.7999488713334,18.866666666666667,524288.0,148895.2,0.13333333333333333,252.73333333333332,90.46666666666667,1.0666666666666667
1377491568,1,2399.999729,524.7999407413332,21.866666666666664,524288.0,134914.93333333332,0.2,263.1333333333333,96.53333333333333,1.0666666666666667
1377491868,1,2399.999729,521.5999411026667,21.733333333333334,524288.0,136661.86666666667,0.0,261.79999999999995,94.8,1.0
1377492168,1,2399.999729,540.7999389346667,22.533333333333335,524288.0,131420.53333333333,0.13333333333333333,259.6666666666667,95.13333333333334,1.0666666666666667
1377492468,1,2399.999729,486.3999450773333,20.266666666666666,524288.0,148546.66666666666,0.13333333333333333,256.5333333333333,91.66666666666667,0.9333333333333333
1377492768,1,2399.999729,529.5999401993333,22.066666666666666,524288.0,153090.4,0.39999999999999997,265.26666666666665,95.46666666666667,1.1333333333333333
1377493068,1,2399.999729,447.99994941333335,18.666666666666668,524288.0,156934.93333333332,0.0,256.4,91.8,0.9333333333333333
1377493368,1,2399.999729,566.399936044,23.6,524288.0,146100.53333333333,9.533333333333333,290.3333333333333,118.06666666666666,1.4666666666666666
1377493668,1,2399.999729,460.79994796799997,19.2,524288.0,149596.0,0.5333333333333333,262.0666666666667,91.93333333333334,0.9333333333333333
1377493968,1,2399.999729,443.1999499553334,18.46666666666667,524288.0,149945.33333333334,0.7333333333333333,261.73333333333335,97.13333333333334,1.5333333333333334
1377494268,1,2399.999729,495.9999439933333,20.666666666666664,524288.0,140508.0,3.6666666666666665,261.6666666666667,94.06666666666666,1.0666666666666667
1377494569,1,2399.999729,510.3999423673333,21.266666666666666,524288.0,144351.73333333334,12.333333333333332,264.8666666666667,93.93333333333334,1.0
1377494869,1,2399.999729,439.9999503166666,18.333333333333332,524288.0,157284.0,0.33333333333333337,261.06666666666666,89.93333333333334,0.9333333333333333
1377495169,1,2399.999729,486.3999450773333,20.266666666666666,524288.0,148896.8,0.06666666666666667,266.79999999999995,98.6,1.2
1377495469,1,2399.999729,606.3999315273334,25.266666666666666,524288.0,228587.73333333334,928.6666666666667,312.9333333333333,98.86666666666666,1.0666666666666667
1377495769,1,2399.999729,551.99993767,23.0,524288.0,278918.4,3.466666666666667,263.6666666666667,95.0,1.1333333333333333
1377496069,1,2399.999729,494.39994417400004,20.6,524288.0,175809.6,0.6,262.0,92.06666666666666,1.0
1377496369,1,2399.999729,491.19994453533343,20.46666666666667,524288.0,149944.53333333333,24.200000000000003,263.5333333333333,96.73333333333333,1.0666666666666667
1377496669,1,2399.999729,495.9999439933333,20.666666666666664,524288.0,159032.0,0.13333333333333333,255.2,93.26666666666667,1.0
1377496969,1,2399.999729,545.5999383926668,22.733333333333334,524288.0,151692.0,7.266666666666667,297.0,121.13333333333334,1.6666666666666667
1377497269,1,2399.999729,495.9999439933333,20.666666666666664,524288.0,167070.4,6.866666666666666,262.2,93.6,1.0
1377497569,1,2399.999729,515.1999418253333,21.466666666666665,524288.0,149944.8,0.13333333333333333,259.4,98.73333333333333,1.4
1377497869,1,2399.999729,505.5999429093333,21.066666666666666,524288.0,141904.8,2.0,265.8,95.13333333333334,1.1333333333333333
1377498169,1,2399.999729,497.59994381266665,20.733333333333334,524288.0,150992.8,1.6,263.5333333333333,95.93333333333334,1.1333333333333333
1377498469,1,2399.999729,436.799950678,18.2,524288.0,149944.0,0.0,265.66666666666663,92.2,1.0
1377498769,1,2399.999729,503.99994309,21.0,524288.0,126876.8,0.2,265.4666666666667,98.0,1.2
1377499069,1,2399.999729,503.99994309,21.0,524288.0,131069.6,0.06666666666666667,274.4,97.4,1.2
1377499369,1,2399.999729,459.19994814866664,19.133333333333333,524288.0,114292.53333333334,0.2,261.06666666666666,95.8,1.2
1377499669,1,2399.999729,439.9999503166666,18.333333333333332,524288.0,135265.6,0.2,267.66666666666663,93.0,1.1333333333333333
1377499969,1,2399.999729,519.9999412833333,21.666666666666664,524288.0,140856.53333333333,0.8,276.1333333333333,101.66666666666667,1.2666666666666666
1377500269,1,2399.999729,1246.3998592606667,51.93333333333333,524288.0,158681.06666666668,0.13333333333333333,731.6666666666666,591.6666666666666,3.6
1377500569,1,2399.999729,1311.9998518533334,54.66666666666667,524288.0,263540.0,251.66666666666666,721.3333333333333,545.2,3.533333333333333
1377500869,1,2399.999729,619.199930082,25.8,524288.0,286958.4,11.399999999999999,352.33333333333337,161.66666666666666,1.3333333333333333
1377501169,1,2399.999729,519.9999412833333,21.666666666666664,524288.0,192585.6,0.8666666666666667,302.26666666666665,131.06666666666666,1.8666666666666667
1377501470,1,2399.999729,467.19994724533336,19.46666666666667,524288.0,167070.93333333332,2.8666666666666667,266.5333333333333,97.0,1.2666666666666666
1377501770,1,2399.999729,515.1999418253333,21.466666666666665,524288.0,173012.0,14.866666666666667,276.33333333333337,98.33333333333333,1.2666666666666666
1377502070,1,2399.999729,465.59994742599997,19.4,524288.0,167770.4,0.13333333333333333,262.8666666666667,93.26666666666667,0.9333333333333333
1377502370,1,2399.999729,487.99994489666665,20.333333333333332,524288.0,169867.2,0.06666666666666667,268.0,99.86666666666666,1.2
1377502670,1,2399.999729,535.9999394766668,22.333333333333336,524288.0,151342.4,0.06666666666666667,285.06666666666666,111.66666666666667,1.1333333333333333
1377502970,1,2399.999729,500.7999434513333,20.866666666666664,524288.0,144700.53333333333,0.2,285.79999999999995,249.66666666666666,1.2
1377503270,1,2399.999729,438.39995049733335,18.266666666666666,524288.0,142954.13333333333,0.06666666666666667,278.20000000000005,106.13333333333334,1.2
1377503570,1,2399.999729,534.3999396573333,22.266666666666666,524288.0,146798.93333333332,1.4,294.4,115.0,1.2
1377503870,1,2399.999729,473.5999465226667,19.733333333333334,524288.0,145749.6,0.4,271.6,98.46666666666667,1.2
1377504170,1,2399.999729,561.599936586,23.4,524288.0,185945.6,162.86666666666665,312.26666666666665,124.93333333333334,1.8
1377504470,1,2399.999729,612.7999308046667,25.533333333333335,524288.0,256899.46666666667,1.5333333333333334,360.26666666666665,199.53333333333333,2.6
1377504770,1,2399.999729,489.599944716,20.4,524288.0,175809.6,0.13333333333333333,269.4666666666667,101.93333333333334,1.6666666666666667
1377505070,1,2399.999729,495.9999439933333,20.666666666666664,524288.0,142953.6,3.466666666666667,268.0,100.33333333333333,1.2666666666666666
1377505370,1,2399.999729,531.1999400186668,22.133333333333336,524288.0,154139.46666666667,12.8,273.26666666666665,102.6,1.4
1377505670,1,2399.999729,489.599944716,20.4,524288.0,159381.6,0.06666666666666667,263.2,95.46666666666667,1.2
1377505970,1,2399.999729,511.9999421866667,21.333333333333336,524288.0,141556.0,0.2,270.6,103.86666666666666,1.4
1377506270,1,2399.999729,551.99993767,23.0,524288.0,138410.4,0.13333333333333333,275.2,106.0,1.2
1377506570,1,2399.999729,558.3999369473333,23.266666666666666,524288.0,145750.4,0.06666666666666667,269.53333333333336,102.93333333333334,1.3333333333333333
1377506870,1,2399.999729,601.5999320693334,25.066666666666666,524288.0,156236.8,0.06666666666666667,283.3333333333333,109.86666666666666,1.2666666666666666
1377507170,1,2399.999729,644.7999271913333,26.866666666666664,524288.0,150643.46666666667,0.26666666666666666,286.6,112.2,1.2666666666666666
1377507470,1,2399.999729,591.9999331533334,24.666666666666664,524288.0,152740.53333333333,0.13333333333333333,280.4666666666667,108.46666666666667,1.2
1377507770,1,2399.999729,636.7999280946667,26.533333333333335,524288.0,177906.13333333333,176.33333333333331,312.1333333333333,130.93333333333334,1.8666666666666667
1377508070,1,2399.999729,551.99993767,23.0,524288.0,230334.93333333332,1.8666666666666667,281.1333333333333,116.6,1.3333333333333333
1377508370,1,2399.999729,542.399938754,22.6,524288.0,170915.46666666667,0.06666666666666667,268.4,105.46666666666667,1.8666666666666667
1377508670,1,2399.999729,531.1999400186668,22.133333333333336,524288.0,163226.4,2.1333333333333333,271.8666666666667,104.2,1.4
1377508970,1,2399.999729,531.1999400186668,22.133333333333336,524288.0,152740.26666666666,0.4,279.73333333333335,108.4,1.5333333333333334
1377509270,1,2399.999729,548.7999380313333,22.866666666666664,524288.0,153091.2,0.13333333333333333,269.1333333333333,103.13333333333334,1.3333333333333333
1377509570,1,2399.999729,497.59994381266665,20.733333333333334,524288.0,134216.0,0.06666666666666667,272.33333333333337,107.13333333333334,1.4
1377509870,1,2399.999729,543.9999385733332,22.666666666666664,524288.0,137361.6,0.0,282.06666666666666,111.46666666666667,1.3333333333333333
1377510170,1,2399.999729,534.3999396573333,22.266666666666666,524288.0,141555.2,0.0,282.4666666666667,111.26666666666667,1.3333333333333333
1377510471,1,2399.999729,523.199940922,21.8,524288.0,161477.6,0.0,276.4,103.53333333333333,1.2
1377510771,1,2399.999729,526.3999405606668,21.933333333333334,524288.0,155536.53333333333,0.5333333333333333,277.2,105.73333333333333,1.4
1377511071,1,2399.999729,511.9999421866667,21.333333333333336,524288.0,157284.0,0.0,282.26666666666665,108.86666666666666,1.0666666666666667
1377511371,1,2399.999729,606.3999315273334,25.266666666666666,524288.0,187344.26666666666,152.6,313.6,129.0,1.7333333333333334
1377511671,1,2399.999729,411.1999535686667,17.133333333333333,524288.0,231733.33333333334,1.6,271.0,102.06666666666666,1.3333333333333333
1377511971,1,2399.999729,449.5999492326667,18.733333333333334,524288.0,159381.06666666668,0.7333333333333333,295.9333333333333,127.66666666666667,1.8666666666666667
1377512271,1,2399.999729,414.3999532073333,17.266666666666666,524288.0,138060.8,2.1333333333333333,271.66666666666663,102.93333333333334,1.3333333333333333
1377512571,1,2399.999729,422.399952304,17.6,524288.0,138060.8,0.6666666666666667,276.66666666666663,105.26666666666667,1.4
1377512871,1,2399.999729,422.399952304,17.6,524288.0,134215.46666666667,0.2,267.4666666666667,99.86666666666666,1.2
1377513171,1,2399.999729,422.399952304,17.6,524288.0,128274.66666666667,0.13333333333333333,275.26666666666665,108.66666666666667,1.6
1377513471,1,2399.999729,455.99994851,19.0,524288.0,125478.13333333333,0.4,284.8,112.66666666666667,1.4
1377513771,1,2399.999729,447.99994941333335,18.666666666666668,524288.0,124079.46666666666,0.2,278.53333333333336,109.86666666666666,1.5333333333333334
1377514071,1,2399.999729,438.39995049733335,18.266666666666666,524288.0,134565.06666666668,0.0,273.8666666666667,103.73333333333333,1.6
1377514371,1,2399.999729,513.599942006,21.4,524288.0,142254.66666666666,0.26666666666666666,274.73333333333335,108.0,1.5333333333333334
1377514671,1,2399.999729,425.59995194266673,17.733333333333334,524288.0,121632.8,0.0,269.4,103.33333333333333,1.4
1377514971,1,2399.999729,523.199940922,21.8,524288.0,172662.93333333332,152.13333333333333,328.1333333333333,137.2,2.533333333333333
1377515271,1,2399.999729,617.5999302626667,25.733333333333334,524288.0,204470.4,1.4,316.73333333333335,134.86666666666667,3.3333333333333335
1377515571,1,2399.999729,492.7999443546667,20.533333333333335,524288.0,147848.0,0.13333333333333333,284.93333333333334,116.26666666666667,2.6
1377515871,1,2399.999729,476.79994616133337,19.866666666666667,524288.0,137012.53333333333,2.2,286.6,111.06666666666666,1.5333333333333334
1377516171,1,2399.999729,470.3999468840001,19.6,524288.0,158682.66666666666,12.4,293.79999999999995,120.53333333333333,1.5333333333333334
1377516471,1,2399.999729,430.3999514006667,17.933333333333334,524288.0,139808.8,0.3333333333333333,281.0,113.66666666666667,1.8666666666666667
1377516771,1,2399.999729,483.1999454386667,20.133333333333333,524288.0,148197.33333333334,0.0,292.73333333333335,115.0,2.2666666666666666
1377517071,1,2399.999729,588.7999335146667,24.533333333333335,524288.0,149245.06666666668,0.13333333333333333,295.4,114.73333333333333,2.066666666666667
1377517371,1,2399.999729,511.9999421866667,21.333333333333336,524288.0,134915.46666666667,0.06666666666666667,296.4666666666667,126.2,1.8
1377517671,1,2399.999729,537.599939296,22.4,524288.0,137012.26666666666,0.06666666666666667,273.8666666666667,104.73333333333333,1.6666666666666667
1377517971,1,2399.999729,527.99994038,22.0,524288.0,148896.0,0.13333333333333333,287.33333333333337,110.4,1.8
1377518271,1,2399.999729,470.3999468840001,19.6,524288.0,147148.53333333333,0.26666666666666666,274.26666666666665,101.66666666666667,1.7333333333333334
1377518571,1,2399.999729,519.9999412833333,21.666666666666664,524288.0,200975.73333333334,151.6,316.8,126.13333333333334,2.066666666666667
1377518871,1,2399.999729,454.3999486906667,18.933333333333334,524288.0,211111.2,1.5333333333333332,279.26666666666665,101.93333333333334,1.6
1377519172,1,2399.999729,433.5999510393333,18.066666666666666,524288.0,157284.0,0.26666666666666666,278.66666666666663,105.6,2.0
1377519472,1,2399.999729,435.1999508586667,18.133333333333333,524288.0,130022.4,1.8666666666666667,284.73333333333335,106.46666666666667,1.4
1377519772,1,2399.999729,452.7999488713334,18.866666666666667,524288.0,158333.6,0.6666666666666666,282.93333333333334,108.86666666666666,1.6
1377520072,1,2399.999729,479.9999458,20.0,524288.0,141556.0,0.26666666666666666,283.06666666666666,106.13333333333334,1.4666666666666666
1377520372,1,2399.999729,478.39994598066664,19.933333333333334,524288.0,148895.2,0.06666666666666667,283.6666666666667,112.4,1.5333333333333334
1377520672,1,2399.999729,481.59994561933337,20.066666666666666,524288.0,138411.2,0.06666666666666667,291.20000000000005,112.26666666666667,1.6
1377520972,1,2399.999729,460.79994796799997,19.2,524288.0,137711.2,0.13333333333333333,286.6,110.73333333333333,1.6666666666666667
1377521272,1,2399.999729,476.79994616133337,19.866666666666667,524288.0,139459.46666666667,0.06666666666666667,283.26666666666665,112.13333333333334,1.4666666666666666
1377521572,1,2399.999729,463.9999476066667,19.333333333333332,524288.0,130021.33333333333,0.3333333333333333,285.1333333333333,110.13333333333334,1.6
1377521872,1,2399.999729,513.599942006,21.4,524288.0,136312.53333333333,0.13333333333333333,267.4666666666667,104.0,1.3333333333333333
1377522172,1,2399.999729,566.399936044,23.6,524288.0,196081.86666666667,168.53333333333333,313.5333333333333,126.46666666666667,1.9333333333333333
1377522472,1,2399.999729,500.7999434513333,20.866666666666664,524288.0,236976.26666666666,1.4,287.5333333333333,114.2,1.5333333333333334
1377522771,1,2399.999729,574.3999351406667,23.933333333333334,524288.0,166371.73333333334,0.2,309.8666666666667,141.46666666666667,1.8
1377523071,1,2399.999729,574.3999351406667,23.933333333333334,524288.0,155886.66666666666,2.2666666666666666,306.79999999999995,113.53333333333333,2.2
1377523371,1,2399.999729,964.7998910580001,40.2,524288.0,177907.2,0.6666666666666667,419.0,250.13333333333333,2.6666666666666665
1377523671,1,2399.999729,772.7999127380001,32.2,524288.0,197479.46666666667,0.13333333333333333,378.3333333333333,213.8,1.2666666666666666
1377523971,1,2399.999729,860.7999028013334,35.86666666666667,524288.0,177905.6,0.33333333333333337,396.1333333333333,243.13333333333333,1.6666666666666667
1377524271,1,2399.999729,875.1999011753334,36.46666666666667,524288.0,167769.6,0.3333333333333333,400.6,238.26666666666668,1.5333333333333334
1377524571,1,2399.999729,657.5999257459999,27.4,524288.0,177207.2,0.6666666666666666,336.6,175.13333333333333,1.4666666666666666
1377524871,1,2399.999729,436.799950678,18.2,524288.0,149594.4,0.26666666666666666,277.8666666666667,104.26666666666667,1.4
1377525171,1,2399.999729,483.1999454386667,20.133333333333333,524288.0,149944.8,33.06666666666666,293.53333333333336,120.93333333333334,1.6
1377525471,1,2399.999729,436.799950678,18.2,524288.0,159731.46666666667,0.0,273.4,104.86666666666666,1.4
1377525771,1,2399.999729,563.1999364053333,23.466666666666665,524288.0,178954.66666666666,250.53333333333333,337.26666666666665,149.53333333333333,2.4
1377526071,1,2399.999729,619.199930082,25.8,524288.0,214956.53333333333,8.533333333333333,324.0,139.0,1.8666666666666667
1377526371,1,2399.999729,494.39994417400004,20.6,524288.0,165673.33333333334,0.4666666666666667,307.9333333333333,131.2,2.066666666666667
1377526671,1,2399.999729,507.19994272866677,21.133333333333336,524288.0,142953.33333333334,4.2,328.73333333333335,151.6,1.2666666666666666
1377526971,1,2399.999729,495.9999439933333,20.666666666666664,524288.0,160430.4,26.666666666666668,311.73333333333335,133.8,1.7333333333333334
1377527271,1,2399.999729,494.39994417400004,20.6,524288.0,159031.73333333334,0.26666666666666666,319.4,140.8,1.6
1377527571,1,2399.999729,516.7999416446668,21.533333333333335,524288.0,170566.13333333333,0.26666666666666666,319.73333333333335,146.66666666666666,1.5333333333333334
1377527871,1,2399.999729,478.39994598066664,19.933333333333334,524288.0,151692.0,0.26666666666666666,313.4,131.13333333333333,1.3333333333333333
1377528171,1,2399.999729,497.59994381266665,20.733333333333334,524288.0,156934.93333333332,0.2,324.1333333333333,143.8,1.6666666666666667
1377528472,1,2399.999729,473.5999465226667,19.733333333333334,524288.0,157284.26666666666,0.06666666666666667,323.26666666666665,136.46666666666667,1.3333333333333333
1377528772,1,2399.999729,499.19994363200004,20.8,524288.0,155536.8,15.533333333333335,318.53333333333336,143.86666666666667,1.5333333333333334
1377529072,1,2399.999729,476.79994616133337,19.866666666666667,524288.0,156235.46666666667,0.26666666666666666,309.26666666666665,132.66666666666666,1.2
1377529372,1,2399.999729,687.9999223133334,28.666666666666664,524288.0,190489.6,201.06666666666666,414.8666666666667,222.0,1.9333333333333333
1377529672,1,2399.999729,587.1999336953334,24.466666666666665,524288.0,227188.8,8.799999999999999,333.66666666666663,150.4,1.6666666666666667
1377529972,1,2399.999729,734.3999170740001,30.6,524288.0,168120.26666666666,1.2666666666666666,397.26666666666665,225.73333333333332,1.6
1377530272,1,2399.999729,486.3999450773333,20.266666666666666,524288.0,166371.2,2.5333333333333337,328.79999999999995,146.93333333333334,1.4666666666666666
1377530572,1,2399.999729,831.9999060533332,34.666666666666664,524288.0,178256.0,15.733333333333333,403.5333333333333,229.73333333333332,1.4666666666666666
1377530872,1,2399.999729,590.3999333340001,24.6,524288.0,163576.0,0.26666666666666666,331.8666666666667,158.33333333333334,1.2
1377531172,1,2399.999729,537.599939296,22.4,524288.0,161478.4,0.5333333333333333,295.06666666666666,119.46666666666667,1.5333333333333334
1377531472,1,2399.999729,579.1999345986667,24.133333333333336,524288.0,160430.13333333333,0.6,299.4,125.8,1.4
1377531772,1,2399.999729,566.399936044,23.6,524288.0,168819.2,0.4,284.8666666666667,115.06666666666666,1.4666666666666666
1377532072,1,2399.999729,470.3999468840001,19.6,524288.0,155537.06666666668,0.2,265.06666666666666,97.26666666666667,1.3333333333333333
1377532372,1,2399.999729,507.19994272866677,21.133333333333336,524288.0,170565.86666666667,1.0,280.2,101.2,1.4666666666666666
1377532672,1,2399.999729,492.7999443546667,20.533333333333335,524288.0,177557.06666666668,0.06666666666666667,270.06666666666666,101.0,1.3333333333333333
1377532972,1,2399.999729,556.799937128,23.2,524288.0,172663.46666666667,7.0,305.4,125.0,1.6666666666666667
1377533272,1,2399.999729,510.3999423673333,21.266666666666666,524288.0,152390.13333333333,0.7999999999999999,265.53333333333336,98.6,1.6666666666666667
1377533572,1,2399.999729,515.1999418253333,21.466666666666665,524288.0,150993.06666666668,0.06666666666666667,269.4666666666667,104.06666666666666,1.6
1377533872,1,2399.999729,516.7999416446668,21.533333333333335,524288.0,160779.2,9.0,284.73333333333335,108.6,1.4666666666666666
1377534172,1,2399.999729,534.3999396573333,22.266666666666666,524288.0,185246.66666666666,365.4666666666667,292.20000000000005,104.66666666666667,1.3333333333333333
1377534472,1,2399.999729,508.79994254800005,21.2,524288.0,245714.66666666666,380.73333333333335,299.93333333333334,101.2,2.2
1377534772,1,2399.999729,527.99994038,22.0,524288.0,212859.73333333334,1.4,280.6,114.46666666666667,1.8666666666666667
1377535072,1,2399.999729,1342.3998484206666,55.93333333333333,524288.0,204469.6,0.39999999999999997,788.4666666666667,676.7333333333333,4.2
1377535372,1,2399.999729,1259.1998578153334,52.46666666666667,524288.0,291153.3333333333,1.2,700.2666666666667,574.5333333333333,3.2666666666666666
1377535672,1,2399.999729,852.7999037046667,35.53333333333333,524288.0,247461.06666666668,0.6,444.4666666666667,293.06666666666666,2.2
1377535972,1,2399.999729,492.7999443546667,20.533333333333335,524288.0,211811.46666666667,31.26666666666667,277.26666666666665,99.93333333333334,1.5333333333333334
1377536272,1,2399.999729,463.9999476066667,19.333333333333332,524288.0,184197.6,0.4666666666666667,275.4,103.6,1.4666666666666666
1377536572,1,2399.999729,527.99994038,22.0,524288.0,168469.33333333334,10.866666666666665,305.8666666666667,130.33333333333334,1.8666666666666667
1377536872,1,2399.999729,470.3999468840001,19.6,524288.0,171964.26666666666,7.8,264.26666666666665,99.2,1.7333333333333334
1377537172,1,2399.999729,535.9999394766668,22.333333333333336,524288.0,155536.53333333333,0.39999999999999997,263.3333333333333,101.93333333333334,1.6666666666666667
1377537472,1,2399.999729,460.79994796799997,19.2,524288.0,147497.33333333334,2.466666666666667,267.93333333333334,104.53333333333333,1.2666666666666666
1377537772,1,2399.999729,406.39995411066667,16.933333333333334,524288.0,136313.6,12.333333333333332,268.8666666666667,103.8,1.6
1377538072,1,2399.999729,380.7999570013334,15.866666666666667,524288.0,117787.73333333334,0.2,262.5333333333333,99.73333333333333,1.4666666666666666
1377538372,1,2399.999729,398.39995501400006,16.6,524288.0,140507.2,0.2,276.06666666666666,112.2,1.4666666666666666
1377538672,1,2399.999729,393.599955556,16.4,524288.0,147847.2,0.2,267.2,101.93333333333334,1.4666666666666666
1377538972,1,2399.999729,372.79995790466666,15.533333333333333,524288.0,129672.53333333334,0.13333333333333333,262.46666666666664,97.46666666666667,1.4
1377539272,1,2399.999729,371.1999580853333,15.466666666666667,524288.0,142604.8,0.06666666666666667,258.6,95.13333333333334,1.4
1377539572,1,2399.999729,415.9999530266666,17.333333333333332,524288.0,125129.06666666667,0.8,274.93333333333334,102.8,1.6
1377539873,1,2399.999729,412.799953388,17.2,524288.0,125128.26666666666,0.13333333333333333,270.20000000000005,101.13333333333334,1.4666666666666666
1377540173,1,2399.999729,443.1999499553334,18.46666666666667,524288.0,125476.8,6.4,306.5333333333333,123.6,2.0
1377540473,1,2399.999729,367.99995844666665,15.333333333333332,524288.0,147497.86666666667,0.7333333333333333,268.0,95.66666666666667,1.6666666666666667
1377540773,1,2399.999729,398.39995501400006,16.6,524288.0,132468.8,0.06666666666666667,269.73333333333335,98.66666666666667,1.7333333333333334
1377541073,1,2399.999729,366.3999586273334,15.266666666666667,524288.0,132118.4,2.066666666666667,271.1333333333333,98.13333333333334,1.4
1377541373,1,2399.999729,377.59995736266666,15.733333333333333,524288.0,131420.0,0.13333333333333333,270.1333333333333,98.6,1.4
1377541673,1,2399.999729,380.7999570013334,15.866666666666667,524288.0,118836.0,0.0,264.8,95.26666666666667,1.2666666666666666
1377541973,1,2399.999729,383.99995664,16.0,524288.0,144002.13333333333,0.06666666666666667,270.06666666666666,105.13333333333334,1.4666666666666666
1377542273,1,2399.999729,383.99995664,16.0,524288.0,142954.13333333333,0.2,266.20000000000005,100.46666666666667,1.3333333333333333
1377542573,1,2399.999729,364.799958808,15.2,524288.0,122332.8,0.13333333333333333,263.33333333333337,98.66666666666667,1.4
1377542873,1,2399.999729,412.799953388,17.2,524288.0,131418.93333333332,0.0,257.0666666666667,98.0,1.4
1377543173,1,2399.999729,547.199938212,22.8,524288.0,129671.46666666666,0.6666666666666667,290.8666666666667,124.46666666666667,1.3333333333333333
1377543473,1,2399.999729,396.7999551946666,16.53333333333333,524288.0,116040.8,0.06666666666666667,261.4666666666667,97.8,1.2666666666666666
1377543773,1,2399.999729,444.7999497746667,18.53333333333333,524288.0,135963.73333333334,182.4,293.26666666666665,118.93333333333334,1.8666666666666667
1377544073,1,2399.999729,433.5999510393333,18.066666666666666,524288.0,226840.53333333333,81.26666666666668,285.8666666666667,108.6,1.6666666666666667
1377544373,1,2399.999729,404.79995429133334,16.866666666666667,524288.0,154139.2,0.26666666666666666,267.33333333333337,100.26666666666667,1.8666666666666667
1377544673,1,2399.999729,409.59995374933334,17.066666666666666,524288.0,133167.2,3.9333333333333336,271.93333333333334,97.8,1.3333333333333333
1377544973,1,2399.999729,393.599955556,16.4,524288.0,125827.2,0.8,270.26666666666665,99.46666666666667,1.3333333333333333
1377545273,1,2399.999729,388.79995609799994,16.2,524288.0,141555.2,0.13333333333333333,261.66666666666663,96.06666666666666,1.5333333333333334
1377545573,1,2399.999729,396.7999551946666,16.53333333333333,524288.0,135265.86666666667,0.0,265.1333333333333,98.93333333333334,1.2666666666666666
1377545873,1,2399.999729,387.19995627866666,16.133333333333333,524288.0,142604.53333333333,0.2,264.4,98.46666666666667,1.2666666666666666
1377546173,1,2399.999729,406.39995411066667,16.933333333333334,524288.0,135964.8,0.2,262.5333333333333,96.53333333333333,1.5333333333333334
1377546473,1,2399.999729,391.99995573666666,16.333333333333332,524288.0,132818.13333333333,0.13333333333333333,250.93333333333334,96.0,1.5333333333333334
1377546773,1,2399.999729,444.7999497746667,18.53333333333333,524288.0,128273.6,0.2,257.93333333333334,95.66666666666667,1.4
1377547073,1,2399.999729,505.5999429093333,21.066666666666666,524288.0,131769.86666666667,0.06666666666666667,258.1333333333333,96.66666666666667,1.3333333333333333
1377547373,1,2399.999729,523.199940922,21.8,524288.0,129672.0,7.6000000000000005,291.73333333333335,121.66666666666667,1.8666666666666667
1377547673,1,2399.999729,484.799945258,20.2,524288.0,151342.66666666666,0.4666666666666667,263.93333333333334,96.86666666666666,1.3333333333333333
1377547973,1,2399.999729,503.99994309,21.0,524288.0,154138.4,0.8,259.20000000000005,99.4,1.7333333333333334
1377548273,1,2399.999729,457.59994832933336,19.066666666666666,524288.0,159032.0,3.7333333333333334,269.0,105.06666666666666,1.2666666666666666
1377548573,1,2399.999729,447.99994941333335,18.666666666666668,524288.0,157634.13333333333,12.0,273.8,108.46666666666667,1.4666666666666666
1377548873,1,2399.999729,427.19995176200007,17.8,524288.0,146450.13333333333,0.06666666666666667,273.4666666666667,106.53333333333333,1.3333333333333333
1377549173,1,2399.999729,412.799953388,17.2,524288.0,133867.2,0.13333333333333333,272.06666666666666,109.06666666666666,1.3333333333333333
1377549473,1,2399.999729,417.599952846,17.4,524288.0,150293.06666666668,0.13333333333333333,274.33333333333337,108.4,1.2666666666666666
1377549774,1,2399.999729,407.99995393000006,17.0,524288.0,142604.8,0.06666666666666667,270.5333333333333,107.26666666666667,1.2666666666666666
1377550074,1,2399.999729,463.9999476066667,19.333333333333332,524288.0,130022.4,0.06666666666666667,267.6,105.06666666666666,1.1333333333333333
1377550374,1,2399.999729,494.39994417400004,20.6,524288.0,136312.8,0.2,276.0,106.8,1.4666666666666666
1377550674,1,2399.999729,537.599939296,22.4,524288.0,131070.4,0.2,270.4666666666667,106.0,1.3333333333333333
1377550974,1,2399.999729,486.3999450773333,20.266666666666666,524288.0,158333.33333333334,6.933333333333334,291.20000000000005,119.93333333333334,1.7333333333333334
1377551274,1,2399.999729,383.99995664,16.0,524288.0,172314.13333333333,7.6000000000000005,259.4666666666667,93.6,1.2666666666666666
1377551574,1,2399.999729,403.199954472,16.8,524288.0,140856.8,0.06666666666666667,265.53333333333336,99.6,1.7333333333333334
1377551874,1,2399.999729,374.399957724,15.6,524288.0,125477.6,2.066666666666667,263.73333333333335,97.33333333333333,1.2666666666666666
1377552174,1,2399.999729,388.79995609799994,16.2,524288.0,116738.93333333333,0.39999999999999997,267.26666666666665,98.13333333333334,1.2666666666666666
1377552474,1,2399.999729,383.99995664,16.0,524288.0,126526.4,0.06666666666666667,265.0,99.46666666666667,1.2
1377552774,1,2399.999729,423.99995212333334,17.666666666666668,524288.0,127574.13333333333,0.2,280.3333333333333,114.0,1.4
1377553074,1,2399.999729,396.7999551946666,16.53333333333333,524288.0,136313.33333333334,0.33333333333333337,264.4,96.86666666666666,1.2666666666666666
1377553374,1,2399.999729,374.399957724,15.6,524288.0,146449.33333333334,0.2,263.53333333333336,96.33333333333333,1.2666666666666666
1377553674,1,2399.999729,367.99995844666665,15.333333333333332,524288.0,120584.26666666666,0.0,262.79999999999995,95.73333333333333,1.2666666666666666
1377553974,1,2399.999729,387.19995627866666,16.133333333333333,524288.0,131420.26666666666,0.2,269.93333333333334,97.93333333333334,1.4
1377554274,1,2399.999729,395.1999553753334,16.46666666666667,524288.0,133866.66666666666,0.06666666666666667,258.4,98.46666666666667,1.2666666666666666
1377554574,1,2399.999729,478.39994598066664,19.933333333333334,524288.0,162527.2,13.6,327.6,157.93333333333334,1.7333333333333334
1377554874,1,2399.999729,398.39995501400006,16.6,524288.0,177206.66666666666,1.4,286.79999999999995,100.86666666666666,1.3333333333333333
1377555174,1,2399.999729,393.599955556,16.4,524288.0,143653.06666666668,0.13333333333333333,269.2,99.13333333333334,1.6666666666666667
1377555474,1,2399.999729,391.99995573666666,16.333333333333332,524288.0,140857.06666666668,3.6666666666666665,276.33333333333337,99.26666666666667,1.2666666666666666
1377555774,1,2399.999729,420.7999524846666,17.53333333333333,524288.0,128624.0,0.26666666666666666,282.1333333333333,99.53333333333333,1.2666666666666666
1377556074,1,2399.999729,374.399957724,15.6,524288.0,136312.0,0.0,277.1333333333333,98.93333333333334,1.1333333333333333
1377556374,1,2399.999729,431.99995122,18.0,524288.0,114293.6,0.0,296.06666666666666,115.86666666666666,1.2
1377556674,1,2399.999729,444.7999497746667,18.53333333333333,524288.0,149944.8,0.0,294.93333333333334,118.13333333333334,1.2
1377556974,1,2399.999729,374.399957724,15.6,524288.0,135265.6,0.0,269.66666666666663,97.2,1.1333333333333333
1377557274,1,2399.999729,383.99995664,16.0,524288.0,122682.4,0.0,270.93333333333334,91.73333333333333,1.2
1377557574,1,2399.999729,383.99995664,16.0,524288.0,113244.8,0.3333333333333333,282.20000000000005,98.66666666666667,1.3333333333333333
1377557874,1,2399.999729,374.399957724,15.6,524288.0,119536.0,0.0,271.4666666666667,96.4,1.0666666666666667
1377558174,1,2399.999729,494.39994417400004,20.6,524288.0,155886.66666666666,503.80000000000007,384.2,134.06666666666666,1.6666666666666667
1377558474,1,2399.999729,521.5999411026667,21.733333333333334,524288.0,309677.3333333333,887.4000000000001,464.2,119.26666666666667,1.1333333333333333
1377558774,1,2399.999729,527.99994038,22.0,524288.0,365251.73333333334,1200.2,488.53333333333336,107.8,1.5333333333333334
1377559074,1,2399.999729,855.9999033433332,35.666666666666664,524288.0,386922.13333333336,1283.0,397.46666666666664,101.66666666666667,1.2
1377559374,1,2399.999729,2399.999729,100.0,524288.0,377835.4666666667,2005.6,321.2,99.06666666666666,1.2
1377559674,1,2399.999729,2302.3997400206667,95.93333333333334,524288.0,327153.86666666664,1752.1333333333332,315.06666666666666,98.66666666666667,1.2666666666666666
1377559974,1,2399.999729,2239.9997470666667,93.33333333333334,524288.0,303037.06666666665,1957.7333333333333,330.20000000000005,104.46666666666667,1.3333333333333333
1377560274,1,2399.999729,2316.7997383946667,96.53333333333335,524288.0,385525.3333333333,1971.6666666666667,334.5333333333333,98.33333333333333,1.0666666666666667
1377560574,1,2399.999729,2337.5997360460005,97.4,524288.0,330998.13333333336,1125.6666666666667,288.8666666666667,98.2,1.2
1377560874,1,2399.999729,2462.399721954,102.6,524288.0,372942.13333333336,1142.6666666666667,278.26666666666665,95.86666666666666,1.2
1377561174,1,2399.999729,2455.9997226766673,102.33333333333334,524288.0,391467.4666666667,1183.2666666666664,280.6,97.4,1.2
1377561474,1,2399.999729,2499.199717798667,104.13333333333334,524288.0,383078.13333333336,1167.4,282.2,95.73333333333333,1.0666666666666667
1377561774,1,2399.999729,2446.399723760667,101.93333333333334,524288.0,364552.5333333333,1110.2666666666667,344.26666666666665,144.66666666666666,1.6666666666666667
1377562074,1,2399.999729,2371.199732252,98.8,524288.0,376786.6666666667,1247.1333333333334,312.2,108.46666666666667,1.2
1377562374,1,2399.999729,2275.199743092,94.8,524288.0,300939.4666666667,1924.6666666666667,355.4,97.86666666666666,1.4666666666666666
1377562674,1,2399.999729,2337.5997360460005,97.4,524288.0,257599.2,1907.4666666666667,329.66666666666663,98.06666666666666,1.0
1377562974,1,2399.999729,2364.7997329746668,98.53333333333335,524288.0,348125.6,1901.0000000000002,320.4,99.0,1.2
1377563274,1,2399.999729,2303.99973984,96.0,524288.0,357563.2,2584.2,401.1333333333333,93.8,1.1333333333333333
1377563574,1,2399.999729,2259.199744898667,94.13333333333334,524288.0,394263.2,2483.666666666667,405.06666666666666,97.93333333333334,1.2
1377563874,1,2399.999729,2415.999727193333,100.66666666666666,524288.0,416282.4,2534.733333333333,394.53333333333336,95.46666666666667,1.2
1377564174,1,2399.999729,2315.199738575333,96.46666666666665,524288.0,427817.6,2415.266666666667,385.66666666666663,94.26666666666667,1.0666666666666667
1377564474,1,2399.999729,851.1999038853335,35.46666666666667,524288.0,360708.0,369.8,287.1333333333333,94.26666666666667,1.0666666666666667
1377564774,1,2399.999729,313.5999645893334,13.066666666666668,524288.0,204470.4,33.86666666666667,277.5333333333333,95.4,1.0666666666666667
1377565074,1,2399.999729,313.5999645893334,13.066666666666668,524288.0,149245.6,0.4,271.93333333333334,95.06666666666666,1.2
1377565374,1,2399.999729,339.19996169866664,14.133333333333333,524288.0,129322.4,10.133333333333333,304.73333333333335,117.53333333333333,1.6666666666666667
1377565674,1,2399.999729,326.39996314399997,13.6,524288.0,146448.8,0.39999999999999997,287.26666666666665,107.8,1.1333333333333333
1377565974,1,2399.999729,329.5999627826667,13.733333333333333,524288.0,145750.66666666666,0.6666666666666666,281.93333333333334,102.4,1.3333333333333333
1377566274,1,2399.999729,324.7999633246667,13.533333333333333,524288.0,127574.66666666667,2.9333333333333336,281.1333333333333,97.46666666666667,1.1333333333333333
1377566574,1,2399.999729,323.19996350533336,13.466666666666667,524288.0,120585.33333333333,0.0,274.1333333333333,95.46666666666667,1.1333333333333333
1377566874,1,2399.999729,308.79996513133335,12.866666666666667,524288.0,114991.46666666666,0.0,265.6,94.2,1.2
1377567175,1,2399.999729,318.39996404733336,13.266666666666667,524288.0,119536.0,0.0,275.1333333333333,97.53333333333333,1.3333333333333333
1377567475,1,2399.999729,321.599963686,13.4,524288.0,110098.66666666667,0.0,274.3333333333333,98.33333333333333,1.2
1377567775,1,2399.999729,319.99996386666663,13.333333333333332,524288.0,112195.46666666666,0.2,275.93333333333334,96.53333333333333,1.4
1377568075,1,2399.999729,343.9999611566667,14.333333333333332,524288.0,251656.53333333333,933.0,308.4666666666667,94.0,1.1333333333333333
1377568375,1,2399.999729,335.99996206000003,14.0,524288.0,206218.66666666666,14.466666666666667,285.3333333333333,98.13333333333334,1.3333333333333333
1377568675,1,2399.999729,321.599963686,13.4,524288.0,142954.13333333333,0.13333333333333333,275.06666666666666,96.93333333333334,1.2
1377568975,1,2399.999729,444.7999497746667,18.53333333333333,524288.0,145051.2,535.7333333333333,311.4,120.73333333333333,1.8666666666666667
1377569275,1,2399.999729,499.19994363200004,20.8,524288.0,264588.8,1.0,290.0,100.66666666666667,1.3333333333333333
1377569575,1,2399.999729,505.5999429093333,21.066666666666666,524288.0,217403.2,839.4666666666667,455.26666666666665,108.86666666666666,1.8666666666666667
1377569875,1,2399.999729,441.59995013599996,18.4,524288.0,340436.8,19.8,286.8,98.33333333333333,1.2666666666666666
1377570175,1,2399.999729,433.5999510393333,18.066666666666666,524288.0,223344.8,29.333333333333336,300.26666666666665,101.33333333333333,1.2
1377570475,1,2399.999729,412.799953388,17.2,524288.0,205518.4,0.2,285.33333333333337,98.66666666666667,1.0
1377570775,1,2399.999729,446.3999495940001,18.6,524288.0,191886.4,0.4,290.6,99.46666666666667,1.2
1377571075,1,2399.999729,388.79995609799994,16.2,524288.0,171965.6,0.06666666666666667,282.1333333333333,99.66666666666667,1.0
1377571375,1,2399.999729,353.59996007266665,14.733333333333333,524288.0,176160.0,0.13333333333333333,271.93333333333334,95.73333333333333,1.1333333333333333
1377571675,1,2399.999729,371.1999580853333,15.466666666666667,524288.0,162527.2,0.0,272.5333333333333,93.53333333333333,0.8
1377571975,1,2399.999729,385.5999564593333,16.066666666666666,524288.0,164624.0,0.6666666666666666,278.6,96.46666666666667,1.1333333333333333
1377572275,1,2399.999729,347.1999607953333,14.466666666666667,524288.0,152041.6,0.2,270.73333333333335,93.33333333333333,1.1333333333333333
1377572575,1,2399.999729,409.59995374933334,17.066666666666666,524288.0,137712.26666666666,16.466666666666665,307.6,115.53333333333333,1.6666666666666667
1377572875,1,2399.999729,379.19995718200005,15.8,524288.0,159381.33333333334,0.0,278.0,95.06666666666666,1.2
1377573175,1,2399.999729,371.1999580853333,15.466666666666667,524288.0,148895.73333333334,0.0,275.6666666666667,98.0,1.3333333333333333
1377573475,1,2399.999729,375.9999575433334,15.666666666666668,524288.0,154139.46666666667,1.8,274.1333333333333,97.46666666666667,1.0666666666666667
1377573776,1,2399.999729,395.1999553753334,16.46666666666667,524288.0,150643.2,0.13333333333333333,285.73333333333335,99.4,1.0666666666666667
1377574076,1,2399.999729,356.7999597113334,14.866666666666667,524288.0,130720.53333333334,0.0,268.4,92.66666666666667,0.9333333333333333
1377574376,1,2399.999729,388.79995609799994,16.2,524288.0,139110.4,0.0,266.0,97.66666666666667,1.0666666666666667
1377574676,1,2399.999729,399.9999548333334,16.666666666666668,524288.0,139460.0,0.13333333333333333,259.3333333333333,94.6,0.9333333333333333
1377574976,1,2399.999729,372.79995790466666,15.533333333333333,524288.0,131770.4,0.0,262.0,94.73333333333333,1.0666666666666667
1377575276,1,2399.999729,379.19995718200005,15.8,524288.0,138061.33333333334,0.0,255.93333333333334,91.53333333333333,1.0
1377575576,1,2399.999729,396.7999551946666,16.53333333333333,524288.0,155187.46666666667,0.26666666666666666,271.26666666666665,96.8,1.0
1377575876,1,2399.999729,364.799958808,15.2,524288.0,137362.66666666666,0.0,261.1333333333333,93.73333333333333,1.0666666666666667
1377576176,1,2399.999729,444.7999497746667,18.53333333333333,524288.0,151342.13333333333,6.133333333333333,311.0,126.4,1.4666666666666666
1377576476,1,2399.999729,452.7999488713334,18.866666666666667,524288.0,181052.0,7.866666666666666,293.1333333333333,114.6,1.1333333333333333
1377576776,1,2399.999729,561.599936586,23.4,524288.0,156585.33333333334,0.26666666666666666,314.4666666666667,135.06666666666666,1.4666666666666666
1377577076,1,2399.999729,390.39995591733333,16.266666666666666,524288.0,163576.0,3.8666666666666667,269.93333333333334,97.2,1.0
1377577376,1,2399.999729,390.39995591733333,16.266666666666666,524288.0,130372.0,0.4,279.93333333333334,99.13333333333334,1.0666666666666667
1377577676,1,2399.999729,391.99995573666666,16.333333333333332,524288.0,132118.4,0.0,263.06666666666666,93.06666666666666,1.0
1377577976,1,2399.999729,375.9999575433334,15.666666666666668,524288.0,120584.8,0.2,275.3333333333333,97.53333333333333,1.1333333333333333
1377578276,1,2399.999729,375.9999575433334,15.666666666666668,524288.0,122681.6,0.06666666666666667,273.20000000000005,97.53333333333333,1.2
1377578576,1,2399.999729,375.9999575433334,15.666666666666668,524288.0,124078.66666666667,0.0,272.33333333333337,95.8,1.0666666666666667
1377578876,1,2399.999729,355.19995989200004,14.8,524288.0,128972.26666666666,0.0,263.33333333333337,91.53333333333333,0.8666666666666667
1377579176,1,2399.999729,382.3999568206666,15.933333333333332,524288.0,121633.33333333333,0.5333333333333333,275.73333333333335,96.26666666666667,1.1333333333333333
1377579476,1,2399.999729,391.99995573666666,16.333333333333332,524288.0,127925.06666666667,0.06666666666666667,265.3333333333333,93.86666666666666,1.0666666666666667
1377579776,1,2399.999729,414.3999532073333,17.266666666666666,524288.0,156235.46666666667,9.533333333333333,294.6,117.06666666666666,1.5333333333333334
1377580076,1,2399.999729,382.3999568206666,15.933333333333332,524288.0,175458.66666666666,2.5333333333333337,259.73333333333335,93.73333333333333,1.2
1377580376,1,2399.999729,383.99995664,16.0,524288.0,130021.86666666667,0.0,265.6,98.66666666666667,1.4666666666666666
1377580676,1,2399.999729,380.7999570013334,15.866666666666667,524288.0,137361.6,3.466666666666667,265.79999999999995,96.26666666666667,1.1333333333333333
1377580976,1,2399.999729,415.9999530266666,17.333333333333332,524288.0,153439.73333333334,12.066666666666666,272.6666666666667,98.86666666666666,1.0666666666666667
1377581276,1,2399.999729,398.39995501400006,16.6,524288.0,171614.66666666666,0.06666666666666667,269.8666666666667,104.2,1.0
1377581576,1,2399.999729,401.5999546526667,16.733333333333334,524288.0,156934.93333333332,0.2,262.26666666666665,98.33333333333333,1.2
1377581876,1,2399.999729,497.59994381266665,20.733333333333334,524288.0,152041.86666666667,0.0,270.6666666666667,99.93333333333334,1.0666666666666667
1377582176,1,2399.999729,451.199949052,18.8,524288.0,145400.53333333333,0.0,268.73333333333335,98.33333333333333,1.1333333333333333
1377582476,1,2399.999729,415.9999530266666,17.333333333333332,524288.0,146798.4,0.0,264.79999999999995,93.6,1.2
1377582776,1,2399.999729,451.199949052,18.8,524288.0,148894.66666666666,0.4666666666666667,270.5333333333333,95.93333333333334,1.1333333333333333
1377583077,1,2399.999729,443.1999499553334,18.46666666666667,524288.0,144702.13333333333,0.0,263.73333333333335,95.0,1.1333333333333333
1377583377,1,2399.999729,577.5999347793334,24.066666666666666,524288.0,131071.2,7.2,299.1333333333333,120.06666666666666,1.6666666666666667
1377583677,1,2399.999729,473.5999465226667,19.733333333333334,524288.0,158332.8,8.0,269.93333333333334,94.93333333333334,1.2666666666666666
1377583977,1,2399.999729,486.3999450773333,20.266666666666666,524288.0,162526.4,0.7333333333333333,271.73333333333335,98.13333333333334,1.6
1377584277,1,2399.999729,524.7999407413332,21.866666666666664,524288.0,147497.86666666667,2.066666666666667,275.0,96.06666666666666,1.2
1377584577,1,2399.999729,457.59994832933336,19.066666666666666,524288.0,141906.13333333333,0.4666666666666667,274.93333333333334,98.06666666666666,1.2666666666666666
1377584877,1,2399.999729,455.99994851,19.0,524288.0,152041.6,0.13333333333333333,263.79999999999995,93.4,1.1333333333333333
1377585177,1,2399.999729,430.3999514006667,17.933333333333334,524288.0,154138.66666666666,0.13333333333333333,267.4666666666667,99.13333333333334,1.2666666666666666
1377585477,1,2399.999729,407.99995393000006,17.0,524288.0,152740.53333333333,0.06666666666666667,267.73333333333335,99.4,1.3333333333333333
1377585777,1,2399.999729,433.5999510393333,18.066666666666666,524288.0,143304.0,0.0,267.26666666666665,99.26666666666667,1.4
1377586077,1,2399.999729,452.7999488713334,18.866666666666667,524288.0,127224.53333333334,0.0,267.5333333333333,94.73333333333333,1.3333333333333333
1377586377,1,2399.999729,486.3999450773333,20.266666666666666,524288.0,144001.86666666667,0.8666666666666667,280.0,102.8,1.4666666666666666
1377586677,1,2399.999729,1452.7998359546668,60.53333333333333,524288.0,190489.06666666668,0.13333333333333333,851.7333333333333,722.0,4.0
1377586977,1,2399.999729,1276.799855828,53.2,524288.0,289404.8,252.6,716.1999999999999,541.2666666666667,4.133333333333334
1377587277,1,2399.999729,523.199940922,21.8,524288.0,275774.4,9.4,342.26666666666665,161.53333333333333,1.6666666666666667
1377587577,1,2399.999729,455.99994851,19.0,524288.0,193984.0,0.4,299.4,122.73333333333333,1.9333333333333333
1377587877,1,2399.999729,387.19995627866666,16.133333333333333,524288.0,135264.26666666666,2.6,273.2,99.86666666666666,1.2666666666666666
1377588177,1,2399.999729,407.99995393000006,17.0,524288.0,126525.86666666667,12.933333333333334,275.26666666666665,102.2,1.3333333333333333
1377588477,1,2399.999729,409.59995374933334,17.066666666666666,524288.0,148546.4,0.13333333333333333,267.4,96.2,1.3333333333333333
1377588776,1,2399.999729,395.1999553753334,16.46666666666667,524288.0,138760.26666666666,0.13333333333333333,275.4666666666667,103.2,1.2666666666666666
1377589076,1,2399.999729,401.5999546526667,16.733333333333334,524288.0,143653.86666666667,0.2,279.5333333333333,101.13333333333334,1.2666666666666666
1377589376,1,2399.999729,393.599955556,16.4,524288.0,136313.86666666667,0.2,277.4666666666667,100.86666666666666,1.3333333333333333
1377589676,1,2399.999729,382.3999568206666,15.933333333333332,524288.0,134914.93333333332,0.0,274.06666666666666,98.0,1.2666666666666666
1377589976,1,2399.999729,393.599955556,16.4,524288.0,128972.8,2.2,283.06666666666666,99.8,1.4
1377590277,1,2399.999729,380.7999570013334,15.866666666666667,524288.0,117788.0,0.06666666666666667,272.4666666666667,99.13333333333334,1.2666666666666666
1377590577,1,2399.999729,473.5999465226667,19.733333333333334,524288.0,182800.0,156.66666666666669,314.93333333333334,124.6,2.2
1377590877,1,2399.999729,547.199938212,22.8,524288.0,203072.0,1.8,298.26666666666665,111.66666666666667,2.2
1377591177,1,2399.999729,567.9999358633333,23.666666666666664,524288.0,162177.86666666667,0.06666666666666667,330.8666666666667,155.26666666666668,1.8
1377591477,1,2399.999729,745.5999158093333,31.066666666666666,524288.0,178605.6,3.8,367.6666666666667,184.46666666666667,1.4666666666666666
1377591777,1,2399.999729,996.7998874446666,41.53333333333333,524288.0,207616.53333333333,25.933333333333337,499.4,319.1333333333333,3.466666666666667
1377592077,1,2399.999729,1228.799861248,51.2,524288.0,303036.8,466.8,668.1333333333333,396.73333333333335,8.466666666666667
1377592377,1,2399.999729,1057.5998805793333,44.06666666666667,524288.0,338688.0,1.9333333333333331,564.4666666666667,420.3333333333333,1.6666666666666667
1377592677,1,2399.999729,915.1998966586667,38.13333333333333,524288.0,272277.86666666664,0.6666666666666666,488.4,327.4,1.4
1377592977,1,2399.999729,948.7998928646666,39.53333333333333,524288.0,277870.4,0.7999999999999999,541.5333333333333,391.53333333333336,1.5333333333333334
1377593277,1,2399.999729,863.99990244,36.0,524288.0,274375.4666666667,1.2666666666666666,459.4666666666667,294.6,1.3333333333333333
1377593577,1,2399.999729,943.9998934066668,39.333333333333336,524288.0,229635.73333333334,38.4,495.93333333333334,307.1333333333333,2.3333333333333335
1377593877,1,2399.999729,587.1999336953334,24.466666666666665,524288.0,210062.66666666666,0.06666666666666667,364.1333333333333,176.4,1.6666666666666667
1377594177,1,2399.999729,910.3998972006667,37.93333333333334,524288.0,245364.8,253.73333333333332,496.4,279.06666666666666,1.8666666666666667
1377594477,1,2399.999729,902.399898104,37.6,524288.0,275074.6666666667,9.0,450.1333333333333,270.1333333333333,1.5333333333333334
1377594777,1,2399.999729,900.7998982846667,37.53333333333333,524288.0,233830.4,0.6666666666666666,435.8,261.26666666666665,1.6
1377595077,1,2399.999729,977.5998896126667,40.733333333333334,524288.0,217053.6,4.333333333333333,437.8,256.1333333333333,1.3333333333333333
1377595377,1,2399.999729,652.7999262879999,27.2,524288.0,196780.0,17.066666666666666,488.6,309.46666666666664,1.4666666666666666
1377595677,1,2399.999729,737.5999167126668,30.733333333333334,524288.0,217053.6,0.7333333333333334,371.0666666666666,183.53333333333333,1.6666666666666667
1377595977,1,2399.999729,1020.7998847346666,42.53333333333333,524288.0,214956.0,0.7333333333333334,498.1333333333333,325.06666666666666,1.3333333333333333
1377596277,1,2399.999729,745.5999158093333,31.066666666666666,524288.0,209014.4,0.6666666666666666,390.79999999999995,211.66666666666666,1.3333333333333333
1377596577,1,2399.999729,654.3999261073334,27.266666666666666,524288.0,215654.4,0.7333333333333334,466.26666666666665,304.06666666666666,1.4
1377596877,1,2399.999729,678.3999233973333,28.266666666666666,524288.0,199226.93333333332,0.4,376.93333333333334,198.86666666666667,1.4
1377597177,1,2399.999729,699.1999210486667,29.133333333333336,524288.0,210760.53333333333,20.866666666666667,412.0,234.6,1.2666666666666666
1377597477,1,2399.999729,500.7999434513333,20.866666666666664,524288.0,193284.26666666666,0.26666666666666666,332.33333333333337,155.86666666666667,1.4
1377597777,1,2399.999729,636.7999280946667,26.533333333333335,524288.0,194333.33333333334,248.53333333333333,405.5333333333333,210.13333333333333,1.8666666666666667
1377598077,1,2399.999729,761.5999140026668,31.733333333333334,524288.0,237675.46666666667,8.6,468.2666666666667,296.6,1.4666666666666666
1377598377,1,2399.999729,883.1999002719999,36.8,524288.0,259695.46666666667,0.4666666666666666,476.6,312.06666666666666,1.8666666666666667
1377598677,1,2399.999729,863.99990244,36.0,524288.0,248161.86666666667,4.3999999999999995,484.79999999999995,318.4,1.4666666666666666
1377598977,1,2399.999729,875.1999011753334,36.46666666666667,524288.0,273676.0,15.799999999999999,496.40000000000003,322.6,1.6
1377599277,1,2399.999729,862.3999026206668,35.93333333333334,524288.0,267385.3333333333,0.4,461.1333333333333,289.93333333333334,1.4666666666666666
1377599577,1,2399.999729,534.3999396573333,22.266666666666666,524288.0,226140.53333333333,0.6666666666666667,338.93333333333334,158.93333333333334,1.4666666666666666
1377599877,1,2399.999729,761.5999140026668,31.733333333333334,524288.0,193983.73333333334,0.9333333333333333,432.06666666666666,249.53333333333333,1.4666666666666666
1377600177,1,2399.999729,742.3999161706666,30.933333333333334,524288.0,181750.4,0.33333333333333337,455.79999999999995,283.26666666666665,1.4666666666666666
1377600477,1,2399.999729,873.599901356,36.4,524288.0,227539.2,0.5333333333333333,490.93333333333334,322.3333333333333,1.4
1377600777,1,2399.999729,831.9999060533332,34.666666666666664,524288.0,244316.53333333333,20.733333333333334,482.80000000000007,311.8,1.3333333333333333
1377601077,1,2399.999729,777.5999121959999,32.4,524288.0,273676.5333333333,0.4,471.33333333333337,306.06666666666666,1.2
1377601377,1,2399.999729,915.1998966586667,38.13333333333333,524288.0,286958.6666666667,260.73333333333335,509.20000000000005,327.46666666666664,2.2
1377601677,1,2399.999729,583.9999340566668,24.333333333333336,524288.0,296044.8,8.8,352.73333333333335,160.2,2.8
1377601977,1,2399.999729,1017.5998850960001,42.4,524288.0,219499.46666666667,1.3333333333333335,540.4,384.46666666666664,2.7333333333333334
1377602278,1,2399.999729,707.1999201453333,29.466666666666665,524288.0,243268.0,4.466666666666667,368.26666666666665,189.93333333333334,1.4
1377602578,1,2399.999729,715.1999192420001,29.8,524288.0,213558.66666666666,25.866666666666667,382.06666666666666,211.53333333333333,1.4
1377602878,1,2399.999729,539.1999391153333,22.466666666666665,524288.0,209712.53333333333,0.6000000000000001,326.4666666666667,150.6,1.8
1377603178,1,2399.999729,852.7999037046667,35.53333333333333,524288.0,209363.46666666667,0.5333333333333333,392.8666666666667,212.0,2.4
1377603478,1,2399.999729,828.7999064146666,34.53333333333333,524288.0,229635.2,0.4,466.0666666666666,301.8666666666667,1.8
1377603778,1,2399.999729,927.9998952133334,38.666666666666664,524288.0,265986.4,0.6,511.46666666666664,348.8666666666667,1.9333333333333333
1377604078,1,2399.999729,751.9999150866668,31.333333333333336,524288.0,247462.66666666666,0.4666666666666667,440.6,269.2,1.6
1377604378,1,2399.999729,547.199938212,22.8,524288.0,215304.8,21.866666666666664,347.4666666666667,166.6,1.6666666666666667
1377604678,1,2399.999729,409.59995374933334,17.066666666666666,524288.0,203072.26666666666,0.5333333333333333,295.0666666666667,116.8,1.6
1377604978,1,2399.999729,505.5999429093333,21.066666666666666,524288.0,203771.46666666667,251.2,330.1333333333333,136.93333333333334,2.066666666666667
1377605278,1,2399.999729,454.3999486906667,18.933333333333334,524288.0,225791.2,8.133333333333333,282.4,104.2,1.6
1377605578,1,2399.999729,449.5999492326667,18.733333333333334,524288.0,175809.06666666668,0.39999999999999997,284.5333333333333,107.46666666666667,1.9333333333333333
1377605878,1,2399.999729,439.9999503166666,18.333333333333332,524288.0,143653.6,3.466666666666667,284.6,104.8,1.5333333333333334
1377606178,1,2399.999729,414.3999532073333,17.266666666666666,524288.0,134215.2,15.333333333333334,284.2,105.46666666666667,1.4666666666666666
1377606478,1,2399.999729,425.59995194266673,17.733333333333334,524288.0,137361.6,0.26666666666666666,279.4666666666667,102.73333333333333,1.3333333333333333
1377606778,1,2399.999729,460.79994796799997,19.2,524288.0,172314.13333333333,0.26666666666666666,311.5333333333333,128.13333333333333,1.4666666666666666
1377607078,1,2399.999729,439.9999503166666,18.333333333333332,524288.0,174061.6,0.06666666666666667,287.5333333333333,109.4,1.4666666666666666
1377607378,1,2399.999729,431.99995122,18.0,524288.0,135964.0,0.0,283.66666666666663,104.33333333333333,1.4
1377607678,1,2399.999729,419.1999526653334,17.46666666666667,524288.0,144352.8,0.2,273.93333333333334,100.8,1.3333333333333333
1377607978,1,2399.999729,396.7999551946666,16.53333333333333,524288.0,153441.06666666668,0.6666666666666666,287.6,108.2,1.5333333333333334
1377608278,1,2399.999729,439.9999503166666,18.333333333333332,524288.0,170566.4,0.26666666666666666,286.0,108.8,1.4
1377608578,1,2399.999729,500.7999434513333,20.866666666666664,524288.0,186994.13333333333,156.60000000000002,316.26666666666665,121.73333333333333,1.8666666666666667
1377608878,1,2399.999729,454.3999486906667,18.933333333333334,524288.0,195732.53333333333,0.5333333333333333,312.0,135.73333333333332,2.0
1377609178,1,2399.999729,654.3999261073334,27.266666666666666,524288.0,173713.06666666668,0.2,412.46666666666664,243.46666666666667,2.466666666666667
1377609478,1,2399.999729,531.1999400186668,22.133333333333336,524288.0,159031.46666666667,3.5333333333333337,308.4666666666667,130.26666666666668,2.2
1377609778,1,2399.999729,897.599898646,37.4,524288.0,164275.46666666667,1.8,421.8666666666667,251.86666666666667,2.7333333333333334
1377610078,1,2399.999729,751.9999150866668,31.333333333333336,524288.0,172313.6,0.26666666666666666,388.5333333333333,222.73333333333332,1.3333333333333333
1377610378,1,2399.999729,836.7999055113333,34.86666666666667,524288.0,167769.86666666667,0.6,407.4,247.13333333333333,1.5333333333333334
1377610678,1,2399.999729,775.9999123766668,32.333333333333336,524288.0,197129.6,0.33333333333333337,404.73333333333335,242.86666666666667,1.3333333333333333
1377610978,1,2399.999729,542.399938754,22.6,524288.0,179304.8,0.4666666666666666,303.1333333333333,135.66666666666666,1.4
1377611278,1,2399.999729,420.7999524846666,17.53333333333333,524288.0,144701.6,0.13333333333333333,261.1333333333333,96.6,1.4
1377611578,1,2399.999729,516.7999416446668,21.533333333333335,524288.0,124778.4,36.46666666666667,297.5333333333333,125.8,1.5333333333333334
1377611878,1,2399.999729,427.19995176200007,17.8,524288.0,138760.0,0.13333333333333333,268.6,99.46666666666667,1.4666666666666666
1377612178,1,2399.999729,559.9999367666667,23.333333333333336,524288.0,194333.86666666667,248.33333333333331,342.4,150.26666666666668,1.9333333333333333
1377612478,1,2399.999729,438.39995049733335,18.266666666666666,524288.0,220898.66666666666,7.733333333333333,296.1333333333333,113.0,1.8666666666666667
1377612778,1,2399.999729,494.39994417400004,20.6,524288.0,155885.6,0.2,326.2,145.4,1.8666666666666667
1377613078,1,2399.999729,516.7999416446668,21.533333333333335,524288.0,150643.73333333334,4.0,332.6,154.33333333333334,1.3333333333333333
1377613378,1,2399.999729,503.99994309,21.0,524288.0,167071.73333333334,26.4,315.0666666666667,128.6,1.5333333333333334
1377613678,1,2399.999729,518.3999414640001,21.6,524288.0,164624.8,0.2,318.4666666666667,141.4,1.3333333333333333
1377613978,1,2399.999729,590.3999333340001,24.6,524288.0,152041.06666666668,17.4,336.73333333333335,156.0,1.6
1377614279,1,2399.999729,499.19994363200004,20.8,524288.0,182450.93333333332,457.73333333333335,353.26666666666665,137.0,1.8
1377614579,1,2399.999729,547.199938212,22.8,524288.0,245015.2,278.1333333333333,353.33333333333337,147.4,1.9333333333333333
1377614879,1,2399.999729,473.5999465226667,19.733333333333334,524288.0,196781.06666666668,0.6666666666666667,317.33333333333337,133.73333333333332,1.4666666666666666
1377615179,1,2399.999729,518.3999414640001,21.6,524288.0,172314.13333333333,35.4,330.66666666666663,147.4,1.4666666666666666
1377615479,1,2399.999729,580.799934418,24.2,524288.0,144702.4,0.3333333333333333,346.3333333333333,166.33333333333334,1.3333333333333333
1377615779,1,2399.999729,788.7999109313334,32.86666666666667,524288.0,146100.0,6.8,403.79999999999995,210.46666666666667,1.9333333333333333
1377616079,1,2399.999729,731.1999174353333,30.466666666666665,524288.0,185596.8,6.733333333333334,367.0,184.8,1.7333333333333334
1377616379,1,2399.999729,812.7999082213333,33.86666666666667,524288.0,163576.0,0.3333333333333333,398.06666666666666,213.6,2.066666666666667
1377616679,1,2399.999729,687.9999223133334,28.666666666666664,524288.0,163575.46666666667,6.533333333333334,357.0,175.93333333333334,1.6
1377616979,1,2399.999729,771.1999129186667,32.13333333333333,524288.0,189091.46666666667,17.266666666666666,389.33333333333337,210.13333333333333,1.6
1377617279,1,2399.999729,585.599933876,24.4,524288.0,164625.06666666668,0.4666666666666667,335.2,158.93333333333334,1.5333333333333334
1377617579,1,2399.999729,494.39994417400004,20.6,524288.0,158682.66666666666,0.4666666666666667,301.26666666666665,122.13333333333334,1.6
1377617879,1,2399.999729,481.59994561933337,20.066666666666666,524288.0,149244.0,0.2,306.0666666666667,128.26666666666668,1.6666666666666667
1377618179,1,2399.999729,487.99994489666665,20.333333333333332,524288.0,140857.06666666668,0.2,293.1333333333333,119.13333333333334,1.6
1377618479,1,2399.999729,382.3999568206666,15.933333333333332,524288.0,119885.06666666667,0.06666666666666667,270.4666666666667,97.4,1.4
1377618779,1,2399.999729,414.3999532073333,17.266666666666666,524288.0,137011.2,0.8,292.26666666666665,110.93333333333334,1.6
1377619079,1,2399.999729,407.99995393000006,17.0,524288.0,128274.4,0.06666666666666667,270.33333333333337,99.2,1.5333333333333334
1377619379,1,2399.999729,433.5999510393333,18.066666666666666,524288.0,139459.2,8.266666666666666,304.1333333333333,122.8,1.8666666666666667
1377619679,1,2399.999729,399.9999548333334,16.666666666666668,524288.0,137012.53333333333,1.6,274.93333333333334,99.33333333333333,1.8
1377619979,1,2399.999729,411.1999535686667,17.133333333333333,524288.0,138410.4,0.9333333333333333,275.6,102.06666666666666,1.8
1377620279,1,2399.999729,411.1999535686667,17.133333333333333,524288.0,138411.2,3.8000000000000003,282.1333333333333,106.26666666666667,1.3333333333333333
1377620579,1,2399.999729,415.9999530266666,17.333333333333332,524288.0,145750.4,0.3333333333333333,276.5333333333333,100.86666666666666,1.5333333333333334
1377620879,1,2399.999729,347.1999607953333,14.466666666666667,524288.0,157284.8,0.0,273.5333333333333,98.06666666666666,1.5333333333333334
1377621179,1,2399.999729,388.79995609799994,16.2,524288.0,131070.4,0.26666666666666666,289.5333333333333,116.6,1.6666666666666667
1377621479,1,2399.999729,1263.9998572733334,52.66666666666667,524288.0,189788.8,0.5333333333333333,808.7333333333333,685.8666666666667,4.066666666666666
1377621779,1,2399.999729,1268.7998567313334,52.86666666666667,524288.0,253753.86666666667,0.8666666666666667,709.4000000000001,571.8,3.1333333333333333
1377622079,1,2399.999729,787.199911112,32.8,524288.0,201674.4,0.8666666666666667,451.9333333333334,292.26666666666665,2.0
1377622379,1,2399.999729,417.599952846,17.4,524288.0,176159.2,33.93333333333334,279.6,102.86666666666666,1.6
1377622679,1,2399.999729,395.1999553753334,16.46666666666667,524288.0,158333.33333333334,0.39999999999999997,267.4666666666667,98.6,1.7333333333333334
1377622979,1,2399.999729,431.99995122,18.0,524288.0,159032.0,9.666666666666668,304.06666666666666,125.26666666666667,2.0
1377623279,1,2399.999729,391.99995573666666,16.333333333333332,524288.0,164974.66666666666,7.733333333333333,279.6666666666667,102.53333333333333,1.6
1377623579,1,2399.999729,393.599955556,16.4,524288.0,138410.66666666666,0.2,273.8,101.93333333333334,1.9333333333333333
1377623879,1,2399.999729,399.9999548333334,16.666666666666668,524288.0,130021.6,2.5333333333333337,280.5333333333333,104.06666666666666,1.6
1377624179,1,2399.999729,377.59995736266666,15.733333333333333,524288.0,165323.46666666667,11.2,288.06666666666666,111.0,1.6
1377624479,1,2399.999729,372.79995790466666,15.533333333333333,524288.0,173013.86666666667,0.06666666666666667,279.6,101.0,1.7333333333333334
1377624779,1,2399.999729,404.79995429133334,16.866666666666667,524288.0,138410.13333333333,0.26666666666666666,284.4666666666667,105.0,1.6
1377625079,1,2399.999729,377.59995736266666,15.733333333333333,524288.0,134216.0,0.0,283.6,104.06666666666666,1.4666666666666666
1377625379,1,2399.999729,383.99995664,16.0,524288.0,132118.4,0.0,279.8666666666667,100.2,1.6666666666666667
1377625679,1,2399.999729,361.5999591693334,15.066666666666668,524288.0,138409.6,0.0,278.6666666666667,101.33333333333333,1.5333333333333334
1377625979,1,2399.999729,398.39995501400006,16.6,524288.0,137361.6,1.0666666666666667,274.53333333333336,102.66666666666667,1.6666666666666667
1377626279,1,2399.999729,350.39996043400004,14.6,524288.0,128972.8,0.06666666666666667,264.73333333333335,97.8,1.4666666666666666
1377626579,1,2399.999729,433.5999510393333,18.066666666666666,524288.0,135263.73333333334,7.2,304.26666666666665,126.53333333333333,1.7333333333333334
1377626879,1,2399.999729,348.7999606146667,14.533333333333333,524288.0,169868.0,0.7333333333333333,267.4,97.06666666666666,1.4666666666666666
1377627179,1,2399.999729,390.39995591733333,16.266666666666666,524288.0,137711.2,0.13333333333333333,270.06666666666666,101.46666666666667,1.7333333333333334
1377627479,1,2399.999729,375.9999575433334,15.666666666666668,524288.0,141206.93333333332,1.8666666666666667,272.6,103.73333333333333,1.5333333333333334
1377627779,1,2399.999729,393.599955556,16.4,524288.0,124079.46666666666,0.39999999999999997,283.4,106.93333333333334,1.6666666666666667
1377628079,1,2399.999729,443.1999499553334,18.46666666666667,524288.0,132120.0,0.06666666666666667,269.33333333333337,97.26666666666667,1.2666666666666666
1377628379,1,2399.999729,454.3999486906667,18.933333333333334,524288.0,144701.6,0.13333333333333333,275.1333333333333,104.93333333333334,1.4666666666666666
1377628679,1,2399.999729,497.59994381266665,20.733333333333334,524288.0,147498.13333333333,0.0,272.4,102.26666666666667,1.5333333333333334
1377628979,1,2399.999729,447.99994941333335,18.666666666666668,524288.0,129672.53333333334,0.06666666666666667,267.4,98.73333333333333,1.5333333333333334
1377629279,1,2399.999729,489.599944716,20.4,524288.0,134215.73333333334,0.0,271.26666666666665,100.6,1.2666666666666666
1377629580,1,2399.999729,593.5999329726667,24.733333333333334,524288.0,154837.06666666668,1.3333333333333333,302.1333333333333,135.73333333333332,1.5333333333333334
1377629880,1,2399.999729,484.799945258,20.2,524288.0,139458.66666666666,0.0,262.0,99.13333333333334,1.3333333333333333
1377630180,1,2399.999729,467.19994724533336,19.46666666666667,524288.0,147148.0,7.066666666666666,296.8666666666667,122.4,1.8
1377630480,1,2399.999729,491.19994453533343,20.46666666666667,524288.0,180004.0,0.6,278.06666666666666,106.0,1.3333333333333333
1377630780,1,2399.999729,505.5999429093333,21.066666666666666,524288.0,162527.2,0.06666666666666667,283.8,108.53333333333333,2.0
1377631080,1,2399.999729,427.19995176200007,17.8,524288.0,142604.0,3.8,278.1333333333333,101.46666666666667,1.4666666666666666
1377631380,1,2399.999729,481.59994561933337,20.066666666666666,524288.0,150992.8,0.06666666666666667,284.8666666666667,109.6,1.5333333333333334
1377631680,1,2399.999729,483.1999454386667,20.133333333333333,524288.0,146799.2,0.13333333333333333,267.6,98.46666666666667,1.3333333333333333
1377631980,1,2399.999729,510.3999423673333,21.266666666666666,524288.0,139459.2,0.2,270.6666666666667,103.2,1.8
1377632280,1,2399.999729,515.1999418253333,21.466666666666665,524288.0,124779.2,0.06666666666666667,268.5333333333333,99.13333333333334,1.4666666666666666
1377632580,1,2399.999729,439.9999503166666,18.333333333333332,524288.0,128623.73333333334,0.06666666666666667,265.2,98.33333333333333,1.3333333333333333
1377632880,1,2399.999729,467.19994724533336,19.46666666666667,524288.0,142953.86666666667,0.0,264.4666666666667,96.6,1.4
1377633180,1,2399.999729,476.79994616133337,19.866666666666667,524288.0,126527.2,0.7999999999999999,279.26666666666665,109.53333333333333,1.4666666666666666
1377633480,1,2399.999729,449.5999492326667,18.733333333333334,524288.0,136313.6,0.06666666666666667,259.2,96.73333333333333,1.3333333333333333
1377633780,1,2399.999729,531.1999400186668,22.133333333333336,524288.0,152392.0,140.86666666666667,302.6,125.86666666666666,1.9333333333333333
1377634080,1,2399.999729,523.199940922,21.8,524288.0,224742.66666666666,123.06666666666666,276.33333333333337,99.93333333333334,1.4666666666666666
1377634380,1,2399.999729,555.1999373086668,23.133333333333336,524288.0,176158.66666666666,0.2,279.8666666666667,108.46666666666667,2.0
1377634680,1,2399.999729,515.1999418253333,21.466666666666665,524288.0,170217.33333333334,3.7333333333333334,285.73333333333335,115.66666666666667,1.5333333333333334
1377634980,1,2399.999729,553.5999374893333,23.066666666666666,524288.0,162877.06666666668,11.8,287.2,113.46666666666667,1.4666666666666666
1377635280,1,2399.999729,491.19994453533343,20.46666666666667,524288.0,141555.2,0.06666666666666667,279.4,109.2,1.5333333333333334
1377635580,1,2399.999729,494.39994417400004,20.6,524288.0,143652.8,0.3333333333333333,279.6,112.33333333333333,1.4666666666666666
1377635880,1,2399.999729,516.7999416446668,21.533333333333335,524288.0,142605.6,0.13333333333333333,275.73333333333335,107.93333333333334,1.2666666666666666
1377636180,1,2399.999729,455.99994851,19.0,524288.0,161479.2,0.06666666666666667,276.93333333333334,109.93333333333334,1.5333333333333334
1377636480,1,2399.999729,569.5999356826667,23.733333333333334,524288.0,150644.53333333333,0.2,275.06666666666666,106.33333333333333,1.2666666666666666
1377636780,1,2399.999729,550.3999378506667,22.933333333333334,524288.0,143302.66666666666,0.06666666666666667,282.8666666666667,112.13333333333334,1.2666666666666666
1377637080,1,2399.999729,556.799937128,23.2,524288.0,154837.33333333334,0.06666666666666667,268.5333333333333,103.4,1.0
1377637380,1,2399.999729,553.5999374893333,23.066666666666666,524288.0,175459.46666666667,7.733333333333333,294.8666666666667,120.2,1.6666666666666667
1377637680,1,2399.999729,460.79994796799997,19.2,524288.0,161129.6,0.6000000000000001,256.4,93.06666666666666,1.2666666666666666
1377637980,1,2399.999729,516.7999416446668,21.533333333333335,524288.0,145749.86666666667,0.7333333333333333,267.73333333333335,102.73333333333333,1.8
1377638280,1,2399.999729,503.99994309,21.0,524288.0,162877.06666666668,1.9333333333333333,265.73333333333335,98.4,1.5333333333333334
1377638581,1,2399.999729,494.39994417400004,20.6,524288.0,162177.06666666668,0.6666666666666666,278.4,107.53333333333333,1.4
1377638881,1,2399.999729,500.7999434513333,20.866666666666664,524288.0,145401.33333333334,0.13333333333333333,267.06666666666666,97.86666666666666,1.3333333333333333
1377639181,1,2399.999729,492.7999443546667,20.533333333333335,524288.0,139460.0,0.33333333333333337,269.06666666666666,103.8,1.4666666666666666
1377639481,1,2399.999729,502.3999432706667,20.933333333333334,524288.0,155188.0,0.2,265.4,97.6,1.3333333333333333
1377639781,1,2399.999729,462.39994778733336,19.266666666666666,524288.0,149944.8,0.2,265.26666666666665,97.73333333333333,1.4
1377640081,1,2399.999729,476.79994616133337,19.866666666666667,524288.0,155188.0,0.06666666666666667,264.6,96.06666666666666,1.1333333333333333
1377640381,1,2399.999729,521.5999411026667,21.733333333333334,524288.0,146448.8,926.1333333333333,304.79999999999995,101.46666666666667,1.4
1377640681,1,2399.999729,521.5999411026667,21.733333333333334,524288.0,288007.2,5.733333333333333,278.5333333333333,95.93333333333334,1.2
1377640981,1,2399.999729,577.5999347793334,24.066666666666666,524288.0,209014.66666666666,18.8,303.73333333333335,140.73333333333332,1.6666666666666667
1377641281,1,2399.999729,452.7999488713334,18.866666666666667,524288.0,210063.46666666667,9.200000000000001,285.66666666666663,102.73333333333333,1.2666666666666666
1377641581,1,2399.999729,491.19994453533343,20.46666666666667,524288.0,155885.86666666667,0.7333333333333333,264.0,98.13333333333334,1.7333333333333334
1377641881,1,2399.999729,497.59994381266665,20.733333333333334,524288.0,149245.6,2.6666666666666665,266.6666666666667,97.33333333333333,1.2666666666666666
1377642181,1,2399.999729,500.7999434513333,20.866666666666664,524288.0,140858.13333333333,17.133333333333333,262.0,99.4,1.2
1377642481,1,2399.999729,521.5999411026667,21.733333333333334,524288.0,142954.93333333332,0.2,275.4,111.26666666666667,1.3333333333333333
1377642781,1,2399.999729,526.3999405606668,21.933333333333334,524288.0,149594.66666666666,0.2,274.6,114.73333333333333,1.2
1377643081,1,2399.999729,547.199938212,22.8,524288.0,144002.4,0.13333333333333333,263.2,98.26666666666667,1.1333333333333333
1377643381,1,2399.999729,492.7999443546667,20.533333333333335,524288.0,138409.6,0.13333333333333333,256.6666666666667,96.0,1.2666666666666666
1377643681,1,2399.999729,471.9999467033334,19.666666666666668,524288.0,141556.0,0.0,252.06666666666666,93.93333333333334,1.1333333333333333
1377643981,1,2399.999729,507.19994272866677,21.133333333333336,524288.0,160430.4,11.2,255.93333333333334,99.66666666666667,1.2666666666666666
1377644281,1,2399.999729,519.9999412833333,21.666666666666664,524288.0,167420.0,0.06666666666666667,253.86666666666667,96.06666666666666,1.1333333333333333
1377644581,1,2399.999729,612.7999308046667,25.533333333333335,524288.0,189441.06666666668,508.9333333333334,382.73333333333335,148.93333333333334,1.7333333333333334
1377644881,1,2399.999729,537.599939296,22.4,524288.0,288356.8,907.8666666666667,447.73333333333335,113.26666666666667,1.2666666666666666
1377645181,1,2399.999729,476.79994616133337,19.866666666666667,524288.0,339386.6666666667,1030.1333333333332,443.4666666666667,99.6,1.6
1377645481,1,2399.999729,604.799931708,25.2,524288.0,389020.0,1195.1999999999998,394.8,101.2,1.1333333333333333
1377645781,1,2399.999729,2356.799733878,98.2,524288.0,379932.5333333333,1960.3333333333335,314.06666666666666,102.66666666666667,1.4
1377646081,1,2399.999729,2351.99973442,98.0,524288.0,365601.3333333333,1833.6666666666667,313.66666666666663,98.4,1.1333333333333333
1377646381,1,2399.999729,2369.5997324326668,98.73333333333333,524288.0,307930.4,2066.3333333333335,315.3333333333333,105.26666666666667,1.2666666666666666
1377646681,1,2399.999729,2321.5997378526667,96.73333333333333,524288.0,392515.4666666667,1924.6666666666667,323.6,101.33333333333333,0.9333333333333333
1377646981,1,2399.999729,2452.799723038,102.2,524288.0,317717.06666666665,1193.2,265.93333333333334,99.4,1.2
1377647281,1,2399.999729,2419.199726832,100.8,524288.0,380630.93333333335,1108.4666666666667,260.4666666666667,97.13333333333334,1.1333333333333333
1377647581,1,2399.999729,2463.999721773333,102.66666666666666,524288.0,363504.5333333333,1181.0666666666668,266.0,101.06666666666666,1.1333333333333333
1377647881,1,2399.999729,2401.5997288193334,100.06666666666666,524288.0,361756.5333333333,1130.2666666666667,263.1333333333333,98.53333333333333,1.2
1377648181,1,2399.999729,2486.3997192439997,103.6,524288.0,394263.2,1116.4666666666667,337.4,159.4,1.6
1377648481,1,2399.999729,2383.9997308066672,99.33333333333334,524288.0,396360.0,1157.9333333333332,297.1333333333333,119.33333333333333,1.0666666666666667
1377648781,1,2399.999729,2123.199760255333,88.46666666666665,524288.0,320863.2,1774.5333333333333,330.0,96.93333333333334,1.6
1377649081,1,2399.999729,2307.199739478667,96.13333333333334,524288.0,260044.8,1879.4,298.4666666666667,97.86666666666666,1.1333333333333333
1377649381,1,2399.999729,2239.9997470666667,93.33333333333334,524288.0,321911.2,1734.4666666666667,297.06666666666666,100.33333333333333,1.1333333333333333
1377649681,1,2399.999729,2382.3997309873334,99.26666666666667,524288.0,328201.6,2595.0666666666666,386.2,97.33333333333333,1.1333333333333333
1377649982,1,2399.999729,2068.799766398,86.2,524288.0,407895.2,2159.0,368.66666666666663,99.33333333333333,1.2
1377650282,1,2399.999729,1479.9998328833335,61.66666666666667,524288.0,432011.2,1498.2666666666667,331.6,96.73333333333333,1.1333333333333333
1377650582,1,2399.999729,2039.9997696500002,85.0,524288.0,413137.6,2105.333333333333,357.5333333333333,98.46666666666667,0.9333333333333333
1377650882,1,2399.999729,1916.7997835613337,79.86666666666667,524288.0,430264.8,1621.2,334.4666666666667,95.8,1.0666666666666667
1377651182,1,2399.999729,2171.1997548353334,90.46666666666665,524288.0,404398.4,1372.5333333333333,328.3333333333333,109.73333333333333,1.2666666666666666
1377651482,1,2399.999729,542.399938754,22.6,524288.0,291502.6666666667,1.0666666666666667,258.26666666666665,98.13333333333334,1.0
1377651782,1,2399.999729,564.7999362246668,23.533333333333335,524288.0,180702.13333333333,11.133333333333333,297.06666666666666,123.4,1.6666666666666667
1377652082,1,2399.999729,571.1999355020001,23.8,524288.0,164276.26666666666,0.7333333333333333,288.0,114.46666666666667,1.3333333333333333
1377652382,1,2399.999729,566.399936044,23.6,524288.0,148895.46666666667,0.5333333333333333,268.3333333333333,101.0,1.5333333333333334
1377652682,1,2399.999729,543.9999385733332,22.666666666666664,524288.0,145749.86666666667,0.06666666666666667,259.06666666666666,99.13333333333334,1.2
1377652982,1,2399.999729,574.3999351406667,23.933333333333334,524288.0,153089.06666666668,0.2,270.93333333333334,106.73333333333333,1.2
1377653282,1,2399.999729,471.9999467033334,19.666666666666668,524288.0,147846.93333333332,0.06666666666666667,258.66666666666663,99.13333333333334,1.1333333333333333
1377653582,1,2399.999729,527.99994038,22.0,524288.0,134216.0,0.26666666666666666,260.26666666666665,98.73333333333333,1.3333333333333333
1377653882,1,2399.999729,611.1999309853334,25.466666666666665,524288.0,127923.2,2.8,267.6,100.8,1.2666666666666666
1377654182,1,2399.999729,494.39994417400004,20.6,524288.0,138410.4,0.26666666666666666,268.93333333333334,105.66666666666667,1.4
1377654482,1,2399.999729,499.19994363200004,20.8,524288.0,154139.2,0.26666666666666666,256.06666666666666,96.86666666666666,1.1333333333333333
1377654782,1,2399.999729,526.3999405606668,21.933333333333334,524288.0,155186.66666666666,0.8666666666666667,282.0,110.13333333333334,1.3333333333333333
1377655082,1,2399.999729,473.5999465226667,19.733333333333334,524288.0,139109.6,0.06666666666666667,264.8666666666667,96.93333333333334,1.0666666666666667
1377655382,1,2399.999729,615.9999304433333,25.666666666666664,524288.0,155536.8,531.8,307.2,128.0,1.9333333333333333
1377655682,1,2399.999729,710.3999197840001,29.6,524288.0,270880.0,3.1333333333333333,282.0,102.33333333333333,1.4
1377655982,1,2399.999729,540.7999389346667,22.533333333333335,524288.0,228238.13333333333,753.7333333333333,358.4666666666667,96.93333333333334,1.6666666666666667
1377656282,1,2399.999729,567.9999358633333,23.666666666666664,524288.0,384476.26666666666,112.8,313.1333333333333,106.26666666666667,1.3333333333333333
1377656582,1,2399.999729,441.59995013599996,18.4,524288.0,260045.06666666668,37.86666666666667,278.0,104.06666666666666,1.2
1377656882,1,2399.999729,396.7999551946666,16.53333333333333,524288.0,216702.93333333332,0.9333333333333333,269.4666666666667,99.93333333333334,1.1333333333333333
1377657182,1,2399.999729,375.9999575433334,15.666666666666668,524288.0,177906.66666666666,0.6,263.26666666666665,102.8,1.1333333333333333
1377657482,1,2399.999729,366.3999586273334,15.266666666666667,524288.0,185945.06666666668,2.466666666666667,265.20000000000005,98.4,1.0666666666666667
1377657782,1,2399.999729,366.3999586273334,15.266666666666667,524288.0,156935.46666666667,0.4666666666666667,257.3333333333333,97.4,0.9333333333333333
1377658082,1,2399.999729,387.19995627866666,16.133333333333333,524288.0,135265.06666666668,0.0,251.8,93.13333333333334,1.0666666666666667
1377658382,1,2399.999729,396.7999551946666,16.53333333333333,524288.0,150644.0,0.4666666666666667,271.53333333333336,102.8,1.0666666666666667
1377658682,1,2399.999729,361.5999591693334,15.066666666666668,524288.0,148896.0,0.33333333333333337,257.0,95.53333333333333,1.0
1377658982,1,2399.999729,411.1999535686667,17.133333333333333,524288.0,161478.4,16.0,287.46666666666664,116.93333333333334,1.6
1377659282,1,2399.999729,366.3999586273334,15.266666666666667,524288.0,174061.6,0.26666666666666666,255.66666666666669,97.06666666666666,1.0
1377659582,1,2399.999729,383.99995664,16.0,524288.0,127924.0,0.06666666666666667,251.39999999999998,99.13333333333334,1.5333333333333334
1377659882,1,2399.999729,398.39995501400006,16.6,524288.0,143653.6,0.06666666666666667,255.93333333333334,98.86666666666666,1.1333333333333333
1377660182,1,2399.999729,401.5999546526667,16.733333333333334,524288.0,140507.2,0.2,267.4666666666667,107.06666666666666,1.1333333333333333
1377660482,1,2399.999729,367.99995844666665,15.333333333333332,524288.0,163576.26666666666,0.06666666666666667,254.06666666666666,95.6,0.9333333333333333
1377660782,1,2399.999729,383.99995664,16.0,524288.0,155537.06666666668,0.13333333333333333,254.60000000000002,97.4,1.0666666666666667
1377661082,1,2399.999729,393.599955556,16.4,524288.0,150293.86666666667,2.1333333333333333,256.93333333333334,98.73333333333333,1.0666666666666667
1377661382,1,2399.999729,372.79995790466666,15.533333333333333,524288.0,130371.73333333334,0.26666666666666666,258.1333333333333,97.66666666666667,1.0666666666666667
1377661682,1,2399.999729,382.3999568206666,15.933333333333332,524288.0,124079.46666666666,0.0,249.2,94.8,0.9333333333333333
1377661982,1,2399.999729,390.39995591733333,16.266666666666666,524288.0,153091.2,0.4666666666666667,271.1333333333333,108.53333333333333,1.0
1377662282,1,2399.999729,367.99995844666665,15.333333333333332,524288.0,141555.73333333334,0.13333333333333333,254.86666666666667,96.13333333333334,1.0
1377662582,1,2399.999729,457.59994832933336,19.066666666666666,524288.0,148546.93333333332,6.333333333333333,300.93333333333334,131.73333333333332,1.5333333333333334
1377662882,1,2399.999729,452.7999488713334,18.866666666666667,524288.0,166722.4,7.866666666666666,285.5333333333333,118.8,1.0
1377663182,1,2399.999729,508.79994254800005,21.2,524288.0,163924.8,0.26666666666666666,294.4,130.46666666666667,1.4
1377663482,1,2399.999729,409.59995374933334,17.066666666666666,524288.0,164624.53333333333,0.3333333333333333,271.5333333333333,112.33333333333333,1.0666666666666667
1377663782,1,2399.999729,419.1999526653334,17.46666666666667,524288.0,163925.86666666667,0.5333333333333333,260.8666666666667,97.93333333333334,0.9333333333333333
1377664082,1,2399.999729,353.59996007266665,14.733333333333333,524288.0,158682.93333333332,0.06666666666666667,253.93333333333334,94.0,1.1333333333333333
1377664383,1,2399.999729,367.99995844666665,15.333333333333332,524288.0,152042.4,0.4,258.6,97.73333333333333,1.2666666666666666
1377664683,1,2399.999729,379.19995718200005,15.8,524288.0,137013.06666666668,3.8666666666666667,260.73333333333335,95.46666666666667,1.1333333333333333
1377664983,1,2399.999729,355.19995989200004,14.8,524288.0,140857.33333333334,0.06666666666666667,259.73333333333335,95.66666666666667,1.1333333333333333
1377665283,1,2399.999729,353.59996007266665,14.733333333333333,524288.0,149944.8,0.06666666666666667,254.86666666666667,94.4,1.1333333333333333
1377665583,1,2399.999729,379.19995718200005,15.8,524288.0,152042.4,0.7333333333333334,261.0,99.33333333333333,0.9333333333333333
1377665883,1,2399.999729,361.5999591693334,15.066666666666668,524288.0,136313.6,0.13333333333333333,252.79999999999998,95.66666666666667,1.0
1377666183,1,2399.999729,414.3999532073333,17.266666666666666,524288.0,143652.8,9.399999999999999,287.26666666666665,120.13333333333334,1.6
1377666483,1,2399.999729,363.1999589886667,15.133333333333333,524288.0,150294.13333333333,2.066666666666667,256.0,95.2,1.0666666666666667
1377666783,1,2399.999729,359.99995935,15.0,524288.0,136312.8,0.26666666666666666,256.8,97.66666666666667,1.6
1377667083,1,2399.999729,385.5999564593333,16.066666666666666,524288.0,155187.2,0.13333333333333333,258.0,97.2,1.1333333333333333
1377667383,1,2399.999729,399.9999548333334,16.666666666666668,524288.0,123030.66666666667,14.0,267.73333333333335,102.73333333333333,1.1333333333333333
1377667683,1,2399.999729,391.99995573666666,16.333333333333332,524288.0,135963.73333333334,0.13333333333333333,265.8,100.26666666666667,1.1333333333333333
1377667983,1,2399.999729,404.79995429133334,16.866666666666667,524288.0,142604.53333333333,0.3333333333333333,256.1333333333333,99.13333333333334,1.2
1377668283,1,2399.999729,377.59995736266666,15.733333333333333,524288.0,154838.13333333333,2.066666666666667,259.4666666666667,104.93333333333334,1.1333333333333333
1377668583,1,2399.999729,393.599955556,16.4,524288.0,149245.6,0.13333333333333333,258.4,101.0,1.2666666666666666
1377668883,1,2399.999729,382.3999568206666,15.933333333333332,524288.0,162877.6,0.06666666666666667,249.33333333333331,96.46666666666667,1.2666666666666666
1377669183,1,2399.999729,367.99995844666665,15.333333333333332,524288.0,144002.66666666666,0.4,258.26666666666665,99.73333333333333,1.2666666666666666
1377669483,1,2399.999729,369.59995826600004,15.4,524288.0,160430.93333333332,0.26666666666666666,248.2,96.46666666666667,1.2666666666666666
1377669783,1,2399.999729,436.799950678,18.2,524288.0,171614.4,7.133333333333333,287.4,124.53333333333333,1.6
1377670083,1,2399.999729,350.39996043400004,14.6,524288.0,175460.0,8.533333333333333,257.6,97.33333333333333,1.4
1377670383,1,2399.999729,379.19995718200005,15.8,524288.0,126526.66666666667,0.2,255.73333333333335,98.6,1.6666666666666667
1377670683,1,2399.999729,382.3999568206666,15.933333333333332,524288.0,137012.53333333333,0.13333333333333333,253.6,97.6,1.1333333333333333
1377670983,1,2399.999729,375.9999575433334,15.666666666666668,524288.0,155886.66666666666,0.4,264.6,105.13333333333334,1.3333333333333333
1377671283,1,2399.999729,369.59995826600004,15.4,524288.0,166721.6,0.06666666666666667,259.4666666666667,98.66666666666667,1.2
1377671583,1,2399.999729,379.19995718200005,15.8,524288.0,136313.86666666667,0.26666666666666666,260.4666666666667,100.93333333333334,1.3333333333333333
1377671883,1,2399.999729,374.399957724,15.6,524288.0,160080.0,2.666666666666667,262.26666666666665,100.6,1.2
1377672183,1,2399.999729,388.79995609799994,16.2,524288.0,128973.6,0.13333333333333333,262.4666666666667,97.46666666666667,1.2666666666666666
1377672483,1,2399.999729,379.19995718200005,15.8,524288.0,114292.8,0.26666666666666666,256.0,97.46666666666667,1.2666666666666666
1377672783,1,2399.999729,395.1999553753334,16.46666666666667,524288.0,137012.0,0.8,284.26666666666665,114.6,1.6
1377673083,1,2399.999729,1222.3998619706667,50.93333333333333,524288.0,163576.8,0.13333333333333333,682.2,547.0666666666667,4.466666666666667
1377673383,1,2399.999729,543.9999385733332,22.666666666666664,524288.0,222994.66666666666,250.0,347.4,172.73333333333332,2.2666666666666666
1377673683,1,2399.999729,524.7999407413332,21.866666666666664,524288.0,214956.53333333333,2.8,282.3333333333333,119.0,1.6
1377673983,1,2399.999729,499.19994363200004,20.8,524288.0,150294.4,1.2666666666666666,259.4,100.26666666666667,1.6666666666666667
1377674283,1,2399.999729,449.5999492326667,18.733333333333334,524288.0,146100.0,0.6,260.4,100.33333333333333,1.4
1377674583,1,2399.999729,470.3999468840001,19.6,524288.0,140856.8,13.666666666666666,267.73333333333335,100.86666666666666,1.5333333333333334
1377674883,1,2399.999729,484.799945258,20.2,524288.0,142254.66666666666,0.13333333333333333,268.26666666666665,104.4,1.3333333333333333
1377675183,1,2399.999729,407.99995393000006,17.0,524288.0,127925.06666666667,0.26666666666666666,266.8666666666667,100.86666666666666,1.4666666666666666
1377675483,1,2399.999729,435.1999508586667,18.133333333333333,524288.0,137011.73333333334,2.933333333333333,266.26666666666665,103.53333333333333,1.4666666666666666
1377675783,1,2399.999729,407.99995393000006,17.0,524288.0,131070.4,0.26666666666666666,263.1333333333333,98.86666666666666,1.4666666666666666
1377676083,1,2399.999729,470.3999468840001,19.6,524288.0,137710.93333333332,0.13333333333333333,276.8666666666667,100.93333333333334,1.3333333333333333
1377676383,1,2399.999729,460.79994796799997,19.2,524288.0,145750.4,1.0666666666666667,264.8,100.8,1.4666666666666666
1377676684,1,2399.999729,395.1999553753334,16.46666666666667,524288.0,148196.8,0.3333333333333333,260.33333333333337,97.46666666666667,1.3333333333333333
1377676984,1,2399.999729,507.19994272866677,21.133333333333336,524288.0,176858.4,155.33333333333331,300.06666666666666,124.13333333333334,1.8
1377677284,1,2399.999729,449.5999492326667,18.733333333333334,524288.0,211810.4,1.3333333333333333,266.8666666666667,106.13333333333334,1.4
1377677584,1,2399.999729,489.599944716,20.4,524288.0,155187.2,0.2,258.6,102.46666666666667,1.9333333333333333
1377677884,1,2399.999729,467.19994724533336,19.46666666666667,524288.0,145751.2,0.26666666666666666,259.8,101.0,1.2
1377678184,1,2399.999729,438.39995049733335,18.266666666666666,524288.0,140857.6,14.066666666666666,265.93333333333334,102.33333333333333,1.4
1377678484,1,2399.999729,486.3999450773333,20.266666666666666,524288.0,150294.13333333333,0.13333333333333333,266.8666666666667,108.0,1.2
1377678784,1,2399.999729,433.5999510393333,18.066666666666666,524288.0,138061.33333333334,0.2,270.53333333333336,112.2,1.4
1377679084,1,2399.999729,507.19994272866677,21.133333333333336,524288.0,145400.26666666666,2.2666666666666666,327.06666666666666,175.13333333333333,1.8666666666666667
1377679384,1,2399.999729,1062.3998800373336,44.26666666666667,524288.0,193285.6,0.4,526.4,361.3333333333333,1.6
1377679684,1,2399.999729,577.5999347793334,24.066666666666666,524288.0,181401.6,0.4,332.6,168.6,1.4
1377679984,1,2399.999729,462.39994778733336,19.266666666666666,524288.0,155187.46666666667,2.066666666666667,290.26666666666665,120.2,1.5333333333333334
1377680284,1,2399.999729,455.99994851,19.0,524288.0,136663.2,0.0,289.8666666666667,121.86666666666666,1.2666666666666666
1377680584,1,2399.999729,553.5999374893333,23.066666666666666,524288.0,203770.93333333332,177.73333333333335,327.26666666666665,149.0,1.8666666666666667
1377680884,1,2399.999729,473.5999465226667,19.733333333333334,524288.0,206568.0,1.4,290.1333333333333,124.93333333333334,1.4
1377681184,1,2399.999729,419.1999526653334,17.46666666666667,524288.0,164974.13333333333,0.3333333333333333,270.2,109.0,1.8
1377681484,1,2399.999729,457.59994832933336,19.066666666666666,524288.0,137012.0,0.3333333333333333,271.93333333333334,113.0,1.4666666666666666
1377681784,1,2399.999729,431.99995122,18.0,524288.0,167770.4,2.066666666666667,277.4,116.33333333333333,1.4666666666666666
1377682084,1,2399.999729,431.99995122,18.0,524288.0,146799.2,0.06666666666666667,275.2,111.13333333333334,1.4666666666666666
1377682384,1,2399.999729,449.5999492326667,18.733333333333334,524288.0,142604.8,0.2,278.26666666666665,115.6,1.7333333333333334
1377682684,1,2399.999729,415.9999530266666,17.333333333333332,524288.0,131071.2,2.0,278.6,113.53333333333333,1.2666666666666666
1377682984,1,2399.999729,433.5999510393333,18.066666666666666,524288.0,123031.2,0.26666666666666666,266.93333333333334,106.86666666666666,1.5333333333333334
1377683284,1,2399.999729,415.9999530266666,17.333333333333332,524288.0,139459.2,0.06666666666666667,258.66666666666663,101.66666666666667,1.2
1377683584,1,2399.999729,463.9999476066667,19.333333333333332,524288.0,164275.46666666667,0.0,290.1333333333333,126.93333333333334,1.6
1377683884,1,2399.999729,423.99995212333334,17.666666666666668,524288.0,174411.73333333334,0.06666666666666667,274.66666666666663,111.26666666666667,1.4
1377684184,1,2399.999729,497.59994381266665,20.733333333333334,524288.0,186645.06666666668,153.2,311.0,132.33333333333334,2.3333333333333335
1377684484,1,2399.999729,422.399952304,17.6,524288.0,202022.93333333332,1.7333333333333334,272.2,104.93333333333334,1.5333333333333334
1377684784,1,2399.999729,423.99995212333334,17.666666666666668,524288.0,154489.33333333334,0.26666666666666666,277.26666666666665,111.8,1.8666666666666667
1377685084,1,2399.999729,438.39995049733335,18.266666666666666,524288.0,136663.2,0.2,265.4,105.26666666666667,1.4666666666666666
1377685384,1,2399.999729,417.599952846,17.4,524288.0,140507.2,0.39999999999999997,273.06666666666666,109.2,1.4
1377685684,1,2399.999729,427.19995176200007,17.8,524288.0,133168.0,0.4,280.0,117.26666666666667,1.4666666666666666
1377685984,1,2399.999729,620.7999299013333,25.866666666666664,524288.0,150993.33333333334,0.2,345.8666666666667,179.06666666666666,1.4666666666666666
1377686284,1,2399.999729,569.5999356826667,23.733333333333334,524288.0,152740.0,2.3333333333333335,304.2,134.66666666666666,1.4666666666666666
1377686584,1,2399.999729,443.1999499553334,18.46666666666667,524288.0,140507.2,0.13333333333333333,269.3333333333333,110.93333333333334,1.3333333333333333
1377686884,1,2399.999729,486.3999450773333,20.266666666666666,524288.0,153090.66666666666,0.2,268.53333333333336,109.26666666666667,1.4666666666666666
1377687184,1,2399.999729,475.19994634200003,19.8,524288.0,175110.13333333333,0.7333333333333334,272.2,111.06666666666666,1.4
1377687484,1,2399.999729,417.599952846,17.4,524288.0,154139.2,0.4,271.0,108.93333333333334,1.3333333333333333
1377687784,1,2399.999729,846.3999044273334,35.266666666666666,524288.0,183848.8,322.33333333333337,410.6666666666667,130.93333333333334,13.4
1377688084,1,2399.999729,953.5998923226667,39.733333333333334,524288.0,319463.73333333334,985.5333333333334,539.3333333333334,108.2,4.733333333333333
1377688384,1,2399.999729,588.7999335146667,24.533333333333335,524288.0,390767.4666666667,1144.8000000000002,505.26666666666665,129.13333333333333,3.466666666666667
1377688684,1,2399.999729,580.799934418,24.2,524288.0,380981.3333333333,1266.3333333333333,451.6,119.2,1.5333333333333334
1377688984,1,2399.999729,935.9998943100001,39.0,524288.0,379932.8,841.4666666666667,564.6666666666666,123.93333333333334,19.8
1377689284,1,2399.999729,539.1999391153333,22.466666666666665,524288.0,433758.13333333336,850.3333333333334,463.33333333333337,118.4,2.0
1377689584,1,2399.999729,527.99994038,22.0,524288.0,409292.0,871.4,432.4666666666667,121.13333333333334,2.2
1377689884,1,2399.999729,492.7999443546667,20.533333333333335,524288.0,440400.5333333333,1061.4666666666667,408.66666666666663,109.2,1.8
1377690184,1,2399.999729,494.39994417400004,20.6,524288.0,386922.13333333336,470.0,365.8666666666667,114.86666666666666,4.066666666666666
1377690484,1,2399.999729,401.5999546526667,16.733333333333334,524288.0,324007.2,2.2,271.40000000000003,103.13333333333334,1.9333333333333333
1377690784,1,2399.999729,414.3999532073333,17.266666666666666,524288.0,254102.93333333332,29.599999999999998,278.0,106.8,1.7333333333333334
1377691084,1,2399.999729,411.1999535686667,17.133333333333333,524288.0,216004.26666666666,1.0,273.4666666666667,104.33333333333333,1.5333333333333334
1377691384,1,2399.999729,465.59994742599997,19.4,524288.0,258996.26666666666,254.33333333333331,306.1333333333333,125.53333333333333,1.9333333333333333
1377691684,1,2399.999729,401.5999546526667,16.733333333333334,524288.0,257947.46666666667,9.0,268.8,101.4,1.4
1377691984,1,2399.999729,414.3999532073333,17.266666666666666,524288.0,187343.73333333334,1.4,268.8666666666667,104.73333333333333,2.0
1377692284,1,2399.999729,401.5999546526667,16.733333333333334,524288.0,196081.6,0.3333333333333333,268.3333333333333,103.6,1.5333333333333334
1377692584,1,2399.999729,406.39995411066667,16.933333333333334,524288.0,187692.8,15.333333333333332,270.1333333333333,102.93333333333334,1.6
1377692884,1,2399.999729,399.9999548333334,16.666666666666668,524288.0,159380.8,0.6,271.1333333333333,102.86666666666666,1.4
1377693184,1,2399.999729,447.99994941333335,18.666666666666668,524288.0,165672.8,0.5333333333333333,284.8666666666667,115.6,1.6666666666666667
1377693484,1,2399.999729,433.5999510393333,18.066666666666666,524288.0,171964.0,4.0,275.26666666666665,104.93333333333334,1.4
1377693784,1,2399.999729,409.59995374933334,17.066666666666666,524288.0,149944.8,0.3333333333333333,274.4666666666667,103.93333333333334,1.5333333333333334
1377694084,1,2399.999729,428.79995158133335,17.866666666666667,524288.0,139458.4,19.8,285.73333333333335,103.93333333333334,1.4
1377694384,1,2399.999729,447.99994941333335,18.666666666666668,524288.0,204819.46666666667,536.9333333333333,310.26666666666665,106.86666666666666,1.8666666666666667
1377694684,1,2399.999729,436.799950678,18.2,524288.0,225441.86666666667,209.6,284.26666666666665,102.13333333333334,1.7333333333333334
1377694984,1,2399.999729,491.19994453533343,20.46666666666667,524288.0,201324.8,252.60000000000002,309.2,125.4,1.8666666666666667
1377695284,1,2399.999729,441.59995013599996,18.4,524288.0,222995.2,7.866666666666667,286.06666666666666,115.8,1.4666666666666666
1377695584,1,2399.999729,449.5999492326667,18.733333333333334,524288.0,162877.06666666668,1.0,275.1333333333333,112.73333333333333,1.8666666666666667
1377695884,1,2399.999729,580.799934418,24.2,524288.0,180004.26666666666,1.2,341.06666666666666,180.26666666666668,2.8
1377696184,1,2399.999729,852.7999037046667,35.53333333333333,524288.0,181052.53333333333,15.333333333333332,367.4666666666667,201.0,2.2
1377696484,1,2399.999729,782.399911654,32.6,524288.0,164975.2,0.6,384.6666666666667,225.86666666666667,1.4
1377696785,1,2399.999729,785.5999112926667,32.733333333333334,524288.0,169168.0,0.6,381.0,222.33333333333334,1.5333333333333334
1377697085,1,2399.999729,742.3999161706666,30.933333333333334,524288.0,175460.26666666666,4.066666666666666,377.40000000000003,211.33333333333334,1.5333333333333334
1377697385,1,2399.999729,643.199927372,26.8,524288.0,182450.93333333332,1.2,331.73333333333335,169.2,1.6
1377697685,1,2399.999729,420.7999524846666,17.53333333333333,524288.0,153091.2,0.6,264.8,102.73333333333333,1.6
1377697985,1,2399.999729,497.59994381266665,20.733333333333334,524288.0,148546.93333333332,15.8,288.26666666666665,118.66666666666667,1.4666666666666666
1377698285,1,2399.999729,414.3999532073333,17.266666666666666,524288.0,156236.0,0.3333333333333333,273.93333333333334,105.0,1.4666666666666666
1377698585,1,2399.999729,823.9999069566668,34.333333333333336,524288.0,212860.0,391.0,416.4666666666667,136.46666666666667,12.333333333333334
1377698885,1,2399.999729,1558.3998240306669,64.93333333333334,524288.0,390067.4666666667,2182.6666666666665,654.8,137.46666666666667,15.133333333333333
1377699185,1,2399.999729,915.1998966586667,38.13333333333333,524288.0,412437.86666666664,670.4,529.1333333333333,176.73333333333332,4.8
1377699485,1,2399.999729,644.7999271913333,26.866666666666664,524288.0,386922.4,778.6,489.26666666666665,153.0,2.066666666666667
1377699785,1,2399.999729,639.9999277333333,26.666666666666664,524288.0,398806.93333333335,829.5333333333333,446.6,142.66666666666666,1.6
1377700085,1,2399.999729,635.1999282753333,26.466666666666665,524288.0,391117.6,870.4666666666667,422.2,146.33333333333334,1.4666666666666666
1377700385,1,2399.999729,663.9999250233334,27.666666666666664,524288.0,377135.2,847.9333333333334,474.6666666666667,148.66666666666666,1.8666666666666667
1377700685,1,2399.999729,614.399930624,25.6,524288.0,410340.8,759.1333333333333,469.6,134.13333333333333,1.5333333333333334
1377700985,1,2399.999729,683.1999228553333,28.466666666666665,524288.0,405098.93333333335,724.8666666666666,446.3333333333333,154.0,1.4666666666666666
1377701285,1,2399.999729,622.3999297206667,25.933333333333334,524288.0,385175.73333333334,781.8666666666667,445.8,137.4,1.2666666666666666
1377701585,1,2399.999729,716.7999190613333,29.866666666666664,524288.0,375388.8,887.7333333333333,426.33333333333337,156.73333333333332,2.066666666666667
1377701885,1,2399.999729,1174.3998673906667,48.93333333333333,524288.0,390068.8,416.26666666666665,541.9333333333334,154.26666666666668,25.266666666666666
1377702185,1,2399.999729,942.3998935873334,39.266666666666666,524288.0,374338.4,838.4000000000001,555.3333333333333,189.73333333333332,2.2
1377702485,1,2399.999729,777.5999121959999,32.4,524288.0,408592.26666666666,762.6666666666666,519.7333333333333,193.93333333333334,1.3333333333333333
1377702785,1,2399.999729,931.1998948519999,38.8,524288.0,406147.2,693.8666666666667,488.0,214.86666666666667,2.2
1377703085,1,2399.999729,783.9999114733333,32.666666666666664,524288.0,385874.13333333336,846.5333333333333,462.26666666666665,181.4,1.5333333333333334
1377703385,1,2399.999729,1201.5998643193334,50.06666666666667,524288.0,406845.86666666664,818.7333333333333,611.2,256.2,12.666666666666666
1377703685,1,2399.999729,924.7998955746667,38.53333333333333,524288.0,393213.86666666664,882.9333333333334,565.5999999999999,194.6,1.2666666666666666
1377703985,1,2399.999729,703.9999205066669,29.333333333333336,524288.0,389020.26666666666,782.2,446.26666666666665,137.13333333333333,1.4
1377704285,1,2399.999729,670.3999243006667,27.933333333333334,524288.0,368747.73333333334,797.8666666666667,458.2,148.13333333333333,1.5333333333333334
1377704585,1,2399.999729,753.5999149060001,31.4,524288.0,388321.06666666665,870.0666666666666,394.5333333333333,112.93333333333334,1.6
1377704885,1,2399.999729,499.19994363200004,20.8,524288.0,392165.86666666664,394.93333333333334,319.26666666666665,100.46666666666667,2.0
1377705185,1,2399.999729,438.39995049733335,18.266666666666666,524288.0,299890.4,30.866666666666667,271.4,108.4,1.5333333333333334
1377705485,1,2399.999729,433.5999510393333,18.066666666666666,524288.0,251656.8,0.7333333333333333,258.73333333333335,101.33333333333333,1.4666666666666666
1377705785,1,2399.999729,476.79994616133337,19.866666666666667,524288.0,245714.4,9.2,303.6666666666667,138.06666666666666,2.0
1377706085,1,2399.999729,436.799950678,18.2,524288.0,249209.6,7.866666666666667,274.06666666666666,109.8,1.5333333333333334
1377706385,1,2399.999729,470.3999468840001,19.6,524288.0,222644.8,1.0,270.73333333333335,110.33333333333333,1.9333333333333333
1377706685,1,2399.999729,495.9999439933333,20.666666666666664,524288.0,206218.13333333333,0.8,274.6,106.73333333333333,1.4
1377706986,1,2399.999729,478.39994598066664,19.933333333333334,524288.0,213557.33333333334,22.799999999999997,276.73333333333335,108.66666666666667,1.4666666666666666
1377707286,1,2399.999729,484.799945258,20.2,524288.0,202722.66666666666,0.26666666666666666,282.6666666666667,115.4,1.5333333333333334
1377707586,1,2399.999729,487.99994489666665,20.333333333333332,524288.0,190839.2,0.7333333333333333,324.2,167.66666666666666,2.2666666666666666
1377707886,1,2399.999729,1559.9998238500002,65.0,524288.0,242220.0,5.333333333333333,868.8666666666666,764.6,3.8
1377708186,1,2399.999729,1286.399854744,53.6,524288.0,284511.73333333334,2.2666666666666666,666.4,541.2,2.8
1377708486,1,2399.999729,753.5999149060001,31.4,524288.0,242219.2,1.8,365.59999999999997,219.4,1.7333333333333334
1377708786,1,2399.999729,446.3999495940001,18.6,524288.0,197130.4,28.2,261.3333333333333,102.6,1.6
1377709086,1,2399.999729,465.59994742599997,19.4,524288.0,161478.4,0.8,262.26666666666665,105.73333333333333,1.4666666666666666
1377709386,1,2399.999729,438.39995049733335,18.266666666666666,524288.0,137712.0,10.533333333333333,290.8,126.93333333333334,1.9333333333333333
1377709686,1,2399.999729,404.79995429133334,16.866666666666667,524288.0,162178.13333333333,7.8,265.4666666666667,100.33333333333333,1.5333333333333334
1377709986,1,2399.999729,403.199954472,16.8,524288.0,157633.6,1.0666666666666667,261.20000000000005,101.4,1.8
1377710286,1,2399.999729,444.7999497746667,18.53333333333333,524288.0,149944.0,0.26666666666666666,261.8666666666667,102.73333333333333,1.4
1377710586,1,2399.999729,473.5999465226667,19.733333333333334,524288.0,137361.86666666667,12.133333333333333,266.2,100.13333333333334,1.4666666666666666
1377710886,1,2399.999729,423.99995212333334,17.666666666666668,524288.0,157634.13333333333,0.26666666666666666,263.5333333333333,102.93333333333334,1.4
1377711186,1,2399.999729,425.59995194266673,17.733333333333334,524288.0,136662.93333333332,0.26666666666666666,270.33333333333337,105.2,1.6
1377711486,1,2399.999729,414.3999532073333,17.266666666666666,524288.0,166721.06666666668,3.5333333333333337,272.6,106.26666666666667,1.3333333333333333
1377711786,1,2399.999729,422.399952304,17.6,524288.0,165673.33333333334,0.26666666666666666,277.3333333333333,109.2,1.4
1377712086,1,2399.999729,407.99995393000006,17.0,524288.0,154838.66666666666,0.2,261.73333333333335,99.0,1.4666666666666666
1377712386,1,2399.999729,425.59995194266673,17.733333333333334,524288.0,165323.46666666667,1.0,270.4,101.8,1.4
1377712686,1,2399.999729,396.7999551946666,16.53333333333333,524288.0,147498.13333333333,0.26666666666666666,263.73333333333335,99.13333333333334,1.4
1377712986,1,2399.999729,476.79994616133337,19.866666666666667,524288.0,210411.73333333334,933.1333333333333,340.6666666666667,133.73333333333332,1.8666666666666667
1377713286,1,2399.999729,430.3999514006667,17.933333333333334,524288.0,301289.06666666665,10.066666666666666,261.6666666666667,97.66666666666667,1.5333333333333334
1377713586,1,2399.999729,422.399952304,17.6,524288.0,175809.86666666667,1.5999999999999999,259.73333333333335,100.06666666666666,1.9333333333333333
1377713886,1,2399.999729,446.3999495940001,18.6,524288.0,140507.2,1.0666666666666667,259.26666666666665,98.73333333333333,1.3333333333333333
1377714186,1,2399.999729,444.7999497746667,18.53333333333333,524288.0,160430.4,24.0,262.4,101.86666666666666,1.3333333333333333
1377714486,1,2399.999729,430.3999514006667,17.933333333333334,524288.0,158332.8,0.4,263.26666666666665,100.13333333333334,1.4
1377714786,1,2399.999729,447.99994941333335,18.666666666666668,524288.0,144700.8,0.4666666666666667,269.06666666666666,107.6,1.7333333333333334
1377715086,1,2399.999729,439.9999503166666,18.333333333333332,524288.0,148546.93333333332,2.0,271.26666666666665,103.93333333333334,1.3333333333333333
1377715386,1,2399.999729,487.99994489666665,20.333333333333332,524288.0,122681.33333333333,0.0,264.5333333333333,102.8,1.5333333333333334
1377715686,1,2399.999729,470.3999468840001,19.6,524288.0,138759.46666666667,0.0,280.26666666666665,116.66666666666667,1.3333333333333333
1377715987,1,2399.999729,543.9999385733332,22.666666666666664,524288.0,159033.06666666668,10.6,286.2,122.46666666666667,1.5333333333333334
1377716287,1,2399.999729,407.99995393000006,17.0,524288.0,148546.93333333332,0.06666666666666667,269.3333333333333,103.13333333333334,1.2666666666666666
1377716587,1,2399.999729,430.3999514006667,17.933333333333334,524288.0,140507.73333333334,7.933333333333334,290.73333333333335,122.4,1.8
1377716887,1,2399.999729,414.3999532073333,17.266666666666666,524288.0,161828.26666666666,1.0,278.5333333333333,110.6,1.2666666666666666
1377717187,1,2399.999729,470.3999468840001,19.6,524288.0,153439.2,0.3333333333333333,266.0,102.4,1.7333333333333334
1377717487,1,2399.999729,457.59994832933336,19.066666666666666,524288.0,154138.93333333332,0.3333333333333333,262.46666666666664,99.26666666666667,1.3333333333333333
1377717787,1,2399.999729,495.9999439933333,20.666666666666664,524288.0,153439.46666666667,4.533333333333333,259.06666666666666,101.46666666666667,1.5333333333333334
1377718087,1,2399.999729,463.9999476066667,19.333333333333332,524288.0,153089.6,0.26666666666666666,256.93333333333334,98.0,1.3333333333333333
1377718387,1,2399.999729,414.3999532073333,17.266666666666666,524288.0,141556.0,0.26666666666666666,259.5333333333333,101.4,1.4
1377718687,1,2399.999729,395.1999553753334,16.46666666666667,524288.0,149594.66666666666,2.4000000000000004,262.26666666666665,100.4,1.4
1377718987,1,2399.999729,412.799953388,17.2,524288.0,139458.13333333333,0.13333333333333333,260.6,100.13333333333334,1.4
1377719286,1,2399.999729,427.19995176200007,17.8,524288.0,128973.6,0.2,253.46666666666664,97.93333333333334,1.4666666666666666
1377719586,1,2399.999729,455.99994851,19.0,524288.0,155537.33333333334,0.2,260.59999999999997,100.2,1.6
1377719886,1,2399.999729,439.9999503166666,18.333333333333332,524288.0,147848.0,0.26666666666666666,255.39999999999998,99.86666666666666,1.4
1377720186,1,2399.999729,476.79994616133337,19.866666666666667,524288.0,147847.2,6.533333333333333,298.8666666666667,133.13333333333333,1.9333333333333333
1377720486,1,2399.999729,420.7999524846666,17.53333333333333,524288.0,165672.8,0.5333333333333333,258.26666666666665,97.86666666666666,1.5333333333333334
1377720786,1,2399.999729,476.79994616133337,19.866666666666667,524288.0,143653.86666666667,0.4666666666666667,261.8,102.53333333333333,1.8666666666666667
1377721086,1,2399.999729,527.99994038,22.0,524288.0,148895.73333333334,0.2,264.8666666666667,104.73333333333333,1.4666666666666666
1377721386,1,2399.999729,484.799945258,20.2,524288.0,170916.53333333333,13.866666666666667,282.8,119.13333333333334,1.5333333333333334
1377721686,1,2399.999729,487.99994489666665,20.333333333333332,524288.0,144352.0,0.13333333333333333,266.73333333333335,106.4,1.2
1377721986,1,2399.999729,526.3999405606668,21.933333333333334,524288.0,148546.13333333333,0.2,272.0,112.26666666666667,1.5333333333333334
1377722286,1,2399.999729,486.3999450773333,20.266666666666666,524288.0,146100.26666666666,1.8666666666666667,272.0,107.53333333333333,1.4
1377722586,1,2399.999729,556.799937128,23.2,524288.0,129671.73333333334,0.06666666666666667,280.5333333333333,118.6,1.5333333333333334
1377722886,1,2399.999729,516.7999416446668,21.533333333333335,524288.0,139108.53333333333,0.33333333333333337,274.4666666666667,114.53333333333333,1.3333333333333333
1377723186,1,2399.999729,531.1999400186668,22.133333333333336,524288.0,159381.6,0.4666666666666667,276.26666666666665,110.53333333333333,1.4
1377723486,1,2399.999729,515.1999418253333,21.466666666666665,524288.0,157984.26666666666,0.26666666666666666,268.73333333333335,106.53333333333333,1.3333333333333333
1377723787,1,2399.999729,489.599944716,20.4,524288.0,151692.0,152.53333333333336,296.2,126.53333333333333,1.8666666666666667
1377724087,1,2399.999729,465.59994742599997,19.4,524288.0,232781.6,117.26666666666667,256.8666666666667,94.66666666666667,1.4666666666666666
1377724387,1,2399.999729,519.9999412833333,21.666666666666664,524288.0,163576.0,0.26666666666666666,258.66666666666663,100.2,1.6666666666666667
1377724687,1,2399.999729,475.19994634200003,19.8,524288.0,165672.8,0.2,254.53333333333336,98.0,1.2
1377724987,1,2399.999729,475.19994634200003,19.8,524288.0,152041.6,1.2,255.26666666666668,102.06666666666666,1.4
1377725287,1,2399.999729,492.7999443546667,20.533333333333335,524288.0,150294.4,0.2,251.46666666666667,96.73333333333333,1.0
1377725587,1,2399.999729,523.199940922,21.8,524288.0,141207.2,0.4666666666666667,253.53333333333336,100.73333333333333,1.3333333333333333
1377725887,1,2399.999729,467.19994724533336,19.46666666666667,524288.0,155537.06666666668,2.4000000000000004,255.66666666666666,99.8,1.5333333333333334
1377726187,1,2399.999729,507.19994272866677,21.133333333333336,524288.0,133168.0,0.4,253.06666666666666,96.46666666666667,1.3333333333333333
1377726487,1,2399.999729,454.3999486906667,18.933333333333334,524288.0,144002.93333333332,0.06666666666666667,248.06666666666666,96.0,1.1333333333333333
1377726787,1,2399.999729,510.3999423673333,21.266666666666666,524288.0,135964.0,0.33333333333333337,261.33333333333337,100.13333333333334,1.4
1377727087,1,2399.999729,457.59994832933336,19.066666666666666,524288.0,135265.06666666668,0.13333333333333333,252.2,97.6,1.2666666666666666
1377727387,1,2399.999729,494.39994417400004,20.6,524288.0,138059.73333333334,14.066666666666666,307.1333333333333,159.0,1.8
1377727687,1,2399.999729,495.9999439933333,20.666666666666664,524288.0,199577.06666666668,3.3333333333333335,328.3333333333333,159.86666666666667,1.2666666666666666
1377727987,1,2399.999729,505.5999429093333,21.066666666666666,524288.0,170565.86666666667,1.7999999999999998,277.8,112.73333333333333,1.8666666666666667
1377728287,1,2399.999729,439.9999503166666,18.333333333333332,524288.0,144700.8,0.6,263.8,98.6,1.2666666666666666
1377728587,1,2399.999729,459.19994814866664,19.133333333333333,524288.0,184547.73333333334,0.6666666666666666,262.26666666666665,97.33333333333333,1.2666666666666666
1377728887,1,2399.999729,527.99994038,22.0,524288.0,161479.2,0.13333333333333333,264.2,100.26666666666667,1.0666666666666667
1377729187,1,2399.999729,508.79994254800005,21.2,524288.0,180353.6,0.2,277.1333333333333,108.26666666666667,1.3333333333333333
1377729487,1,2399.999729,463.9999476066667,19.333333333333332,524288.0,167771.2,2.066666666666667,288.06666666666666,120.13333333333334,1.2
1377729787,1,2399.999729,483.1999454386667,20.133333333333333,524288.0,149246.4,0.06666666666666667,270.6666666666667,106.13333333333334,1.2
1377730087,1,2399.999729,491.19994453533343,20.46666666666667,524288.0,136662.93333333332,0.13333333333333333,262.3333333333333,99.0,1.0666666666666667
1377730387,1,2399.999729,547.199938212,22.8,524288.0,173363.46666666667,0.4666666666666667,274.8,111.46666666666667,1.3333333333333333
1377730687,1,2399.999729,542.399938754,22.6,524288.0,165323.46666666667,0.06666666666666667,264.33333333333337,104.2,1.0666666666666667
1377730987,1,2399.999729,580.799934418,24.2,524288.0,163225.6,429.1333333333333,389.53333333333336,158.2,1.8
1377731288,1,2399.999729,513.599942006,21.4,524288.0,300240.0,897.6000000000001,451.0666666666667,113.6,1.1333333333333333
1377731588,1,2399.999729,484.799945258,20.2,524288.0,324357.06666666665,1038.3333333333333,454.6,104.73333333333333,1.7333333333333334
1377731888,1,2399.999729,579.1999345986667,24.133333333333336,524288.0,379583.4666666667,1228.9999999999998,412.0,103.13333333333334,1.1333333333333333
1377732188,1,2399.999729,2460.7997221346673,102.53333333333335,524288.0,384126.6666666667,1730.3999999999999,324.93333333333334,102.46666666666667,1.3333333333333333
1377732488,1,2399.999729,2422.399726470667,100.93333333333334,524288.0,407195.73333333334,1683.8,323.73333333333335,101.53333333333333,1.0
1377732788,1,2399.999729,2499.199717798667,104.13333333333334,524288.0,423971.73333333334,1676.6666666666665,324.26666666666665,103.33333333333333,1.1333333333333333
1377733088,1,2399.999729,2356.799733878,98.2,524288.0,427466.6666666667,1624.0666666666668,319.8666666666667,102.06666666666666,1.0
1377733388,1,2399.999729,2342.399735504,97.6,524288.0,398107.2,1856.0,293.93333333333334,98.86666666666666,1.2
1377733688,1,2399.999729,2275.199743092,94.8,524288.0,319464.0,1715.9333333333334,311.8,99.0,1.1333333333333333
1377733988,1,2399.999729,2217.599749596,92.4,524288.0,288357.6,1805.0666666666666,309.73333333333335,100.66666666666667,1.2666666666666666
1377734288,1,2399.999729,1756.7998016280003,73.2,524288.0,357563.2,1412.2666666666669,286.8666666666667,95.2,1.1333333333333333
1377734588,1,2399.999729,2203.199751222,91.8,524288.0,311425.6,1386.3333333333333,399.20000000000005,181.2,1.5333333333333334
1377734888,1,2399.999729,2412.7997275546672,100.53333333333335,524288.0,337640.0,1117.6,262.4666666666667,93.33333333333333,1.0666666666666667
1377735188,1,2399.999729,2155.199756642,89.8,524288.0,365602.13333333336,926.1999999999999,258.66666666666663,95.86666666666666,1.6
1377735488,1,2399.999729,2118.3997607973333,88.26666666666667,524288.0,340086.4,926.6,264.73333333333335,97.86666666666666,1.0666666666666667
1377735788,1,2399.999729,2334.3997364073334,97.26666666666667,524288.0,340436.0,860.7333333333333,266.1333333333333,96.6,1.2
1377736088,1,2399.999729,2339.199735865333,97.46666666666665,524288.0,346028.26666666666,970.0666666666667,266.4666666666667,95.93333333333334,1.0666666666666667
1377736388,1,2399.999729,2379.199731348667,99.13333333333334,524288.0,354766.6666666667,1050.2666666666667,264.6,99.4,1.4
1377736688,1,2399.999729,2263.9997443566667,94.33333333333334,524288.0,358960.5333333333,1155.4666666666665,277.4,96.13333333333334,0.8666666666666667
1377736988,1,2399.999729,2355.1997340586668,98.13333333333334,524288.0,294997.6,1826.1333333333334,326.6,96.2,1.1333333333333333
1377737288,1,2399.999729,2390.399730084,99.6,524288.0,266685.86666666664,1865.5333333333333,290.06666666666666,93.8,1.1333333333333333
1377737588,1,2399.999729,2399.999729,100.0,524288.0,336940.0,1856.8666666666666,312.8666666666667,100.86666666666666,1.2666666666666666
1377737888,1,2399.999729,2377.5997315293334,99.06666666666666,524288.0,343931.73333333334,2489.0666666666666,381.46666666666664,97.73333333333333,1.0666666666666667
1377738188,1,2399.999729,2419.199726832,100.8,524288.0,403350.4,2592.1333333333337,418.5333333333333,117.53333333333333,1.7333333333333334
1377738489,1,2399.999729,2126.399759894,88.6,524288.0,433060.5333333333,2178.666666666667,388.6,116.26666666666667,1.1333333333333333
1377738789,1,2399.999729,2281.5997423693334,95.06666666666666,524288.0,439701.06666666665,2375.933333333333,383.66666666666663,100.66666666666667,1.7333333333333334
1377739089,1,2399.999729,2142.3997580873333,89.26666666666667,524288.0,419428.8,1548.0666666666668,316.6666666666667,98.6,1.2
1377739389,1,2399.999729,367.99995844666665,15.333333333333332,524288.0,306881.86666666664,34.53333333333333,256.93333333333334,99.0,1.2
1377739689,1,2399.999729,353.59996007266665,14.733333333333333,524288.0,187693.6,0.4,251.60000000000002,96.6,1.1333333333333333
1377739989,1,2399.999729,363.1999589886667,15.133333333333333,524288.0,158332.8,1.2,259.73333333333335,99.6,1.3333333333333333
1377740289,1,2399.999729,358.39995953066665,14.933333333333332,524288.0,157284.8,3.6,260.8,100.26666666666667,1.1333333333333333
1377740589,1,2399.999729,356.7999597113334,14.866666666666667,524288.0,121632.8,0.5333333333333333,260.8,98.46666666666667,1.4
1377740889,1,2399.999729,355.19995989200004,14.8,524288.0,153090.4,0.13333333333333333,251.26666666666665,94.46666666666667,1.1333333333333333
1377741189,1,2399.999729,366.3999586273334,15.266666666666667,524288.0,134915.2,0.2,264.06666666666666,102.4,1.2
1377741489,1,2399.999729,358.39995953066665,14.933333333333332,524288.0,120933.6,0.0,264.6,105.8,1.2
1377741789,1,2399.999729,459.19994814866664,19.133333333333333,524288.0,140507.2,536.6666666666666,305.5333333333333,123.26666666666667,2.0
1377742089,1,2399.999729,572.7999353213334,23.866666666666664,524288.0,265287.73333333334,1.6666666666666665,305.0,97.0,1.2
1377742389,1,2399.999729,508.79994254800005,21.2,524288.0,170916.0,0.7333333333333333,282.93333333333334,98.8,1.7333333333333334
1377742689,1,2399.999729,451.199949052,18.8,524288.0,153790.13333333333,0.6666666666666666,282.06666666666666,100.93333333333334,1.2
1377742989,1,2399.999729,508.79994254800005,21.2,524288.0,314920.0,869.7333333333333,383.0,101.53333333333333,1.4
1377743289,1,2399.999729,419.1999526653334,17.46666666666667,524288.0,302686.6666666667,1.4,278.40000000000003,109.73333333333333,1.1333333333333333
1377743589,1,2399.999729,409.59995374933334,17.066666666666666,524288.0,215655.2,1.1333333333333333,261.8666666666667,98.66666666666667,1.1333333333333333
1377743889,1,2399.999729,414.3999532073333,17.266666666666666,524288.0,188392.53333333333,4.333333333333333,266.5333333333333,97.13333333333334,1.1333333333333333
1377744189,1,2399.999729,399.9999548333334,16.666666666666668,524288.0,181751.73333333334,0.4,256.6,94.66666666666667,1.3333333333333333
1377744489,1,2399.999729,395.1999553753334,16.46666666666667,524288.0,163576.8,0.26666666666666666,253.39999999999998,94.6,1.0
1377744789,1,2399.999729,399.9999548333334,16.666666666666668,524288.0,178956.0,16.266666666666666,257.26666666666665,98.33333333333333,1.2666666666666666
1377745089,1,2399.999729,380.7999570013334,15.866666666666667,524288.0,159381.86666666667,0.0,249.13333333333333,94.86666666666666,1.0666666666666667
1377745389,1,2399.999729,427.19995176200007,17.8,524288.0,162877.33333333334,13.333333333333332,284.8,114.26666666666667,1.5333333333333334
1377745689,1,2399.999729,331.199962602,13.8,524288.0,172313.6,0.0,253.2,93.66666666666667,1.0
1377745989,1,2399.999729,377.59995736266666,15.733333333333333,524288.0,165673.6,0.7333333333333333,251.13333333333333,98.33333333333333,1.6
1377746289,1,2399.999729,355.19995989200004,14.8,524288.0,159382.4,0.26666666666666666,255.66666666666666,96.86666666666666,1.0666666666666667
1377746589,1,2399.999729,358.39995953066665,14.933333333333332,524288.0,167769.6,0.6,259.5333333333333,98.13333333333334,1.2666666666666666
1377746889,1,2399.999729,355.19995989200004,14.8,524288.0,159381.6,0.0,260.0,103.53333333333333,1.0666666666666667
1377747189,1,2399.999729,374.399957724,15.6,524288.0,142604.8,0.0,263.1333333333333,109.33333333333333,1.0666666666666667
1377747489,1,2399.999729,367.99995844666665,15.333333333333332,524288.0,139458.4,3.466666666666667,263.6,107.26666666666667,1.1333333333333333
1377747789,1,2399.999729,393.599955556,16.4,524288.0,160430.4,0.13333333333333333,270.4666666666667,112.93333333333334,1.1333333333333333
1377748089,1,2399.999729,553.5999374893333,23.066666666666666,524288.0,157284.26666666666,0.0,281.3333333333333,132.13333333333333,0.9333333333333333
1377748389,1,2399.999729,603.1999318886668,25.133333333333336,524288.0,167770.66666666666,0.5333333333333333,286.3333333333333,133.2,1.0
1377748690,1,2399.999729,505.5999429093333,21.066666666666666,524288.0,152740.0,0.2,257.93333333333334,101.26666666666667,0.8666666666666667
1377748990,1,2399.999729,761.5999140026668,31.733333333333334,524288.0,179303.73333333334,6.6000000000000005,337.1333333333333,175.13333333333333,1.5333333333333334
1377749290,1,2399.999729,675.1999237586667,28.133333333333336,524288.0,204120.53333333333,7.800000000000001,303.8666666666667,139.73333333333332,1.0666666666666667
1377749590,1,2399.999729,561.599936586,23.4,524288.0,191888.0,0.13333333333333333,280.6666666666667,122.66666666666667,1.4666666666666666
1377749890,1,2399.999729,623.99992954,26.0,524288.0,164275.2,0.26666666666666666,326.20000000000005,172.8,0.9333333333333333
1377750190,1,2399.999729,539.1999391153333,22.466666666666665,524288.0,174411.46666666667,3.2666666666666666,284.33333333333337,120.46666666666667,1.1333333333333333
1377750490,1,2399.999729,492.7999443546667,20.533333333333335,524288.0,166023.2,0.3333333333333333,294.3333333333333,135.2,1.0666666666666667
1377750790,1,2399.999729,511.9999421866667,21.333333333333336,524288.0,153090.93333333332,0.33333333333333337,288.06666666666666,128.66666666666666,1.3333333333333333
1377751090,1,2399.999729,473.5999465226667,19.733333333333334,524288.0,152040.8,3.8666666666666667,268.3333333333333,107.4,1.2
1377751390,1,2399.999729,451.199949052,18.8,524288.0,139459.2,0.2,277.5333333333333,113.73333333333333,1.2666666666666666
1377751690,1,2399.999729,476.79994616133337,19.866666666666667,524288.0,143653.6,0.26666666666666666,276.6666666666667,121.86666666666666,0.9333333333333333
1377751990,1,2399.999729,441.59995013599996,18.4,524288.0,149944.0,0.4666666666666667,278.5333333333333,115.4,1.1333333333333333
1377752289,1,2399.999729,473.5999465226667,19.733333333333334,524288.0,150642.66666666666,0.13333333333333333,283.4666666666667,128.6,1.1333333333333333
1377752589,1,2399.999729,540.7999389346667,22.533333333333335,524288.0,178954.66666666666,6.866666666666666,313.93333333333334,153.86666666666667,1.7333333333333334
1377752889,1,2399.999729,399.9999548333334,16.666666666666668,524288.0,163576.0,2.2666666666666666,256.79999999999995,106.33333333333333,1.0666666666666667
1377753189,1,2399.999729,364.799958808,15.2,524288.0,154837.33333333334,0.13333333333333333,259.33333333333337,102.66666666666667,1.7333333333333334
1377753489,1,2399.999729,420.7999524846666,17.53333333333333,524288.0,135963.46666666667,0.3333333333333333,271.73333333333335,116.06666666666666,1.2
1377753789,1,2399.999729,439.9999503166666,18.333333333333332,524288.0,149245.33333333334,13.933333333333334,286.5333333333333,133.06666666666666,1.2
1377754089,1,2399.999729,499.19994363200004,20.8,524288.0,170916.8,0.2,293.06666666666666,139.8,1.0666666666666667
1377754389,1,2399.999729,580.799934418,24.2,524288.0,169518.4,0.2,326.4,172.33333333333334,1.2666666666666666
1377754689,1,2399.999729,644.7999271913333,26.866666666666664,524288.0,181052.26666666666,2.0,321.33333333333337,171.73333333333332,1.0666666666666667
1377754989,1,2399.999729,470.3999468840001,19.6,524288.0,160429.86666666667,0.13333333333333333,264.20000000000005,102.46666666666667,1.2
1377755289,1,2399.999729,532.799939838,22.2,524288.0,160430.4,0.13333333333333333,255.93333333333334,98.0,1.2
1377755589,1,2399.999729,579.1999345986667,24.133333333333336,524288.0,157634.66666666666,0.6,280.0,117.33333333333333,1.3333333333333333
1377755890,1,2399.999729,489.599944716,20.4,524288.0,161479.2,0.0,254.73333333333335,98.73333333333333,1.2
1377756190,1,2399.999729,510.3999423673333,21.266666666666666,524288.0,150992.8,6.533333333333334,289.8666666666667,128.73333333333332,1.6
1377756490,1,2399.999729,356.7999597113334,14.866666666666667,524288.0,166720.8,1.5333333333333334,249.39999999999998,97.2,1.2666666666666666
1377756790,1,2399.999729,374.399957724,15.6,524288.0,148895.2,0.06666666666666667,260.93333333333334,108.2,1.6666666666666667
1377757090,1,2399.999729,380.7999570013334,15.866666666666667,524288.0,126876.0,0.0,255.2,98.93333333333334,1.2666666666666666
1377757390,1,2399.999729,363.1999589886667,15.133333333333333,524288.0,140507.2,0.0,254.73333333333335,98.0,1.4
1377757690,1,2399.999729,375.9999575433334,15.666666666666668,524288.0,139808.0,0.2,269.53333333333336,114.06666666666666,1.2666666666666666
1377757990,1,2399.999729,374.399957724,15.6,524288.0,155186.93333333332,0.2,260.1333333333333,103.66666666666667,1.3333333333333333
1377758290,1,2399.999729,377.59995736266666,15.733333333333333,524288.0,133167.73333333334,2.7333333333333334,258.5333333333333,102.06666666666666,1.2666666666666666
1377758590,1,2399.999729,366.3999586273334,15.266666666666667,524288.0,123730.4,0.26666666666666666,253.46666666666667,100.4,1.4666666666666666
1377758890,1,2399.999729,359.99995935,15.0,524288.0,124430.13333333333,0.0,256.26666666666665,103.13333333333334,1.2666666666666666
1377759190,1,2399.999729,636.7999280946667,26.533333333333335,524288.0,150644.0,0.8,416.6,253.86666666666667,2.6
1377759490,1,2399.999729,1153.5998697393336,48.06666666666667,524288.0,190139.46666666667,0.2,599.2,457.73333333333335,3.4
1377759790,1,2399.999729,601.5999320693334,25.066666666666666,524288.0,225442.13333333333,245.86666666666667,336.93333333333334,159.46666666666667,2.0
1377760090,1,2399.999729,430.3999514006667,17.933333333333334,524288.0,236627.2,1.8666666666666667,271.06666666666666,112.26666666666667,1.4666666666666666
1377760390,1,2399.999729,393.599955556,16.4,524288.0,173711.2,0.4,266.73333333333335,104.8,1.8666666666666667
1377760690,1,2399.999729,398.39995501400006,16.6,524288.0,134216.53333333333,0.2,260.26666666666665,100.13333333333334,1.4
1377760990,1,2399.999729,404.79995429133334,16.866666666666667,524288.0,147148.8,0.4666666666666667,268.3333333333333,103.26666666666667,1.4666666666666666
1377761290,1,2399.999729,374.399957724,15.6,524288.0,144351.73333333334,0.0,260.06666666666666,99.33333333333333,1.4
1377761590,1,2399.999729,401.5999546526667,16.733333333333334,524288.0,121632.8,0.39999999999999997,266.26666666666665,106.0,1.5333333333333334
1377761890,1,2399.999729,403.199954472,16.8,524288.0,127924.8,2.466666666666667,262.33333333333337,103.33333333333333,1.5333333333333334
1377762190,1,2399.999729,395.1999553753334,16.46666666666667,524288.0,120584.8,0.13333333333333333,256.1333333333333,102.4,1.8666666666666667
1377762490,1,2399.999729,414.3999532073333,17.266666666666666,524288.0,125128.53333333334,0.0,263.4666666666667,109.46666666666667,1.6666666666666667
1377762790,1,2399.999729,409.59995374933334,17.066666666666666,524288.0,137362.4,0.4,276.26666666666665,114.26666666666667,1.8
1377763090,1,2399.999729,377.59995736266666,15.733333333333333,524288.0,138410.4,0.06666666666666667,255.6,101.4,1.5333333333333334
1377763390,1,2399.999729,444.7999497746667,18.53333333333333,524288.0,186994.66666666666,155.73333333333335,294.1333333333333,123.8,2.0
1377763690,1,2399.999729,380.7999570013334,15.866666666666667,524288.0,209714.13333333333,1.4666666666666666,257.06666666666666,99.2,1.4
1377763990,1,2399.999729,401.5999546526667,16.733333333333334,524288.0,160080.0,0.7333333333333333,262.0,105.2,1.9333333333333333
1377764290,1,2399.999729,407.99995393000006,17.0,524288.0,153788.0,0.26666666666666666,265.5333333333333,104.0,1.3333333333333333
1377764590,1,2399.999729,537.599939296,22.4,524288.0,180353.33333333334,12.133333333333333,300.2,105.66666666666667,1.4666666666666666
1377764890,1,2399.999729,487.99994489666665,20.333333333333332,524288.0,176509.06666666668,0.2,269.2,102.4,1.4
1377765191,1,2399.999729,473.5999465226667,19.733333333333334,524288.0,157982.93333333332,0.13333333333333333,270.8666666666667,107.53333333333333,1.6
1377765491,1,2399.999729,457.59994832933336,19.066666666666666,524288.0,149594.4,1.8666666666666667,264.8,104.33333333333333,1.5333333333333334
1377765791,1,2399.999729,438.39995049733335,18.266666666666666,524288.0,146099.73333333334,0.13333333333333333,265.33333333333337,104.66666666666667,1.5333333333333334
1377766091,1,2399.999729,467.19994724533336,19.46666666666667,524288.0,166372.0,0.06666666666666667,267.8666666666667,110.0,1.3333333333333333
1377766391,1,2399.999729,499.19994363200004,20.8,524288.0,173012.8,0.33333333333333337,265.26666666666665,106.93333333333334,1.5333333333333334
1377766691,1,2399.999729,491.19994453533343,20.46666666666667,524288.0,152391.73333333334,0.4666666666666666,253.46666666666667,102.13333333333334,1.4
1377766991,1,2399.999729,513.599942006,21.4,524288.0,180003.73333333334,176.26666666666668,291.33333333333337,124.13333333333334,2.0
1377767291,1,2399.999729,396.7999551946666,16.53333333333333,524288.0,187693.6,1.3333333333333333,253.93333333333334,98.93333333333334,1.3333333333333333
1377767591,1,2399.999729,422.399952304,17.6,524288.0,142604.8,0.13333333333333333,259.8,106.6,1.8
1377767891,1,2399.999729,383.99995664,16.0,524288.0,139459.2,0.06666666666666667,255.8,102.2,1.4666666666666666
1377768191,1,2399.999729,449.5999492326667,18.733333333333334,524288.0,139459.2,0.39999999999999997,277.46666666666664,120.13333333333334,1.4666666666666666
1377768491,1,2399.999729,415.9999530266666,17.333333333333332,524288.0,138411.2,0.2,263.8,104.33333333333333,1.4666666666666666
1377768791,1,2399.999729,399.9999548333334,16.666666666666668,524288.0,146100.53333333333,0.2,263.66666666666663,107.2,2.066666666666667
1377769091,1,2399.999729,388.79995609799994,16.2,524288.0,145750.4,2.066666666666667,263.06666666666666,102.46666666666667,1.2666666666666666
1377769391,1,2399.999729,387.19995627866666,16.133333333333333,524288.0,138409.33333333334,0.26666666666666666,262.46666666666664,105.2,1.8
1377769691,1,2399.999729,393.599955556,16.4,524288.0,131070.13333333333,0.06666666666666667,263.0,103.53333333333333,1.3333333333333333
1377769991,1,2399.999729,425.59995194266673,17.733333333333334,524288.0,139808.8,0.13333333333333333,270.26666666666665,108.2,1.4666666666666666
1377770291,1,2399.999729,494.39994417400004,20.6,524288.0,146099.46666666667,0.13333333333333333,263.6,103.93333333333334,1.2
1377770591,1,2399.999729,527.99994038,22.0,524288.0,203771.73333333334,154.2,306.4,129.4,1.9333333333333333
1377770891,1,2399.999729,407.99995393000006,17.0,524288.0,231733.06666666668,1.3333333333333333,264.4666666666667,103.46666666666667,1.4666666666666666
1377771191,1,2399.999729,443.1999499553334,18.46666666666667,524288.0,149945.06666666668,0.13333333333333333,261.4666666666667,108.26666666666667,1.7333333333333334
1377771491,1,2399.999729,460.79994796799997,19.2,524288.0,142254.66666666666,0.06666666666666667,255.53333333333333,103.26666666666667,1.4
1377771791,1,2399.999729,502.3999432706667,20.933333333333334,524288.0,151691.46666666667,0.39999999999999997,260.1333333333333,102.26666666666667,1.4666666666666666
1377772091,1,2399.999729,433.5999510393333,18.066666666666666,524288.0,146449.86666666667,0.06666666666666667,254.66666666666663,98.93333333333334,1.4666666666666666
1377772391,1,2399.999729,511.9999421866667,21.333333333333336,524288.0,146100.26666666666,0.26666666666666666,258.5333333333333,103.66666666666667,1.5333333333333334
1377772691,1,2399.999729,473.5999465226667,19.733333333333334,524288.0,134216.8,2.4,273.06666666666666,108.4,1.4666666666666666
1377772991,1,2399.999729,396.7999551946666,16.53333333333333,524288.0,145750.4,0.2,258.0,101.33333333333333,1.5333333333333334
1377773291,1,2399.999729,423.99995212333334,17.666666666666668,524288.0,120584.0,0.13333333333333333,258.06666666666666,98.86666666666666,1.3333333333333333
1377773591,1,2399.999729,473.5999465226667,19.733333333333334,524288.0,161478.4,0.26666666666666666,265.3333333333333,105.13333333333334,1.6
1377773891,1,2399.999729,447.99994941333335,18.666666666666668,524288.0,136313.6,3.1333333333333337,253.53333333333336,97.93333333333334,1.2
1377774191,1,2399.999729,1060.7998802180002,44.2,524288.0,207265.6,336.8666666666667,439.06666666666666,131.73333333333332,14.266666666666667
1377774491,1,2399.999729,942.3998935873334,39.266666666666666,524288.0,353367.4666666667,1503.2666666666667,541.2666666666667,108.53333333333333,4.933333333333334
1377774791,1,2399.999729,537.599939296,22.4,524288.0,386922.4,1233.0666666666666,487.33333333333337,116.53333333333333,3.533333333333333
1377775091,1,2399.999729,516.7999416446668,21.533333333333335,524288.0,388670.6666666667,1272.0666666666666,448.26666666666665,112.8,2.2666666666666666
1377775391,1,2399.999729,916.7998964780002,38.2,524288.0,392164.5333333333,891.2666666666667,554.2666666666667,124.26666666666667,20.066666666666666
1377775691,1,2399.999729,527.99994038,22.0,524288.0,437952.26666666666,1020.6666666666666,472.1333333333333,113.06666666666666,1.8
1377775991,1,2399.999729,527.99994038,22.0,524288.0,416283.4666666667,995.5333333333333,435.0666666666667,115.6,2.1333333333333333
1377776291,1,2399.999729,527.99994038,22.0,524288.0,409641.6,1135.4,405.0666666666667,114.13333333333334,1.6666666666666667
1377776591,1,2399.999729,454.3999486906667,18.933333333333334,524288.0,382378.6666666667,180.66666666666669,314.5333333333333,112.26666666666667,4.0
1377776892,1,2399.999729,395.1999553753334,16.46666666666667,524288.0,283462.6666666667,2.0,272.26666666666665,110.86666666666666,1.4
1377777192,1,2399.999729,428.79995158133335,17.866666666666667,524288.0,250607.73333333334,28.666666666666668,277.2,115.66666666666667,1.8
1377777492,1,2399.999729,399.9999548333334,16.666666666666668,524288.0,242568.26666666666,0.6666666666666666,257.6,101.8,1.5333333333333334
1377777792,1,2399.999729,475.19994634200003,19.8,524288.0,271928.0,252.13333333333333,298.8,125.2,2.0
1377778092,1,2399.999729,417.599952846,17.4,524288.0,263190.4,8.6,263.73333333333335,101.8,1.4666666666666666
1377778392,1,2399.999729,428.79995158133335,17.866666666666667,524288.0,186644.8,0.8,260.4,106.13333333333334,1.8666666666666667
1377778692,1,2399.999729,411.1999535686667,17.133333333333333,524288.0,189091.73333333334,0.6,265.1333333333333,103.66666666666667,1.3333333333333333
1377778992,1,2399.999729,427.19995176200007,17.8,524288.0,201674.13333333333,15.333333333333334,267.4,105.73333333333333,1.2666666666666666
1377779292,1,2399.999729,435.1999508586667,18.133333333333333,524288.0,184197.06666666668,0.26666666666666666,270.3333333333333,108.06666666666666,1.2666666666666666
1377779592,1,2399.999729,452.7999488713334,18.866666666666667,524288.0,183498.13333333333,0.39999999999999997,272.8666666666667,111.66666666666667,1.4
1377779892,1,2399.999729,409.59995374933334,17.066666666666666,524288.0,153788.8,4.066666666666666,262.6666666666667,102.73333333333333,1.4
1377780192,1,2399.999729,407.99995393000006,17.0,524288.0,161129.6,0.2,264.73333333333335,103.86666666666666,1.6
1377780492,1,2399.999729,407.99995393000006,17.0,524288.0,131070.13333333333,0.33333333333333337,257.8,100.66666666666667,1.2666666666666666
1377780792,1,2399.999729,532.799939838,22.2,524288.0,173712.0,0.6666666666666666,268.4666666666667,105.2,1.5333333333333334
1377781092,1,2399.999729,545.5999383926668,22.733333333333334,524288.0,164624.53333333333,0.26666666666666666,260.93333333333334,101.0,1.2666666666666666
1377781392,1,2399.999729,603.1999318886668,25.133333333333336,524288.0,196082.4,178.13333333333333,287.8666666666667,123.4,1.8
1377781692,1,2399.999729,524.7999407413332,21.866666666666664,524288.0,217752.53333333333,0.5333333333333333,269.66666666666663,114.2,1.4
1377781992,1,2399.999729,843.1999047886668,35.13333333333333,524288.0,168119.73333333334,1.0666666666666667,331.06666666666666,104.33333333333333,1.8
1377782292,1,2399.999729,875.1999011753334,36.46666666666667,524288.0,178256.26666666666,0.4,335.8666666666667,164.4,2.533333333333333
1377782592,1,2399.999729,833.5999058726667,34.733333333333334,524288.0,163575.2,1.4666666666666666,350.20000000000005,202.73333333333332,2.2
1377782892,1,2399.999729,828.7999064146666,34.53333333333333,524288.0,195032.0,0.2,387.2,247.93333333333334,1.3333333333333333
1377783192,1,2399.999729,827.1999065953335,34.46666666666667,524288.0,209712.8,0.9333333333333333,386.5333333333333,241.93333333333334,1.6666666666666667
1377783492,1,2399.999729,860.7999028013334,35.86666666666667,524288.0,174063.2,4.133333333333333,391.8666666666667,230.2,1.5333333333333334
1377783792,1,2399.999729,431.99995122,18.0,524288.0,168120.26666666666,0.2,265.4,109.8,1.4666666666666666
1377784092,1,2399.999729,481.59994561933337,20.066666666666666,524288.0,152390.66666666666,0.4666666666666667,274.1333333333333,122.13333333333334,1.2666666666666666
1377784392,1,2399.999729,451.199949052,18.8,524288.0,158332.26666666666,19.53333333333333,287.06666666666666,121.26666666666667,1.6666666666666667
1377784692,1,2399.999729,423.99995212333334,17.666666666666668,524288.0,137361.86666666667,0.3333333333333333,269.1333333333333,111.53333333333333,1.3333333333333333
1377784992,1,2399.999729,1079.99987805,45.0,524288.0,214606.93333333332,399.8666666666667,432.73333333333335,151.6,11.8
1377785292,1,2399.999729,1681.5998101193334,70.06666666666666,524288.0,389368.8,1964.0,630.8666666666667,168.33333333333334,12.533333333333333
1377785591,1,2399.999729,1102.3998755206667,45.93333333333333,524288.0,422924.26666666666,1513.4666666666667,556.3333333333333,146.93333333333334,4.866666666666666
1377785891,1,2399.999729,615.9999304433333,25.666666666666664,524288.0,391816.26666666666,794.8666666666667,473.2,138.2,1.8
1377786192,1,2399.999729,667.1999246620002,27.8,524288.0,383776.8,928.7333333333333,455.0666666666667,155.2,1.8
1377786492,1,2399.999729,561.599936586,23.4,524288.0,391116.8,1013.1999999999999,420.06666666666666,134.53333333333333,1.2666666666666666
1377786792,1,2399.999729,603.1999318886668,25.133333333333336,524288.0,394262.4,841.7333333333333,478.4,150.26666666666668,1.8
1377787092,1,2399.999729,739.1999165320001,30.8,524288.0,404748.0,864.6666666666667,469.26666666666665,151.73333333333332,1.6
1377787392,1,2399.999729,620.7999299013333,25.866666666666664,524288.0,401253.3333333333,864.8666666666667,442.0,148.93333333333334,1.5333333333333334
1377787692,1,2399.999729,756.7999145446666,31.533333333333335,524288.0,461721.3333333333,957.5333333333333,440.0,153.86666666666667,1.3333333333333333
1377787992,1,2399.999729,804.7999091246666,33.53333333333333,524288.0,449487.4666666667,671.4666666666667,469.0,135.0,16.2
1377788292,1,2399.999729,975.9998897933333,40.666666666666664,524288.0,461371.2,769.8,572.6,188.13333333333333,10.933333333333334
1377788592,1,2399.999729,814.3999080406668,33.93333333333334,524288.0,428516.5333333333,956.0,523.0,209.66666666666666,1.8666666666666667
1377788892,1,2399.999729,723.1999183386667,30.133333333333336,524288.0,419079.4666666667,723.8000000000001,465.4666666666667,207.86666666666667,1.4666666666666666
1377789192,1,2399.999729,769.5999130993332,32.06666666666666,524288.0,397758.6666666667,954.0,470.4666666666667,185.53333333333333,1.9333333333333333
1377789492,1,2399.999729,937.5998941293333,39.06666666666666,524288.0,463469.06666666665,695.5999999999999,508.6,228.0,6.8
1377789792,1,2399.999729,849.599904066,35.4,524288.0,406846.13333333336,923.1333333333333,561.2,170.4,7.333333333333333
1377790092,1,2399.999729,615.9999304433333,25.666666666666664,524288.0,392165.6,810.4666666666667,455.26666666666665,144.26666666666668,1.3333333333333333
1377790392,1,2399.999729,702.3999206873334,29.266666666666666,524288.0,382728.0,770.1333333333333,449.6,158.6,1.5333333333333334
1377790692,1,2399.999729,633.5999284559999,26.4,524288.0,405797.6,880.6666666666667,377.8,125.66666666666667,1.4666666666666666
1377790992,1,2399.999729,529.5999401993333,22.066666666666666,524288.0,373291.2,474.00000000000006,348.79999999999995,115.53333333333333,2.2
1377791292,1,2399.999729,423.99995212333334,17.666666666666668,524288.0,314222.13333333336,2.4,256.66666666666663,100.4,1.4
1377791592,1,2399.999729,486.3999450773333,20.266666666666666,524288.0,260043.73333333334,29.53333333333333,277.93333333333334,117.8,1.3333333333333333
1377791892,1,2399.999729,532.799939838,22.2,524288.0,234878.66666666666,0.8,278.20000000000005,102.46666666666667,1.1333333333333333
1377792192,1,2399.999729,473.5999465226667,19.733333333333334,524288.0,235577.6,9.533333333333333,291.2,127.2,2.0
1377792492,1,2399.999729,446.3999495940001,18.6,524288.0,253403.46666666667,7.800000000000001,256.6666666666667,101.53333333333333,1.4666666666666666
1377792792,1,2399.999729,459.19994814866664,19.133333333333333,524288.0,215305.33333333334,0.5333333333333333,255.60000000000002,101.33333333333333,1.9333333333333333
1377793092,1,2399.999729,430.3999514006667,17.933333333333334,524288.0,225091.73333333334,0.6,261.5333333333333,106.0,1.4
1377793392,1,2399.999729,441.59995013599996,18.4,524288.0,223694.93333333332,23.066666666666666,262.33333333333337,104.0,1.4666666666666666
1377793692,1,2399.999729,379.19995718200005,15.8,524288.0,192586.4,0.2,259.79999999999995,99.66666666666667,1.2666666666666666
1377793992,1,2399.999729,579.1999345986667,24.133333333333336,524288.0,200625.06666666668,0.6666666666666666,344.8,194.53333333333333,2.6666666666666665
1377794292,1,2399.999729,1489.5998317993335,62.06666666666667,524288.0,255501.33333333334,10.066666666666666,830.5333333333333,719.3333333333334,3.6666666666666665
1377794592,1,2399.999729,1238.399860164,51.6,524288.0,257948.8,1.7333333333333334,657.3333333333334,532.7333333333333,3.0
1377794892,1,2399.999729,715.1999192420001,29.8,524288.0,205519.2,1.4,386.6666666666667,243.66666666666666,1.7333333333333334
1377795192,1,2399.999729,438.39995049733335,18.266666666666666,524288.0,162527.2,30.0,269.2,105.0,1.6
1377795492,1,2399.999729,385.5999564593333,16.066666666666666,524288.0,139109.6,0.8666666666666667,259.0,103.2,1.4
1377795793,1,2399.999729,463.9999476066667,19.333333333333332,524288.0,169168.26666666666,10.733333333333334,290.46666666666664,127.2,1.8666666666666667
1377796093,1,2399.999729,399.9999548333334,16.666666666666668,524288.0,179305.06666666668,8.0,252.33333333333334,100.26666666666667,1.6
1377796393,1,2399.999729,401.5999546526667,16.733333333333334,524288.0,145750.13333333333,0.4666666666666667,252.93333333333334,101.33333333333333,1.9333333333333333
1377796693,1,2399.999729,390.39995591733333,16.266666666666666,524288.0,126876.53333333334,0.2,256.79999999999995,105.13333333333334,1.2666666666666666
1377796993,1,2399.999729,398.39995501400006,16.6,524288.0,137362.4,11.266666666666666,259.2,103.13333333333334,1.6
1377797293,1,2399.999729,391.99995573666666,16.333333333333332,524288.0,124080.0,0.26666666666666666,258.8,105.73333333333333,1.6
1377797593,1,2399.999729,396.7999551946666,16.53333333333333,524288.0,145051.2,0.26666666666666666,260.93333333333334,108.26666666666667,1.5333333333333334
1377797893,1,2399.999729,387.19995627866666,16.133333333333333,524288.0,144352.53333333333,3.3333333333333335,253.26666666666668,100.46666666666667,1.4666666666666666
1377798193,1,2399.999729,385.5999564593333,16.066666666666666,524288.0,126526.66666666667,0.13333333333333333,253.66666666666666,100.33333333333333,1.4666666666666666
1377798493,1,2399.999729,377.59995736266666,15.733333333333333,524288.0,137012.0,0.13333333333333333,248.26666666666665,96.93333333333334,1.2
1377798793,1,2399.999729,383.99995664,16.0,524288.0,176857.33333333334,0.7333333333333333,256.46666666666664,101.06666666666666,1.4
1377799093,1,2399.999729,372.79995790466666,15.533333333333333,524288.0,156585.33333333334,0.26666666666666666,244.39999999999998,96.13333333333334,1.2666666666666666
1377799393,1,2399.999729,441.59995013599996,18.4,524288.0,152390.66666666666,7.133333333333333,293.66666666666663,130.53333333333333,1.9333333333333333
1377799693,1,2399.999729,396.7999551946666,16.53333333333333,524288.0,168120.53333333333,0.5333333333333333,255.66666666666669,96.4,1.2
1377799993,1,2399.999729,396.7999551946666,16.53333333333333,524288.0,137012.26666666666,0.7333333333333333,262.0,108.53333333333333,1.9333333333333333
1377800293,1,2399.999729,374.399957724,15.6,524288.0,148546.4,0.2,250.73333333333335,98.26666666666667,1.3333333333333333
1377800593,1,2399.999729,388.79995609799994,16.2,524288.0,159382.13333333333,0.26666666666666666,256.3333333333333,99.2,1.4666666666666666
1377800893,1,2399.999729,379.19995718200005,15.8,524288.0,134216.0,0.06666666666666667,251.06666666666666,97.8,1.2666666666666666
1377801193,1,2399.999729,387.19995627866666,16.133333333333333,524288.0,135264.8,0.0,259.40000000000003,104.86666666666666,1.4
1377801493,1,2399.999729,391.99995573666666,16.333333333333332,524288.0,135264.0,3.4000000000000004,252.8,99.2,1.3333333333333333
1377801793,1,2399.999729,398.39995501400006,16.6,524288.0,128972.8,0.2,265.06666666666666,108.93333333333334,1.6
1377802093,1,2399.999729,415.9999530266666,17.333333333333332,524288.0,134215.2,0.2,256.59999999999997,108.4,1.4666666666666666
1377802393,1,2399.999729,511.9999421866667,21.333333333333336,524288.0,153438.93333333332,0.6000000000000001,272.2,124.0,1.4666666666666666
1377802693,1,2399.999729,415.9999530266666,17.333333333333332,524288.0,157285.6,0.0,254.2,104.46666666666667,2.2
1377802993,1,2399.999729,419.1999526653334,17.46666666666667,524288.0,139109.86666666667,6.933333333333333,276.93333333333334,123.4,2.066666666666667
1377803293,1,2399.999729,419.1999526653334,17.46666666666667,524288.0,170217.06666666668,0.6,264.4,117.0,1.3333333333333333
1377803593,1,2399.999729,383.99995664,16.0,524288.0,167420.8,0.4,251.0,101.4,1.8
1377803893,1,2399.999729,395.1999553753334,16.46666666666667,524288.0,130021.33333333333,0.13333333333333333,251.79999999999998,101.2,1.3333333333333333
1377804194,1,2399.999729,404.79995429133334,16.866666666666667,524288.0,134566.4,0.4,255.33333333333331,103.93333333333334,1.6
1377804494,1,2399.999729,382.3999568206666,15.933333333333332,524288.0,129673.33333333333,0.2,248.06666666666666,99.4,1.2666666666666666
1377804794,1,2399.999729,417.599952846,17.4,524288.0,139109.06666666668,0.4,253.13333333333333,102.6,1.4666666666666666
1377805094,1,2399.999729,430.3999514006667,17.933333333333334,524288.0,135964.0,3.1333333333333337,250.6,100.86666666666666,1.4666666666666666
1377805394,1,2399.999729,409.59995374933334,17.066666666666666,524288.0,145051.2,0.06666666666666667,251.6,99.53333333333333,1.3333333333333333
1377805694,1,2399.999729,415.9999530266666,17.333333333333332,524288.0,125128.8,0.06666666666666667,249.26666666666665,99.33333333333333,1.4
1377805994,1,2399.999729,417.599952846,17.4,524288.0,137012.0,0.6,255.13333333333333,102.13333333333334,1.4666666666666666
1377806294,1,2399.999729,412.799953388,17.2,524288.0,167770.13333333333,0.2,251.39999999999998,101.8,1.4666666666666666
1377806594,1,2399.999729,454.3999486906667,18.933333333333334,524288.0,145400.8,7.266666666666667,287.8666666666667,127.33333333333333,1.8
1377806894,1,2399.999729,420.7999524846666,17.53333333333333,524288.0,145750.4,0.4666666666666667,261.1333333333333,103.8,1.3333333333333333
1377807194,1,2399.999729,428.79995158133335,17.866666666666667,524288.0,137362.4,0.13333333333333333,266.93333333333334,113.73333333333333,1.9333333333333333
1377807494,1,2399.999729,415.9999530266666,17.333333333333332,524288.0,143653.6,0.06666666666666667,259.1333333333333,107.53333333333333,1.3333333333333333
1377807794,1,2399.999729,454.3999486906667,18.933333333333334,524288.0,147847.2,13.2,264.8,109.73333333333333,1.4666666666666666
1377808094,1,2399.999729,439.9999503166666,18.333333333333332,524288.0,164624.0,0.13333333333333333,261.8,109.4,1.2
1377808394,1,2399.999729,467.19994724533336,19.46666666666667,524288.0,159381.6,0.3333333333333333,265.26666666666665,113.46666666666667,1.4666666666666666
1377808694,1,2399.999729,443.1999499553334,18.46666666666667,524288.0,147148.0,2.2,259.1333333333333,112.06666666666666,1.2
1377808994,1,2399.999729,401.5999546526667,16.733333333333334,524288.0,156935.2,0.06666666666666667,260.26666666666665,108.73333333333333,1.4
1377809294,1,2399.999729,457.59994832933336,19.066666666666666,524288.0,140857.06666666668,0.2,257.8666666666667,108.93333333333334,1.2666666666666666
1377809594,1,2399.999729,422.399952304,17.6,524288.0,146798.4,0.8666666666666667,267.0,114.0,1.4666666666666666
1377809894,1,2399.999729,417.599952846,17.4,524288.0,155886.66666666666,0.06666666666666667,264.8,119.93333333333334,1.2
1377810194,1,2399.999729,452.7999488713334,18.866666666666667,524288.0,164624.26666666666,8.666666666666668,284.66666666666663,125.8,1.7333333333333334
1377810494,1,2399.999729,465.59994742599997,19.4,524288.0,159381.33333333334,7.6000000000000005,254.93333333333334,101.8,1.2
1377810794,1,2399.999729,483.1999454386667,20.133333333333333,524288.0,149245.86666666667,0.26666666666666666,258.4,105.93333333333334,1.8
1377811094,1,2399.999729,497.59994381266665,20.733333333333334,524288.0,137361.6,0.2,255.46666666666664,107.0,1.4666666666666666
1377811394,1,2399.999729,471.9999467033334,19.666666666666668,524288.0,149944.53333333333,0.33333333333333337,274.5333333333333,112.06666666666666,1.4666666666666666
1377811694,1,2399.999729,372.79995790466666,15.533333333333333,524288.0,141905.33333333334,0.0,250.4666666666667,96.0,1.2666666666666666
1377811994,1,2399.999729,399.9999548333334,16.666666666666668,524288.0,169867.2,0.4,269.93333333333334,111.53333333333333,1.4
1377812294,1,2399.999729,396.7999551946666,16.53333333333333,524288.0,164274.66666666666,1.8666666666666667,256.8666666666667,104.0,1.2
1377812594,1,2399.999729,388.79995609799994,16.2,524288.0,156235.46666666667,0.2,263.06666666666666,107.26666666666667,1.5333333333333334
1377812894,1,2399.999729,406.39995411066667,16.933333333333334,524288.0,138410.4,0.3333333333333333,253.46666666666667,102.66666666666667,1.2666666666666666
1377813194,1,2399.999729,415.9999530266666,17.333333333333332,524288.0,145749.6,0.7333333333333334,258.26666666666665,104.06666666666666,1.4666666666666666
1377813494,1,2399.999729,414.3999532073333,17.266666666666666,524288.0,155187.2,0.06666666666666667,249.46666666666667,97.33333333333333,1.1333333333333333
1377813794,1,2399.999729,540.7999389346667,22.533333333333335,524288.0,173013.6,280.73333333333335,279.06666666666666,146.8,1.9333333333333333
1377814094,1,2399.999729,420.7999524846666,17.53333333333333,524288.0,246412.8,3.6666666666666665,274.2,106.0,1.2
1377814395,1,2399.999729,467.19994724533336,19.46666666666667,524288.0,170566.4,0.7333333333333333,271.4,103.33333333333333,1.7333333333333334
1377814695,1,2399.999729,452.7999488713334,18.866666666666667,524288.0,169518.4,0.13333333333333333,263.73333333333335,101.0,1.2
1377814995,1,2399.999729,433.5999510393333,18.066666666666666,524288.0,146100.26666666666,0.8666666666666667,267.2,101.33333333333333,1.3333333333333333
1377815295,1,2399.999729,439.9999503166666,18.333333333333332,524288.0,144352.53333333333,0.06666666666666667,259.93333333333334,99.4,1.2
1377815595,1,2399.999729,387.19995627866666,16.133333333333333,524288.0,127574.66666666667,0.26666666666666666,271.06666666666666,104.66666666666667,1.4
1377815895,1,2399.999729,435.1999508586667,18.133333333333333,524288.0,146797.86666666667,2.0,292.6666666666667,129.86666666666667,1.2
1377816195,1,2399.999729,396.7999551946666,16.53333333333333,524288.0,125128.53333333334,0.06666666666666667,274.66666666666663,109.13333333333334,1.2
1377816495,1,2399.999729,363.1999589886667,15.133333333333333,524288.0,138059.73333333334,0.0,261.6,102.2,1.0666666666666667
1377816795,1,2399.999729,359.99995935,15.0,524288.0,127576.0,0.13333333333333333,268.4,101.66666666666667,1.2666666666666666
1377817095,1,2399.999729,375.9999575433334,15.666666666666668,524288.0,134566.66666666666,0.06666666666666667,271.93333333333334,108.53333333333333,1.0666666666666667
1377817395,1,2399.999729,590.3999333340001,24.6,524288.0,174761.33333333334,456.8666666666667,384.0,155.0,1.8
1377817694,1,2399.999729,678.3999233973333,28.266666666666666,524288.0,255850.4,1092.4,471.73333333333335,113.13333333333334,1.2
1377817994,1,2399.999729,596.7999326113332,24.866666666666664,524288.0,369097.6,1026.8,448.73333333333335,105.53333333333333,1.6
1377818294,1,2399.999729,940.7998937680002,39.2,524288.0,390068.8,1359.4666666666667,392.8666666666667,106.06666666666666,1.1333333333333333
1377818594,1,2399.999729,2527.999714546667,105.33333333333334,524288.0,384825.6,2101.4666666666667,306.1333333333333,104.13333333333334,1.2666666666666666
1377818894,1,2399.999729,2547.199712378667,106.13333333333334,524288.0,354416.8,2014.6,314.0,102.8,0.9333333333333333
1377819194,1,2399.999729,2334.3997364073334,97.26666666666667,524288.0,316668.0,1934.0666666666666,306.26666666666665,108.2,1.2
1377819494,1,2399.999729,2267.1997439953334,94.46666666666665,524288.0,353368.8,1813.6666666666665,334.73333333333335,104.33333333333333,0.8666666666666667
1377819794,1,2399.999729,2622.399703887333,109.26666666666667,524288.0,344280.5333333333,1241.8666666666668,262.1333333333333,103.13333333333334,1.0
1377820094,1,2399.999729,2518.399715630667,104.93333333333334,524288.0,400204.5333333333,1150.0,267.2,110.0,1.1333333333333333
1377820394,1,2399.999729,2585.599708042667,107.73333333333333,524288.0,386923.2,1271.8,265.4666666666667,104.26666666666667,1.3333333333333333
1377820694,1,2399.999729,2665.599699009333,111.06666666666666,524288.0,396359.4666666667,1253.1333333333332,267.6,107.46666666666667,1.1333333333333333
1377820994,1,2399.999729,2499.199717798667,104.13333333333334,524288.0,399505.86666666664,1156.8,293.73333333333335,134.53333333333333,1.5333333333333334
1377821294,1,2399.999729,2473.5997206893335,103.06666666666666,524288.0,399854.13333333336,1691.4,325.93333333333334,100.4,1.0
1377821594,1,2399.999729,2447.99972358,102.0,524288.0,269133.06666666665,2052.8,326.06666666666666,98.93333333333334,1.4666666666666666
1377821894,1,2399.999729,2446.399723760667,101.93333333333334,524288.0,337290.6666666667,1963.0666666666666,306.73333333333335,98.4,1.0
1377822194,1,2399.999729,2535.999713643333,105.66666666666666,524288.0,324007.73333333334,2651.866666666667,379.46666666666664,101.13333333333334,1.0666666666666667
1377822494,1,2399.999729,2547.199712378667,106.13333333333334,524288.0,411737.86666666664,2908.066666666667,404.2,97.93333333333334,1.0666666666666667
1377822794,1,2399.999729,2535.999713643333,105.66666666666666,524288.0,408592.8,2739.4,396.8666666666667,102.8,1.2666666666666666
1377823094,1,2399.999729,2510.3997165339997,104.6,524288.0,419778.13333333336,2625.133333333333,381.06666666666666,99.0,1.0666666666666667
1377823394,1,2399.999729,916.7998964780002,38.2,524288.0,385175.4666666667,400.6666666666667,261.26666666666665,95.46666666666667,1.2666666666666666
1377823694,1,2399.999729,319.99996386666663,13.333333333333332,524288.0,227539.2,0.8666666666666667,243.66666666666666,94.66666666666667,1.0666666666666667
1377823994,1,2399.999729,335.99996206000003,14.0,524288.0,168469.06666666668,32.6,260.8,101.73333333333333,1.0666666666666667
1377824294,1,2399.999729,327.99996296333336,13.666666666666668,524288.0,151692.26666666666,0.26666666666666666,250.86666666666667,101.06666666666666,1.2666666666666666
1377824595,1,2399.999729,358.39995953066665,14.933333333333332,524288.0,153439.73333333334,10.066666666666666,281.6,119.93333333333334,1.6666666666666667
1377824895,1,2399.999729,331.199962602,13.8,524288.0,149944.53333333333,0.3333333333333333,262.4,108.13333333333334,1.0666666666666667
1377825195,1,2399.999729,345.599960976,14.4,524288.0,113944.26666666666,0.26666666666666666,262.93333333333334,105.26666666666667,1.5333333333333334
1377825495,1,2399.999729,342.39996133733337,14.266666666666667,524288.0,111147.2,0.13333333333333333,257.3333333333333,101.0,1.2
1377825795,1,2399.999729,340.799961518,14.2,524288.0,127925.6,0.0,265.1333333333333,102.66666666666667,1.3333333333333333
1377826095,1,2399.999729,319.99996386666663,13.333333333333332,524288.0,148896.0,0.13333333333333333,255.93333333333334,98.06666666666666,1.0666666666666667
1377826395,1,2399.999729,335.99996206000003,14.0,524288.0,121632.8,0.26666666666666666,262.1333333333333,99.66666666666667,1.4
1377826695,1,2399.999729,329.5999627826667,13.733333333333333,524288.0,116390.4,3.1333333333333333,261.5333333333333,101.06666666666666,1.3333333333333333
1377826995,1,2399.999729,340.799961518,14.2,524288.0,124779.2,0.26666666666666666,266.6,104.66666666666667,1.4
1377827295,1,2399.999729,329.5999627826667,13.733333333333333,524288.0,124779.2,0.06666666666666667,259.8666666666667,97.53333333333333,1.2666666666666666
1377827595,1,2399.999729,340.799961518,14.2,524288.0,135264.8,0.6,266.20000000000005,100.26666666666667,1.4666666666666666
1377827895,1,2399.999729,327.99996296333336,13.666666666666668,524288.0,121632.8,0.13333333333333333,258.4,100.26666666666667,1.2
1377828195,1,2399.999729,399.9999548333334,16.666666666666668,524288.0,125478.13333333333,551.0,305.66666666666663,124.93333333333334,2.0
1377828495,1,2399.999729,446.3999495940001,18.6,524288.0,335542.6666666667,859.4,419.2,111.2,1.6666666666666667
1377828795,1,2399.999729,473.5999465226667,19.733333333333334,524288.0,312124.26666666666,1.8666666666666667,312.6666666666667,124.53333333333333,1.4666666666666666
1377829095,1,2399.999729,475.19994634200003,19.8,524288.0,209713.33333333334,1.0,297.06666666666666,111.46666666666667,1.0
1377829395,1,2399.999729,439.9999503166666,18.333333333333332,524288.0,193983.73333333334,36.86666666666667,292.4666666666667,106.26666666666667,1.3333333333333333
1377829695,1,2399.999729,329.5999627826667,13.733333333333333,524288.0,181052.8,0.4666666666666667,264.4,99.26666666666667,1.0666666666666667
1377829995,1,2399.999729,340.799961518,14.2,524288.0,169868.0,0.26666666666666666,256.93333333333334,101.06666666666666,1.0666666666666667
1377830295,1,2399.999729,321.599963686,13.4,524288.0,189440.26666666666,2.533333333333333,261.06666666666666,97.46666666666667,1.0666666666666667
1377830595,1,2399.999729,323.19996350533336,13.466666666666667,524288.0,173013.33333333334,0.0,251.66666666666669,95.73333333333333,1.0666666666666667
1377830895,1,2399.999729,331.199962602,13.8,524288.0,162527.2,0.26666666666666666,256.4,95.8,0.9333333333333333
1377831195,1,2399.999729,331.199962602,13.8,524288.0,156236.0,2.2666666666666666,257.4666666666667,100.0,1.2666666666666666
1377831495,1,2399.999729,345.599960976,14.4,524288.0,172662.93333333332,0.06666666666666667,250.93333333333334,95.8,1.0666666666666667
1377831795,1,2399.999729,390.39995591733333,16.266666666666666,524288.0,176158.93333333332,16.066666666666666,278.4666666666667,116.73333333333333,1.7333333333333334
1377832095,1,2399.999729,310.39996495066663,12.933333333333332,524288.0,204819.46666666667,0.26666666666666666,254.39999999999998,94.66666666666667,1.1333333333333333
1377832395,1,2399.999729,321.599963686,13.4,524288.0,170916.0,0.2,249.26666666666665,96.13333333333334,1.6
1377832695,1,2399.999729,329.5999627826667,13.733333333333333,524288.0,165672.8,0.06666666666666667,253.26666666666665,96.4,1.1333333333333333
1377832995,1,2399.999729,334.39996224066664,13.933333333333332,524288.0,157284.0,0.4666666666666667,270.4,110.46666666666667,1.3333333333333333
1377833295,1,2399.999729,319.99996386666663,13.333333333333332,524288.0,149944.0,0.0,257.3333333333333,99.06666666666666,0.9333333333333333
1377833595,1,2399.999729,334.39996224066664,13.933333333333332,524288.0,146798.93333333332,0.13333333333333333,257.93333333333334,102.93333333333334,1.2
1377833895,1,2399.999729,452.7999488713334,18.866666666666667,524288.0,167770.13333333333,2.066666666666667,262.4666666666667,107.2,1.0
1377834195,1,2399.999729,428.79995158133335,17.866666666666667,524288.0,163926.13333333333,0.06666666666666667,245.93333333333334,95.86666666666666,1.0666666666666667
1377834495,1,2399.999729,395.1999553753334,16.46666666666667,524288.0,148895.73333333334,0.13333333333333333,243.33333333333331,93.4,0.8
1377834795,1,2399.999729,452.7999488713334,18.866666666666667,524288.0,143304.0,0.3333333333333333,263.0,110.26666666666667,1.0
1377835095,1,2399.999729,446.3999495940001,18.6,524288.0,161828.53333333333,0.3333333333333333,253.66666666666669,105.2,0.9333333333333333
1377835395,1,2399.999729,583.9999340566668,24.333333333333336,524288.0,158333.33333333334,6.800000000000001,306.8666666666667,151.8,1.6
1377835695,1,2399.999729,532.799939838,22.2,524288.0,189091.2,0.06666666666666667,284.40000000000003,120.93333333333334,1.0666666666666667
1377835996,1,2399.999729,420.7999524846666,17.53333333333333,524288.0,164973.86666666667,0.7333333333333333,263.4,106.86666666666666,1.6
1377836296,1,2399.999729,383.99995664,16.0,524288.0,154139.46666666667,0.26666666666666666,253.2,97.46666666666667,1.0666666666666667
1377836596,1,2399.999729,375.9999575433334,15.666666666666668,524288.0,134566.93333333332,0.6666666666666667,260.4666666666667,99.8,1.1333333333333333
1377836896,1,2399.999729,358.39995953066665,14.933333333333332,524288.0,119885.33333333333,0.2,251.60000000000002,96.6,1.0
1377837196,1,2399.999729,379.19995718200005,15.8,524288.0,123031.73333333334,0.2,257.6666666666667,100.26666666666667,1.1333333333333333
1377837496,1,2399.999729,367.99995844666665,15.333333333333332,524288.0,113594.4,3.8,262.1333333333333,100.0,1.0
1377837796,1,2399.999729,382.3999568206666,15.933333333333332,524288.0,113943.73333333334,0.26666666666666666,274.3333333333333,115.66666666666667,1.2
1377838096,1,2399.999729,366.3999586273334,15.266666666666667,524288.0,150993.6,0.2,248.53333333333336,94.46666666666667,0.8666666666666667
1377838396,1,2399.999729,372.79995790466666,15.533333333333333,524288.0,135264.8,0.4666666666666667,261.5333333333333,100.26666666666667,1.2
1377838696,1,2399.999729,359.99995935,15.0,524288.0,140506.4,0.06666666666666667,247.06666666666666,96.26666666666667,1.0
1377838996,1,2399.999729,463.9999476066667,19.333333333333332,524288.0,138410.93333333332,9.799999999999999,269.93333333333334,117.2,1.7333333333333334
1377839296,1,2399.999729,375.9999575433334,15.666666666666668,524288.0,170915.2,7.933333333333333,241.39999999999998,94.46666666666667,1.2
1377839596,1,2399.999729,387.19995627866666,16.133333333333333,524288.0,160780.0,0.06666666666666667,246.73333333333335,98.73333333333333,1.4666666666666666
1377839896,1,2399.999729,398.39995501400006,16.6,524288.0,130370.93333333333,0.06666666666666667,251.6,99.06666666666666,1.0
1377840196,1,2399.999729,422.399952304,17.6,524288.0,127225.6,13.933333333333334,256.46666666666664,100.13333333333334,1.2
1377840496,1,2399.999729,374.399957724,15.6,524288.0,135264.53333333333,0.0,248.06666666666666,94.6,1.0666666666666667
1377840796,1,2399.999729,435.1999508586667,18.133333333333333,524288.0,129672.26666666666,0.13333333333333333,268.0,114.93333333333334,1.0666666666666667
1377841096,1,2399.999729,470.3999468840001,19.6,524288.0,134916.26666666666,2.066666666666667,264.26666666666665,105.8,1.0666666666666667
1377841396,1,2399.999729,420.7999524846666,17.53333333333333,524288.0,134215.73333333334,0.06666666666666667,255.40000000000003,100.06666666666666,1.3333333333333333
1377841696,1,2399.999729,382.3999568206666,15.933333333333332,524288.0,124428.8,0.06666666666666667,250.26666666666665,96.4,0.8
1377841996,1,2399.999729,377.59995736266666,15.733333333333333,524288.0,152740.8,0.4666666666666667,259.4,100.53333333333333,1.2
1377842296,1,2399.999729,379.19995718200005,15.8,524288.0,126176.8,0.0,250.0,97.4,1.0666666666666667
1377842596,1,2399.999729,425.59995194266673,17.733333333333334,524288.0,130021.86666666667,7.133333333333334,276.8,120.93333333333334,1.8
1377842896,1,2399.999729,380.7999570013334,15.866666666666667,524288.0,159731.46666666667,2.2666666666666666,258.6,106.06666666666666,1.0666666666666667
1377843196,1,2399.999729,380.7999570013334,15.866666666666667,524288.0,128623.46666666666,0.06666666666666667,249.93333333333334,97.66666666666667,1.6666666666666667
1377843496,1,2399.999729,388.79995609799994,16.2,524288.0,141206.93333333332,0.26666666666666666,263.73333333333335,108.2,1.1333333333333333
1377843796,1,2399.999729,388.79995609799994,16.2,524288.0,141905.06666666668,0.4,256.2,100.66666666666667,1.2
1377844096,1,2399.999729,385.5999564593333,16.066666666666666,524288.0,131769.06666666668,0.26666666666666666,252.73333333333332,98.0,1.0666666666666667
1377844396,1,2399.999729,401.5999546526667,16.733333333333334,524288.0,140157.33333333334,0.2,253.60000000000002,102.06666666666666,1.4
1377844696,1,2399.999729,436.799950678,18.2,524288.0,147847.2,2.4000000000000004,291.73333333333335,138.46666666666667,1.2
1377844997,1,2399.999729,798.3999098473333,33.266666666666666,524288.0,138410.4,0.26666666666666666,423.73333333333335,280.73333333333335,1.4
1377845297,1,2399.999729,671.9999241200001,28.0,524288.0,170916.8,0.4666666666666667,363.6666666666667,214.33333333333334,1.2
1377845597,1,2399.999729,775.9999123766668,32.333333333333336,524288.0,179304.8,1.8,482.6666666666667,343.6,2.6666666666666665
1377845897,1,2399.999729,1676.7998106613336,69.86666666666667,524288.0,260393.6,0.7999999999999999,934.2666666666667,818.2666666666667,3.2
1377846197,1,2399.999729,1151.99986992,48.0,524288.0,331697.06666666665,256.93333333333334,658.4666666666667,499.93333333333334,3.8666666666666667
1377846497,1,2399.999729,583.9999340566668,24.333333333333336,524288.0,305833.06666666665,9.466666666666667,322.46666666666664,166.0,1.6
1377846797,1,2399.999729,441.59995013599996,18.4,524288.0,200276.26666666666,0.8666666666666667,281.6666666666667,125.53333333333333,1.8
1377847097,1,2399.999729,409.59995374933334,17.066666666666666,524288.0,158682.4,0.4666666666666667,259.4,102.2,1.4
1377847397,1,2399.999729,414.3999532073333,17.266666666666666,524288.0,164275.2,2.3333333333333335,281.3333333333333,120.73333333333333,1.4666666666666666
1377847697,1,2399.999729,516.7999416446668,21.533333333333335,524288.0,147848.0,0.13333333333333333,319.2,161.2,1.2
1377847997,1,2399.999729,587.1999336953334,24.466666666666665,524288.0,169517.6,0.3333333333333333,349.4,197.0,1.4
1377848297,1,2399.999729,532.799939838,22.2,524288.0,157284.8,4.133333333333334,319.73333333333335,160.33333333333334,1.4666666666666666
1377848597,1,2399.999729,454.3999486906667,18.933333333333334,524288.0,149944.8,0.26666666666666666,291.5333333333333,129.0,1.5333333333333334
1377848897,1,2399.999729,403.199954472,16.8,524288.0,127576.0,0.13333333333333333,263.6,104.66666666666667,1.2
1377849197,1,2399.999729,447.99994941333335,18.666666666666668,524288.0,140508.0,5.4,290.8666666666667,130.13333333333333,1.4666666666666666
1377849497,1,2399.999729,411.1999535686667,17.133333333333333,524288.0,130022.4,0.2,274.1333333333333,115.26666666666667,1.2666666666666666
1377849797,1,2399.999729,563.1999364053333,23.466666666666665,524288.0,176858.66666666666,228.46666666666667,338.26666666666665,168.6,1.8666666666666667
1377850097,1,2399.999729,435.1999508586667,18.133333333333333,524288.0,218801.6,1.5333333333333332,290.8,131.66666666666666,1.2
1377850397,1,2399.999729,385.5999564593333,16.066666666666666,524288.0,165674.4,0.4666666666666667,256.0,100.0,1.7333333333333334
1377850696,1,2399.999729,390.39995591733333,16.266666666666666,524288.0,144352.26666666666,0.4666666666666667,262.93333333333334,106.6,1.2
1377850996,1,2399.999729,411.1999535686667,17.133333333333333,524288.0,146798.93333333332,17.599999999999998,262.4,107.46666666666667,1.4666666666666666
1377851296,1,2399.999729,417.599952846,17.4,524288.0,144352.26666666666,0.13333333333333333,269.26666666666665,112.06666666666666,1.3333333333333333
1377851596,1,2399.999729,443.1999499553334,18.46666666666667,524288.0,146449.6,0.13333333333333333,259.6,105.06666666666666,1.6666666666666667
1377851896,1,2399.999729,449.5999492326667,18.733333333333334,524288.0,148196.8,1.8666666666666667,280.8,123.13333333333334,1.4
1377852196,1,2399.999729,406.39995411066667,16.933333333333334,524288.0,130370.93333333333,0.33333333333333337,258.8,103.26666666666667,1.6666666666666667
1377852496,1,2399.999729,419.1999526653334,17.46666666666667,524288.0,134215.73333333334,0.0,258.2,101.66666666666667,1.4
1377852796,1,2399.999729,439.9999503166666,18.333333333333332,524288.0,137012.8,0.26666666666666666,267.1333333333333,106.93333333333334,1.6666666666666667
1377853096,1,2399.999729,475.19994634200003,19.8,524288.0,124080.8,0.0,263.46666666666664,108.33333333333333,1.3333333333333333
1377853396,1,2399.999729,535.9999394766668,22.333333333333336,524288.0,184198.13333333333,179.06666666666666,311.0,139.73333333333332,1.9333333333333333
1377853696,1,2399.999729,414.3999532073333,17.266666666666666,524288.0,187693.6,1.6,270.3333333333333,107.06666666666666,1.5333333333333334
1377853996,1,2399.999729,433.5999510393333,18.066666666666666,524288.0,142603.46666666667,7.0,271.33333333333337,112.93333333333334,2.1333333333333333
1377854297,1,2399.999729,435.1999508586667,18.133333333333333,524288.0,159032.0,352.5333333333333,280.33333333333337,102.6,1.5333333333333334
1377854597,1,2399.999729,470.3999468840001,19.6,524288.0,226490.4,406.2,294.4666666666667,105.26666666666667,2.2
1377854897,1,2399.999729,465.59994742599997,19.4,524288.0,198178.93333333332,0.8666666666666667,275.93333333333334,123.26666666666667,1.5333333333333334
1377855197,1,2399.999729,447.99994941333335,18.666666666666668,524288.0,169868.0,0.5333333333333333,274.5333333333333,119.93333333333334,1.7333333333333334
1377855497,1,2399.999729,449.5999492326667,18.733333333333334,524288.0,167769.6,2.7333333333333334,292.6666666666667,128.26666666666668,1.7333333333333334
1377855797,1,2399.999729,431.99995122,18.0,524288.0,150992.8,0.26666666666666666,275.8,119.73333333333333,1.7333333333333334
1377856097,1,2399.999729,407.99995393000006,17.0,524288.0,124779.2,0.26666666666666666,258.8666666666667,104.8,1.2666666666666666
1377856397,1,2399.999729,443.1999499553334,18.46666666666667,524288.0,127574.66666666667,14.533333333333333,271.06666666666666,110.2,1.5333333333333334
1377856697,1,2399.999729,460.79994796799997,19.2,524288.0,124778.4,0.4,262.33333333333337,106.06666666666666,1.4666666666666666
1377856997,1,2399.999729,526.3999405606668,21.933333333333334,524288.0,192936.0,248.26666666666665,317.3333333333333,141.26666666666668,1.8666666666666667
1377857297,1,2399.999729,422.399952304,17.6,524288.0,223694.93333333332,7.466666666666667,277.1333333333333,115.33333333333333,1.5333333333333334
1377857597,1,2399.999729,425.59995194266673,17.733333333333334,524288.0,142604.26666666666,0.2,264.79999999999995,108.0,2.0
1377857897,1,2399.999729,430.3999514006667,17.933333333333334,524288.0,128973.33333333333,0.2,264.2,105.33333333333333,1.6
1377858197,1,2399.999729,729.599917616,30.4,524288.0,302336.5333333333,911.0666666666666,409.20000000000005,222.4,2.2
1377858497,1,2399.999729,820.799907318,34.2,524288.0,261442.4,2.5999999999999996,364.93333333333334,214.8,1.7333333333333334
1377858797,1,2399.999729,419.1999526653334,17.46666666666667,524288.0,197829.86666666667,0.5333333333333333,267.4666666666667,113.86666666666666,1.8
1377859097,1,2399.999729,438.39995049733335,18.266666666666666,524288.0,155536.8,1.6666666666666665,276.0,111.4,1.5333333333333334
1377859397,1,2399.999729,404.79995429133334,16.866666666666667,524288.0,161128.8,0.4,261.93333333333334,104.46666666666667,1.6666666666666667
1377859697,1,2399.999729,393.599955556,16.4,524288.0,169868.0,0.2,255.06666666666666,102.26666666666667,1.4
1377859997,1,2399.999729,436.799950678,18.2,524288.0,163576.0,16.666666666666668,269.1333333333333,110.8,1.6
1377860297,1,2399.999729,415.9999530266666,17.333333333333332,524288.0,140507.2,0.06666666666666667,256.5333333333333,101.4,1.5333333333333334
1377860597,1,2399.999729,923.1998957553334,38.46666666666667,524288.0,217052.26666666666,483.4666666666667,441.6,132.66666666666666,16.333333333333332
1377860897,1,2399.999729,812.7999082213333,33.86666666666667,524288.0,331348.0,747.5333333333333,457.8666666666667,104.33333333333333,2.8666666666666667
1377861197,1,2399.999729,524.7999407413332,21.866666666666664,524288.0,352320.0,849.8,431.20000000000005,110.93333333333334,2.2666666666666666
1377861497,1,2399.999729,510.3999423673333,21.266666666666666,524288.0,357562.4,920.3333333333334,418.5333333333333,106.26666666666667,2.2
1377861797,1,2399.999729,543.9999385733332,22.666666666666664,524288.0,377485.6,1136.3333333333335,431.1333333333333,119.93333333333334,4.6
1377862097,1,2399.999729,934.3998944906667,38.93333333333334,524288.0,363853.6,600.8666666666666,542.3333333333334,128.93333333333334,18.666666666666668
1377862397,1,2399.999729,553.5999374893333,23.066666666666666,524288.0,434807.2,787.5333333333334,440.73333333333335,117.66666666666667,2.533333333333333
1377862698,1,2399.999729,551.99993767,23.0,524288.0,436555.4666666667,684.7333333333333,394.1333333333333,125.33333333333333,1.9333333333333333
1377862998,1,2399.999729,577.5999347793334,24.066666666666666,524288.0,394262.6666666667,797.6,390.8666666666667,115.06666666666666,1.9333333333333333
1377863298,1,2399.999729,767.99991328,32.0,524288.0,375388.8,744.8,436.0,183.4,1.6
1377863598,1,2399.999729,559.9999367666667,23.333333333333336,524288.0,378185.06666666665,273.53333333333336,319.26666666666665,110.46666666666667,4.066666666666666
1377863898,1,2399.999729,459.19994814866664,19.133333333333333,524288.0,272278.4,1.4,262.46666666666664,104.06666666666666,1.6
1377864198,1,2399.999729,521.5999411026667,21.733333333333334,524288.0,271928.8,252.33333333333331,302.06666666666666,126.73333333333333,1.8666666666666667
1377864498,1,2399.999729,455.99994851,19.0,524288.0,260045.33333333334,8.866666666666667,271.06666666666666,111.73333333333333,1.6666666666666667
1377864798,1,2399.999729,467.19994724533336,19.46666666666667,524288.0,197130.13333333333,0.7333333333333333,275.66666666666663,122.46666666666667,2.1333333333333333
1377865098,1,2399.999729,574.3999351406667,23.933333333333334,524288.0,239073.06666666668,18.266666666666666,321.93333333333334,157.0,1.4666666666666666
1377865398,1,2399.999729,579.1999345986667,24.133333333333336,524288.0,238723.73333333334,15.4,303.06666666666666,148.6,1.7333333333333334
1377865698,1,2399.999729,475.19994634200003,19.8,524288.0,210761.86666666667,0.39999999999999997,287.2,128.53333333333333,1.5333333333333334
1377865998,1,2399.999729,507.19994272866677,21.133333333333336,524288.0,193984.53333333333,0.3333333333333333,303.93333333333334,149.2,1.6
1377866298,1,2399.999729,511.9999421866667,21.333333333333336,524288.0,186644.0,4.6000000000000005,322.6666666666667,156.33333333333334,1.4666666666666666
1377866598,1,2399.999729,476.79994616133337,19.866666666666667,524288.0,174061.6,0.3333333333333333,273.6,114.93333333333334,1.5333333333333334
1377866898,1,2399.999729,447.99994941333335,18.666666666666668,524288.0,158332.8,0.3333333333333333,268.73333333333335,114.2,1.5333333333333334
1377867198,1,2399.999729,459.19994814866664,19.133333333333333,524288.0,133168.0,15.4,268.93333333333334,108.66666666666667,1.5333333333333334
1377867498,1,2399.999729,438.39995049733335,18.266666666666666,524288.0,125826.4,0.4666666666666667,270.1333333333333,114.8,1.4
1377867798,1,2399.999729,483.1999454386667,20.133333333333333,524288.0,147847.73333333334,7.133333333333333,294.73333333333335,135.8,1.8666666666666667
1377868098,1,2399.999729,422.399952304,17.6,524288.0,156235.73333333334,1.3333333333333333,277.8,116.33333333333333,1.4
1377868398,1,2399.999729,441.59995013599996,18.4,524288.0,154838.4,0.26666666666666666,264.6,110.33333333333333,2.1333333333333333
1377868698,1,2399.999729,676.7999235780001,28.2,524288.0,192936.26666666666,163.4,328.8666666666667,158.6,3.2
1377868998,1,2399.999729,1091.1998767853336,45.46666666666667,524288.0,215305.33333333334,15.666666666666666,445.4666666666667,300.0,2.2666666666666666
1377869298,1,2399.999729,865.5999022593334,36.06666666666666,524288.0,209363.46666666667,0.5333333333333333,390.6,240.93333333333334,1.6
1377869598,1,2399.999729,884.7999000913334,36.86666666666667,524288.0,198179.2,0.6,387.20000000000005,242.26666666666668,2.2
1377869898,1,2399.999729,708.7999199646667,29.533333333333335,524288.0,198178.66666666666,4.2,339.5333333333333,181.66666666666666,2.4
1377870198,1,2399.999729,435.1999508586667,18.133333333333333,524288.0,173713.06666666668,0.26666666666666666,264.8,109.33333333333333,2.4
1377870498,1,2399.999729,503.99994309,21.0,524288.0,155188.26666666666,0.26666666666666666,296.3333333333333,142.26666666666668,1.7333333333333334
1377870798,1,2399.999729,423.99995212333334,17.666666666666668,524288.0,147846.93333333332,20.73333333333333,265.73333333333335,110.26666666666667,1.6666666666666667
1377871098,1,2399.999729,417.599952846,17.4,524288.0,154138.4,0.2,273.2,113.0,1.5333333333333334
1377871398,1,2399.999729,916.7998964780002,38.2,524288.0,193984.53333333333,376.66666666666663,433.40000000000003,185.66666666666666,9.666666666666666
1377871698,1,2399.999729,1596.7998196946667,66.53333333333333,524288.0,392514.93333333335,1959.8666666666666,665.8,166.33333333333334,18.0
1377871998,1,2399.999729,815.9999078600001,34.0,524288.0,430613.86666666664,806.4000000000001,512.5999999999999,153.8,3.6666666666666665
1377872299,1,2399.999729,638.399927914,26.6,524288.0,402652.0,1072.4,494.2,153.33333333333334,3.6
1377872599,1,2399.999729,697.5999212293334,29.066666666666666,524288.0,418030.93333333335,942.6,493.93333333333334,183.33333333333334,3.6
1377872899,1,2399.999729,572.7999353213334,23.866666666666664,524288.0,394262.6666666667,985.5333333333333,413.73333333333335,130.26666666666668,1.8
1377873199,1,2399.999729,623.99992954,26.0,524288.0,392515.2,964.1333333333333,511.8666666666667,141.93333333333334,1.9333333333333333
1377873499,1,2399.999729,686.3999224940001,28.6,524288.0,400904.8,850.0,501.33333333333337,162.4,1.9333333333333333
1377873799,1,2399.999729,593.5999329726667,24.733333333333334,524288.0,370494.6666666667,872.8666666666667,437.1333333333333,130.53333333333333,1.8666666666666667
1377874099,1,2399.999729,732.7999172546668,30.533333333333335,524288.0,392865.06666666665,912.7333333333333,443.33333333333337,162.46666666666667,2.0
1377874399,1,2399.999729,1020.7998847346666,42.53333333333333,524288.0,394262.13333333336,588.0666666666666,551.1333333333334,140.13333333333333,26.4
1377874699,1,2399.999729,761.5999140026668,31.733333333333334,524288.0,374340.0,875.0,516.0,172.93333333333334,1.6666666666666667
1377874999,1,2399.999729,761.5999140026668,31.733333333333334,524288.0,407894.4,779.0,526.9333333333334,207.4,2.6666666666666665
1377875299,1,2399.999729,806.399908944,33.6,524288.0,462420.0,842.0666666666666,475.8,180.73333333333332,2.8
1377875599,1,2399.999729,735.9999168933333,30.666666666666664,524288.0,409293.86666666664,941.7333333333332,437.3333333333333,173.8,2.7333333333333334
1377875899,1,2399.999729,1076.7998784113333,44.86666666666667,524288.0,464866.6666666667,745.6666666666667,615.6,225.13333333333333,13.6
1377876199,1,2399.999729,825.599906776,34.4,524288.0,415934.13333333336,872.8,489.4,168.2,2.1333333333333333
1377876499,1,2399.999729,779.1999120153334,32.46666666666667,524288.0,391466.93333333335,669.2,442.4,174.53333333333333,2.4
1377876799,1,2399.999729,665.5999248426666,27.733333333333334,524288.0,385174.6666666667,664.3333333333333,425.1333333333333,144.2,2.066666666666667
1377877099,1,2399.999729,681.599923036,28.4,524288.0,375737.6,744.2666666666667,371.06666666666666,132.26666666666668,2.066666666666667
1377877399,1,2399.999729,636.7999280946667,26.533333333333335,524288.0,356862.4,553.0666666666667,364.8666666666667,126.46666666666667,2.933333333333333
1377877699,1,2399.999729,489.599944716,20.4,524288.0,308279.2,1.9333333333333333,251.79999999999998,101.46666666666667,1.7333333333333334
1377877999,1,2399.999729,463.9999476066667,19.333333333333332,524288.0,235927.2,29.466666666666665,263.06666666666666,106.06666666666666,1.9333333333333333
1377878299,1,2399.999729,444.7999497746667,18.53333333333333,524288.0,222296.0,0.8666666666666666,259.26666666666665,102.2,1.8
1377878599,1,2399.999729,550.3999378506667,22.933333333333334,524288.0,227539.2,9.533333333333333,290.0,127.86666666666666,2.066666666666667
1377878899,1,2399.999729,463.9999476066667,19.333333333333332,524288.0,238024.53333333333,7.466666666666667,258.0,102.33333333333333,1.7333333333333334
1377879199,1,2399.999729,460.79994796799997,19.2,524288.0,230334.13333333333,0.4666666666666667,256.93333333333334,100.46666666666667,2.0
1377879499,1,2399.999729,454.3999486906667,18.933333333333334,524288.0,218101.06666666668,0.5333333333333333,255.86666666666667,97.93333333333334,1.7333333333333334
1377879799,1,2399.999729,503.99994309,21.0,524288.0,228237.33333333334,1.6666666666666667,265.93333333333334,108.26666666666667,1.8666666666666667
1377880100,1,2399.999729,478.39994598066664,19.933333333333334,524288.0,198877.86666666667,0.4,257.73333333333335,99.0,1.6
1377880400,1,2399.999729,622.3999297206667,25.933333333333334,524288.0,180352.53333333333,0.7999999999999999,350.26666666666665,204.93333333333334,2.7333333333333334
1377880700,1,2399.999729,1691.1998090353334,70.46666666666667,524288.0,257598.13333333333,10.866666666666667,864.2666666666667,761.5333333333333,4.066666666666666
1377881000,1,2399.999729,1323.1998505886668,55.13333333333333,524288.0,283114.4,1.0666666666666667,646.8,521.9333333333333,3.066666666666667
1377881300,1,2399.999729,667.1999246620002,27.8,524288.0,228587.2,1.1333333333333333,333.93333333333334,180.06666666666666,1.8
1377881600,1,2399.999729,446.3999495940001,18.6,524288.0,165673.33333333334,29.0,265.73333333333335,104.2,1.6
1377881900,1,2399.999729,444.7999497746667,18.53333333333333,524288.0,137012.0,0.6666666666666666,254.60000000000002,99.86666666666666,1.5333333333333334
1377882200,1,2399.999729,484.799945258,20.2,524288.0,138409.6,10.933333333333334,287.93333333333334,129.86666666666667,2.0
1377882500,1,2399.999729,433.5999510393333,18.066666666666666,524288.0,164974.4,7.933333333333334,260.6,100.66666666666667,1.6
1377882800,1,2399.999729,409.59995374933334,17.066666666666666,524288.0,153439.46666666667,0.26666666666666666,254.0,100.33333333333333,2.066666666666667
1377883100,1,2399.999729,428.79995158133335,17.866666666666667,524288.0,160781.06666666668,0.2,256.26666666666665,100.0,1.8666666666666667
1377883399,1,2399.999729,446.3999495940001,18.6,524288.0,141556.0,14.266666666666666,267.8666666666667,108.53333333333333,1.8
1377883699,1,2399.999729,409.59995374933334,17.066666666666666,524288.0,126177.33333333333,0.06666666666666667,254.33333333333331,98.86666666666666,1.6
1377883999,1,2399.999729,435.1999508586667,18.133333333333333,524288.0,129322.4,0.2,264.5333333333333,108.6,1.6666666666666667
1377884299,1,2399.999729,415.9999530266666,17.333333333333332,524288.0,147498.13333333333,2.7333333333333334,261.0,104.8,1.6666666666666667
1377884599,1,2399.999729,428.79995158133335,17.866666666666667,524288.0,144701.6,0.06666666666666667,250.0,100.8,1.8
1377884899,1,2399.999729,395.1999553753334,16.46666666666667,524288.0,144352.26666666666,0.06666666666666667,255.4,103.86666666666666,1.6
1377885199,1,2399.999729,428.79995158133335,17.866666666666667,524288.0,162527.2,0.6666666666666667,265.0,108.4,1.8666666666666667
1377885499,1,2399.999729,396.7999551946666,16.53333333333333,524288.0,173713.33333333334,0.2,255.8,101.93333333333334,1.6
1377885799,1,2399.999729,527.99994038,22.0,524288.0,153090.66666666666,7.133333333333333,283.93333333333334,126.2,2.0
1377886100,1,2399.999729,404.79995429133334,16.866666666666667,524288.0,171965.6,1.2666666666666666,255.40000000000003,97.6,1.6
1377886400,1,2399.999729,391.99995573666666,16.333333333333332,524288.0,152040.8,0.26666666666666666,252.53333333333333,99.13333333333334,2.2666666666666666
1377886700,1,2399.999729,395.1999553753334,16.46666666666667,524288.0,134216.8,0.06666666666666667,257.6,99.8,1.4
1377887000,1,2399.999729,420.7999524846666,17.53333333333333,524288.0,149944.0,0.26666666666666666,260.53333333333336,104.73333333333333,1.4666666666666666
1377887300,1,2399.999729,396.7999551946666,16.53333333333333,524288.0,137360.8,0.13333333333333333,257.06666666666666,101.06666666666666,1.6666666666666667
1377887600,1,2399.999729,449.5999492326667,18.733333333333334,524288.0,145749.86666666667,0.13333333333333333,271.0,113.33333333333333,1.9333333333333333
1377887900,1,2399.999729,420.7999524846666,17.53333333333333,524288.0,139809.33333333334,2.8666666666666667,263.6,103.93333333333334,1.6666666666666667
1377888200,1,2399.999729,404.79995429133334,16.866666666666667,524288.0,125827.73333333334,0.26666666666666666,258.93333333333334,100.53333333333333,1.9333333333333333
1377888500,1,2399.999729,467.19994724533336,19.46666666666667,524288.0,130021.6,0.13333333333333333,268.4666666666667,113.13333333333334,1.6666666666666667
1377888800,1,2399.999729,532.799939838,22.2,524288.0,118837.6,0.6666666666666667,286.0,123.8,1.7333333333333334
1377889100,1,2399.999729,460.79994796799997,19.2,524288.0,136313.6,0.13333333333333333,261.6,105.8,1.4666666666666666
1377889400,1,2399.999729,463.9999476066667,19.333333333333332,524288.0,146799.46666666667,7.2,284.5333333333333,125.93333333333334,1.8666666666666667
1377889700,1,2399.999729,407.99995393000006,17.0,524288.0,162177.86666666667,0.4666666666666667,256.8,103.4,1.5333333333333334
1377890000,1,2399.999729,398.39995501400006,16.6,524288.0,138060.8,0.8666666666666667,246.66666666666669,97.86666666666666,2.3333333333333335
1377890300,1,2399.999729,425.59995194266673,17.733333333333334,524288.0,139109.33333333334,0.0,264.8666666666667,114.2,1.5333333333333334
1377890600,1,2399.999729,438.39995049733335,18.266666666666666,524288.0,138760.0,0.2,261.4,105.53333333333333,1.9333333333333333
1377890900,1,2399.999729,393.599955556,16.4,524288.0,135614.4,0.26666666666666666,255.46666666666667,103.2,1.5333333333333334
1377891200,1,2399.999729,428.79995158133335,17.866666666666667,524288.0,147846.66666666666,0.26666666666666666,260.79999999999995,109.6,1.6666666666666667
1377891500,1,2399.999729,431.99995122,18.0,524288.0,144352.0,2.9333333333333336,264.06666666666666,105.73333333333333,1.5333333333333334
1377891800,1,2399.999729,435.1999508586667,18.133333333333333,524288.0,155886.4,0.2,255.26666666666665,102.4,1.8
1377892100,1,2399.999729,460.79994796799997,19.2,524288.0,153439.2,0.2,261.53333333333336,107.46666666666667,4.2
1377892400,1,2399.999729,431.99995122,18.0,524288.0,156236.8,0.4666666666666667,260.59999999999997,105.8,2.066666666666667
1377892700,1,2399.999729,396.7999551946666,16.53333333333333,524288.0,127924.8,0.4666666666666667,259.0,100.06666666666666,1.6666666666666667
1377893000,1,2399.999729,468.79994706466664,19.53333333333333,524288.0,141556.0,7.3999999999999995,287.06666666666666,125.73333333333333,2.066666666666667
1377893300,1,2399.999729,395.1999553753334,16.46666666666667,524288.0,152041.6,0.5333333333333333,256.73333333333335,98.2,1.4666666666666666
1377893600,1,2399.999729,428.79995158133335,17.866666666666667,524288.0,128973.6,0.0,262.93333333333334,103.6,2.1333333333333333
1377893900,1,2399.999729,420.7999524846666,17.53333333333333,524288.0,132118.4,0.2,262.8666666666667,106.46666666666667,1.6666666666666667
1377894200,1,2399.999729,454.3999486906667,18.933333333333334,524288.0,144002.93333333332,12.866666666666667,265.2,108.73333333333333,1.4666666666666666
1377894500,1,2399.999729,433.5999510393333,18.066666666666666,524288.0,150644.0,0.26666666666666666,268.4666666666667,110.0,1.3333333333333333
1377894800,1,2399.999729,467.19994724533336,19.46666666666667,524288.0,135964.8,0.06666666666666667,267.33333333333337,112.33333333333333,1.5333333333333334
1377895100,1,2399.999729,433.5999510393333,18.066666666666666,524288.0,147847.46666666667,2.4,271.06666666666666,113.73333333333333,1.4666666666666666
1377895400,1,2399.999729,422.399952304,17.6,524288.0,137711.46666666667,0.06666666666666667,262.6666666666667,107.8,1.5333333333333334
1377895700,1,2399.999729,446.3999495940001,18.6,524288.0,135964.0,0.13333333333333333,261.0,105.4,1.4
1377896000,1,2399.999729,427.19995176200007,17.8,524288.0,156585.33333333334,0.5333333333333333,262.73333333333335,108.2,1.4666666666666666
1377896300,1,2399.999729,431.99995122,18.0,524288.0,134914.66666666666,0.26666666666666666,259.33333333333337,105.93333333333334,1.2666666666666666
1377896600,1,2399.999729,473.5999465226667,19.733333333333334,524288.0,142254.4,7.066666666666666,293.6,131.46666666666667,1.8666666666666667
1377896901,1,2399.999729,412.799953388,17.2,524288.0,177207.46666666667,0.4666666666666667,260.4666666666667,101.93333333333334,1.3333333333333333
1377897201,1,2399.999729,439.9999503166666,18.333333333333332,524288.0,137362.66666666666,0.13333333333333333,261.6666666666667,105.26666666666667,1.7333333333333334
1377897501,1,2399.999729,427.19995176200007,17.8,524288.0,151691.73333333334,0.2,262.73333333333335,105.93333333333334,1.2666666666666666
1377897801,1,2399.999729,465.59994742599997,19.4,524288.0,150293.86666666667,0.13333333333333333,262.4666666666667,105.0,1.4
1377898101,1,2399.999729,415.9999530266666,17.333333333333332,524288.0,152041.6,0.06666666666666667,258.0,103.26666666666667,1.2666666666666666
1377898401,1,2399.999729,430.3999514006667,17.933333333333334,524288.0,122680.8,0.13333333333333333,265.6,106.8,1.4
1377898701,1,2399.999729,407.99995393000006,17.0,524288.0,131420.8,2.1333333333333333,258.3333333333333,98.8,1.3333333333333333
1377899001,1,2399.999729,415.9999530266666,17.333333333333332,524288.0,130021.6,0.06666666666666667,252.33333333333334,97.0,1.4
1377899301,1,2399.999729,406.39995411066667,16.933333333333334,524288.0,105904.0,0.3333333333333333,252.33333333333334,98.26666666666667,1.2666666666666666
1377899601,1,2399.999729,406.39995411066667,16.933333333333334,524288.0,126875.2,0.7333333333333334,262.4666666666667,103.26666666666667,1.3333333333333333
1377899901,1,2399.999729,379.19995718200005,15.8,524288.0,126526.4,0.06666666666666667,250.60000000000002,96.33333333333333,1.2666666666666666
1377900201,1,2399.999729,534.3999396573333,22.266666666666666,524288.0,145399.73333333334,15.333333333333332,329.93333333333334,165.4,1.8
1377900501,1,2399.999729,555.1999373086668,23.133333333333336,524288.0,185246.4,2.533333333333333,344.5333333333333,157.86666666666667,1.3333333333333333
1377900801,1,2399.999729,427.19995176200007,17.8,524288.0,161827.73333333334,0.5333333333333333,291.4,111.66666666666667,1.8
1377901101,1,2399.999729,422.399952304,17.6,524288.0,137362.66666666666,0.39999999999999997,282.6666666666667,102.2,1.3333333333333333
1377901401,1,2399.999729,399.9999548333334,16.666666666666668,524288.0,138760.0,0.6,278.6666666666667,98.8,1.4666666666666666
1377901701,1,2399.999729,473.5999465226667,19.733333333333334,524288.0,123380.26666666666,0.13333333333333333,307.6666666666667,131.53333333333333,1.3333333333333333
1377902001,1,2399.999729,417.599952846,17.4,524288.0,152741.6,0.0,288.6,106.6,1.4666666666666666
1377902301,1,2399.999729,414.3999532073333,17.266666666666666,524288.0,140158.13333333333,2.2,292.1333333333333,107.6,1.1333333333333333
1377902601,1,2399.999729,417.599952846,17.4,524288.0,129322.4,0.06666666666666667,292.26666666666665,111.66666666666667,1.4666666666666666
1377902901,1,2399.999729,401.5999546526667,16.733333333333334,524288.0,136662.93333333332,0.0,284.93333333333334,105.2,1.2666666666666666
1377903202,1,2399.999729,411.1999535686667,17.133333333333333,524288.0,131769.6,0.13333333333333333,282.0,101.46666666666667,1.4
1377903502,1,2399.999729,391.99995573666666,16.333333333333332,524288.0,134215.2,0.26666666666666666,280.06666666666666,97.6,1.0666666666666667
1377903802,1,2399.999729,564.7999362246668,23.533333333333335,524288.0,178956.26666666666,771.6666666666666,409.0666666666667,139.0,1.8666666666666667
1377904102,1,2399.999729,545.5999383926668,22.733333333333334,524288.0,339736.8,984.4000000000001,498.5333333333333,118.0,1.2
1377904402,1,2399.999729,577.5999347793334,24.066666666666666,524288.0,393214.4,1095.4666666666667,501.1333333333333,123.66666666666667,1.6666666666666667
1377904702,1,2399.999729,679.9999232166668,28.333333333333336,524288.0,402651.2,1160.6666666666667,400.93333333333334,104.2,1.2
1377905002,1,2399.999729,2292.799741104667,95.53333333333335,524288.0,373291.2,1868.7333333333333,323.93333333333334,101.4,1.3333333333333333
1377905302,1,2399.999729,2308.799739298,96.2,524288.0,341484.5333333333,1777.1333333333334,333.26666666666665,99.8,1.2666666666666666
1377905602,1,2399.999729,2201.5997514026667,91.73333333333333,524288.0,275075.2,1820.6666666666667,332.26666666666665,104.33333333333333,1.3333333333333333
1377905902,1,2399.999729,2305.5997396593334,96.06666666666666,524288.0,330998.13333333336,1837.7333333333333,353.5333333333333,102.8,1.1333333333333333
1377906202,1,2399.999729,1982.399776154,82.6,524288.0,307230.93333333335,755.1333333333333,291.4,100.0,1.4
1377906502,1,2399.999729,2364.7997329746668,98.53333333333335,524288.0,312473.86666666664,920.2666666666667,287.1333333333333,97.33333333333333,1.1333333333333333
1377906802,1,2399.999729,2471.99972087,103.0,524288.0,299540.8,1159.2,292.46666666666664,101.6,1.3333333333333333
1377907102,1,2399.999729,2420.7997266513335,100.86666666666666,524288.0,378184.26666666666,1135.0,291.79999999999995,98.06666666666666,1.0666666666666667
1377907402,1,2399.999729,2508.7997167146673,104.53333333333335,524288.0,383078.4,1057.8,432.8666666666667,233.13333333333333,1.6666666666666667
1377907702,1,2399.999729,2431.9997253866673,101.33333333333334,524288.0,393564.26666666666,913.2,474.5333333333333,293.0,1.0
1377908002,1,2399.999729,2411.199727735333,100.46666666666665,524288.0,391116.8,961.2666666666667,476.9333333333334,301.2,1.6
1377908302,1,2399.999729,2190.3997526673334,91.26666666666667,524288.0,335892.26666666666,1366.0666666666666,537.3333333333334,297.46666666666664,1.0
1377908602,1,2399.999729,2267.1997439953334,94.46666666666665,524288.0,271929.6,1555.8666666666666,541.0666666666666,296.73333333333335,1.2
1377908902,1,2399.999729,2278.3997427306667,94.93333333333334,524288.0,325756.0,1560.8666666666668,476.8666666666667,251.53333333333333,1.1333333333333333
1377909202,1,2399.999729,2262.3997445373334,94.26666666666667,524288.0,329250.4,1700.4666666666667,508.93333333333334,266.46666666666664,1.2
1377909502,1,2399.999729,2377.5997315293334,99.06666666666666,524288.0,396360.0,2443.7333333333336,484.8,174.46666666666667,1.0666666666666667
1377909802,1,2399.999729,2383.9997308066672,99.33333333333334,524288.0,417331.2,2647.4,417.0,99.93333333333334,1.0666666666666667
1377910102,1,2399.999729,2195.1997521253334,91.46666666666665,524288.0,408944.0,2336.0,395.1333333333333,101.2,1.0
1377910402,1,2399.999729,2292.799741104667,95.53333333333335,524288.0,411388.5333333333,2225.3999999999996,386.8,102.8,1.1333333333333333
1377910702,1,2399.999729,911.99989702,38.0,524288.0,343231.73333333334,416.8666666666667,301.5333333333333,96.73333333333333,1.0
1377911002,1,2399.999729,361.5999591693334,15.066666666666668,524288.0,210062.66666666666,10.866666666666665,305.26666666666665,119.53333333333333,1.5333333333333334
1377911302,1,2399.999729,331.199962602,13.8,524288.0,158333.06666666668,0.4666666666666667,291.06666666666666,107.8,1.2
1377911602,1,2399.999729,351.9999602533334,14.666666666666668,524288.0,135614.93333333332,0.2,282.93333333333334,104.33333333333333,1.6666666666666667
1377911902,1,2399.999729,331.199962602,13.8,524288.0,123380.26666666666,0.6,285.5333333333333,101.33333333333333,1.2
1377912202,1,2399.999729,355.19995989200004,14.8,524288.0,154139.2,1.2,288.26666666666665,105.2,1.2666666666666666
1377912502,1,2399.999729,385.5999564593333,16.066666666666666,524288.0,134566.13333333333,0.4,273.26666666666665,96.6,1.0666666666666667
1377912802,1,2399.999729,403.199954472,16.8,524288.0,129322.4,0.13333333333333333,280.1333333333333,104.0,1.4
1377913102,1,2399.999729,388.79995609799994,16.2,524288.0,142604.53333333333,2.933333333333333,285.6666666666667,101.93333333333334,1.2666666666666666
1377913402,1,2399.999729,401.5999546526667,16.733333333333334,524288.0,116390.13333333333,0.0,277.2,99.8,1.4
1377913702,1,2399.999729,383.99995664,16.0,524288.0,140857.06666666668,0.26666666666666666,273.6,96.13333333333334,1.1333333333333333
1377914003,1,2399.999729,399.9999548333334,16.666666666666668,524288.0,121631.73333333334,0.6666666666666666,285.4,100.8,1.4
1377914303,1,2399.999729,398.39995501400006,16.6,524288.0,123030.66666666667,0.26666666666666666,272.73333333333335,96.8,1.0666666666666667
1377914603,1,2399.999729,657.5999257459999,27.4,524288.0,146449.06666666668,819.0,337.6,125.73333333333333,2.0
1377914903,1,2399.999729,740.7999163513332,30.866666666666664,524288.0,390068.5333333333,671.6666666666666,420.2,101.13333333333334,1.2666666666666666
1377915203,1,2399.999729,460.79994796799997,19.2,524288.0,330299.2,2.2,294.73333333333335,101.86666666666666,1.6666666666666667
1377915503,1,2399.999729,483.1999454386667,20.133333333333333,524288.0,229636.8,1.0,301.93333333333334,105.73333333333333,1.3333333333333333
1377915803,1,2399.999729,571.1999355020001,23.8,524288.0,200276.8,36.733333333333334,319.1333333333333,101.46666666666667,1.2666666666666666
1377916102,1,2399.999729,391.99995573666666,16.333333333333332,524288.0,180352.8,0.7333333333333333,278.8666666666667,96.93333333333334,0.9333333333333333
1377916402,1,2399.999729,388.79995609799994,16.2,524288.0,154488.53333333333,0.3333333333333333,274.66666666666663,101.26666666666667,1.0666666666666667
1377916702,1,2399.999729,364.799958808,15.2,524288.0,160779.73333333334,2.5333333333333337,280.3333333333333,100.2,0.7333333333333333
1377917002,1,2399.999729,391.99995573666666,16.333333333333332,524288.0,154836.8,0.4666666666666667,273.46666666666664,97.93333333333334,0.8666666666666667
1377917302,1,2399.999729,367.99995844666665,15.333333333333332,524288.0,166371.73333333334,0.6,274.0,97.26666666666667,0.8
1377917602,1,2399.999729,409.59995374933334,17.066666666666666,524288.0,146100.26666666666,2.533333333333333,278.06666666666666,101.73333333333333,1.0666666666666667
1377917902,1,2399.999729,447.99994941333335,18.666666666666668,524288.0,134216.53333333333,0.06666666666666667,272.8666666666667,97.6,0.9333333333333333
1377918202,1,2399.999729,459.19994814866664,19.133333333333333,524288.0,169866.93333333332,15.333333333333334,299.4666666666667,117.73333333333333,1.5333333333333334
1377918502,1,2399.999729,363.1999589886667,15.133333333333333,524288.0,176159.46666666667,0.06666666666666667,279.06666666666666,99.8,0.9333333333333333
1377918802,1,2399.999729,390.39995591733333,16.266666666666666,524288.0,152041.86666666667,0.06666666666666667,282.4,103.4,1.4666666666666666
1377919102,1,2399.999729,375.9999575433334,15.666666666666668,524288.0,140507.46666666667,0.0,276.06666666666666,97.13333333333334,1.0
1377919402,1,2399.999729,377.59995736266666,15.733333333333333,524288.0,149944.53333333333,4.333333333333334,280.8666666666667,98.53333333333333,1.0666666666666667
1377919702,1,2399.999729,351.9999602533334,14.666666666666668,524288.0,148896.0,0.06666666666666667,276.93333333333334,96.26666666666667,0.9333333333333333
1377920002,1,2399.999729,391.99995573666666,16.333333333333332,524288.0,144701.33333333334,0.2,276.73333333333335,102.46666666666667,1.0
1377920302,1,2399.999729,372.79995790466666,15.533333333333333,524288.0,140857.6,2.0,278.06666666666666,97.8,0.9333333333333333
1377920602,1,2399.999729,356.7999597113334,14.866666666666667,524288.0,141206.93333333332,0.13333333333333333,270.26666666666665,98.0,1.1333333333333333
1377920903,1,2399.999729,363.1999589886667,15.133333333333333,524288.0,140857.86666666667,0.2,272.06666666666666,95.4,0.8666666666666667
1377921203,1,2399.999729,380.7999570013334,15.866666666666667,524288.0,134566.13333333333,0.7333333333333334,285.06666666666666,105.2,1.1333333333333333
1377921503,1,2399.999729,379.19995718200005,15.8,524288.0,139808.26666666666,0.2,271.4,97.93333333333334,0.9333333333333333
1377921803,1,2399.999729,545.5999383926668,22.733333333333334,524288.0,136313.6,5.8,342.73333333333335,159.4,1.4
1377922103,1,2399.999729,475.19994634200003,19.8,524288.0,173012.8,0.2,297.8666666666667,113.33333333333333,1.0
1377922403,1,2399.999729,508.79994254800005,21.2,524288.0,154138.4,0.06666666666666667,315.6666666666667,132.93333333333334,1.6
1377922703,1,2399.999729,471.9999467033334,19.666666666666668,524288.0,133167.2,0.4666666666666667,309.2,127.06666666666666,1.0666666666666667
1377923003,1,2399.999729,431.99995122,18.0,524288.0,128973.6,0.8666666666666667,282.53333333333336,105.2,0.9333333333333333
1377923303,1,2399.999729,403.199954472,16.8,524288.0,138061.86666666667,0.13333333333333333,283.3333333333333,103.66666666666667,0.8
1377923603,1,2399.999729,399.9999548333334,16.666666666666668,524288.0,122682.13333333333,0.2,276.93333333333334,102.33333333333333,1.0
1377923903,1,2399.999729,380.7999570013334,15.866666666666667,524288.0,134914.93333333332,4.2,272.1333333333333,97.06666666666666,0.6
1377924203,1,2399.999729,401.5999546526667,16.733333333333334,524288.0,147847.2,0.06666666666666667,270.8666666666667,99.66666666666667,1.0
1377924503,1,2399.999729,399.9999548333334,16.666666666666668,524288.0,132817.86666666667,0.2,271.5333333333333,96.93333333333334,0.8666666666666667
1377924803,1,2399.999729,412.799953388,17.2,524288.0,139459.46666666667,0.6666666666666667,276.73333333333335,99.33333333333333,1.0666666666666667
1377925103,1,2399.999729,415.9999530266666,17.333333333333332,524288.0,126875.73333333334,0.13333333333333333,270.26666666666665,96.86666666666666,0.8666666666666667
1377925403,1,2399.999729,470.3999468840001,19.6,524288.0,139809.06666666668,9.466666666666667,302.6,122.53333333333333,1.2666666666666666
1377925703,1,2399.999729,401.5999546526667,16.733333333333334,524288.0,159381.86666666667,0.4666666666666667,268.26666666666665,94.93333333333334,0.9333333333333333
1377926003,1,2399.999729,454.3999486906667,18.933333333333334,524288.0,141906.13333333333,0.9333333333333333,271.5333333333333,101.53333333333333,1.4666666666666666
1377926303,1,2399.999729,455.99994851,19.0,524288.0,141205.86666666667,0.26666666666666666,281.8666666666667,110.66666666666667,1.0
1377926603,1,2399.999729,462.39994778733336,19.266666666666666,524288.0,136662.4,13.666666666666668,276.66666666666663,98.13333333333334,1.0
1377926903,1,2399.999729,403.199954472,16.8,524288.0,132118.4,0.13333333333333333,269.5333333333333,94.8,0.9333333333333333
1377927203,1,2399.999729,452.7999488713334,18.866666666666667,524288.0,116391.46666666666,0.0,271.3333333333333,103.8,1.2666666666666666
1377927503,1,2399.999729,467.19994724533336,19.46666666666667,524288.0,117439.2,2.0,272.46666666666664,98.86666666666666,1.1333333333333333
1377927803,1,2399.999729,439.9999503166666,18.333333333333332,524288.0,113244.8,0.06666666666666667,268.4666666666667,101.06666666666666,1.2
1377928103,1,2399.999729,465.59994742599997,19.4,524288.0,112894.4,0.06666666666666667,277.4,104.0,1.0666666666666667
1377928403,1,2399.999729,460.79994796799997,19.2,524288.0,138061.06666666668,0.4666666666666667,281.5333333333333,101.33333333333333,1.2666666666666666
1377928703,1,2399.999729,438.39995049733335,18.266666666666666,524288.0,135614.66666666666,0.2,271.4,102.46666666666667,1.1333333333333333
1377929003,1,2399.999729,457.59994832933336,19.066666666666666,524288.0,135962.4,7.666666666666667,294.8,117.8,1.6
1377929303,1,2399.999729,398.39995501400006,16.6,524288.0,147846.93333333332,8.600000000000001,274.26666666666665,96.66666666666667,1.2666666666666666
1377929604,1,2399.999729,465.59994742599997,19.4,524288.0,133517.33333333334,0.06666666666666667,278.1333333333333,108.2,1.8666666666666667
1377929904,1,2399.999729,430.3999514006667,17.933333333333334,524288.0,132468.8,0.13333333333333333,285.5333333333333,105.53333333333333,1.0666666666666667
1377930204,1,2399.999729,438.39995049733335,18.266666666666666,524288.0,127924.0,0.7333333333333334,274.1333333333333,98.93333333333334,1.4
1377930504,1,2399.999729,478.39994598066664,19.933333333333334,524288.0,230686.13333333333,928.8666666666667,320.6666666666667,97.33333333333333,1.3333333333333333
1377930804,1,2399.999729,454.3999486906667,18.933333333333334,524288.0,246063.46666666667,4.2666666666666675,281.26666666666665,101.0,1.4666666666666666
1377931104,1,2399.999729,465.59994742599997,19.4,524288.0,176857.33333333334,4.466666666666667,296.26666666666665,109.0,1.2666666666666666
1377931404,1,2399.999729,419.1999526653334,17.46666666666667,524288.0,141556.53333333333,0.26666666666666666,266.93333333333334,97.66666666666667,1.3333333333333333
1377931704,1,2399.999729,433.5999510393333,18.066666666666666,524288.0,132818.13333333333,0.4666666666666667,284.0,104.86666666666666,1.0666666666666667
1377932004,1,2399.999729,617.5999302626667,25.733333333333334,524288.0,148545.86666666667,16.933333333333334,388.40000000000003,224.73333333333332,2.6
1377932304,1,2399.999729,1236.7998603446667,51.53333333333333,524288.0,205519.2,0.5333333333333333,716.6666666666666,553.3333333333334,2.8666666666666667
1377932604,1,2399.999729,1207.9998635966665,50.33333333333333,524288.0,251656.0,14.666666666666666,670.8666666666667,505.1333333333333,3.466666666666667
1377932904,1,2399.999729,819.1999074986667,34.13333333333333,524288.0,242917.33333333334,9.4,460.1333333333333,289.3333333333333,2.466666666666667
1377933204,1,2399.999729,553.5999374893333,23.066666666666666,524288.0,182800.0,0.4,311.06666666666666,148.53333333333333,2.2666666666666666
1377933504,1,2399.999729,447.99994941333335,18.666666666666668,524288.0,138760.0,0.6666666666666666,296.4,123.26666666666667,1.3333333333333333
1377933804,1,2399.999729,427.19995176200007,17.8,524288.0,155187.73333333334,22.73333333333333,284.6,107.2,1.4
1377934104,1,2399.999729,407.99995393000006,17.0,524288.0,145400.53333333333,7.466666666666667,285.2,98.46666666666667,1.2666666666666666
1377934404,1,2399.999729,470.3999468840001,19.6,524288.0,162527.46666666667,366.6,301.6666666666667,108.8,1.3333333333333333
1377934704,1,2399.999729,491.19994453533343,20.46666666666667,524288.0,238724.53333333333,380.06666666666666,301.6,102.2,1.9333333333333333
1377935004,1,2399.999729,419.1999526653334,17.46666666666667,524288.0,197828.26666666666,0.7333333333333333,274.8,101.46666666666667,1.3333333333333333
1377935304,1,2399.999729,411.1999535686667,17.133333333333333,524288.0,155187.73333333334,0.7333333333333333,265.0,97.53333333333333,1.2666666666666666
1377935604,1,2399.999729,467.19994724533336,19.46666666666667,524288.0,159380.8,19.933333333333334,270.4,99.73333333333333,1.4666666666666666
1377935904,1,2399.999729,465.59994742599997,19.4,524288.0,144002.93333333332,0.5333333333333333,267.66666666666663,98.66666666666667,1.2
1377936204,1,2399.999729,457.59994832933336,19.066666666666666,524288.0,149945.33333333334,7.066666666666666,295.6666666666667,117.06666666666666,1.7333333333333334
1377936504,1,2399.999729,409.59995374933334,17.066666666666666,524288.0,190839.2,7.3999999999999995,266.6666666666667,97.06666666666666,1.2
1377936804,1,2399.999729,431.99995122,18.0,524288.0,148896.0,0.13333333333333333,267.73333333333335,99.86666666666666,1.6666666666666667
1377937104,1,2399.999729,467.19994724533336,19.46666666666667,524288.0,148896.0,0.26666666666666666,266.4,97.46666666666667,1.2666666666666666
1377937404,1,2399.999729,447.99994941333335,18.666666666666668,524288.0,148545.86666666667,12.333333333333334,284.93333333333334,107.93333333333334,1.5333333333333334
1377937704,1,2399.999729,459.19994814866664,19.133333333333333,524288.0,145051.2,0.26666666666666666,281.2,106.73333333333333,1.2666666666666666
1377938004,1,2399.999729,443.1999499553334,18.46666666666667,524288.0,142254.93333333332,0.06666666666666667,272.0,100.86666666666666,1.4666666666666666
1377938304,1,2399.999729,443.1999499553334,18.46666666666667,524288.0,142954.93333333332,2.2,280.73333333333335,108.0,1.2
1377938604,1,2399.999729,446.3999495940001,18.6,524288.0,135963.73333333334,0.26666666666666666,270.8666666666667,99.0,1.3333333333333333
1377938905,1,2399.999729,463.9999476066667,19.333333333333332,524288.0,144352.0,0.13333333333333333,285.73333333333335,110.6,1.3333333333333333
1377939205,1,2399.999729,441.59995013599996,18.4,524288.0,138410.13333333333,0.5333333333333333,275.93333333333334,100.13333333333334,1.4666666666666666
1377939505,1,2399.999729,433.5999510393333,18.066666666666666,524288.0,152041.6,0.33333333333333337,264.4,96.8,1.3333333333333333
1377939805,1,2399.999729,459.19994814866664,19.133333333333333,524288.0,138060.8,7.133333333333333,309.4666666666667,129.8,1.6666666666666667
1377940105,1,2399.999729,404.79995429133334,16.866666666666667,524288.0,152740.53333333333,2.7333333333333334,271.06666666666666,98.53333333333333,1.2666666666666666
1377940405,1,2399.999729,431.99995122,18.0,524288.0,136663.46666666667,0.06666666666666667,283.2,110.06666666666666,1.9333333333333333
1377940705,1,2399.999729,444.7999497746667,18.53333333333333,524288.0,149245.6,0.06666666666666667,280.6,105.6,1.2666666666666666
1377941005,1,2399.999729,430.3999514006667,17.933333333333334,524288.0,152041.86666666667,0.26666666666666666,282.73333333333335,106.73333333333333,1.4666666666666666
1377941305,1,2399.999729,420.7999524846666,17.53333333333333,524288.0,132818.4,0.26666666666666666,279.79999999999995,105.06666666666666,1.3333333333333333
1377941605,1,2399.999729,433.5999510393333,18.066666666666666,524288.0,135963.73333333334,0.2,280.1333333333333,104.93333333333334,1.4
1377941905,1,2399.999729,428.79995158133335,17.866666666666667,524288.0,165673.6,2.2,285.6,108.4,1.2666666666666666
1377942205,1,2399.999729,409.59995374933334,17.066666666666666,524288.0,144701.6,0.2,265.6666666666667,96.66666666666667,1.4666666666666666
1377942505,1,2399.999729,431.99995122,18.0,524288.0,152041.6,0.13333333333333333,270.8666666666667,96.46666666666667,1.2666666666666666
1377942805,1,2399.999729,478.39994598066664,19.933333333333334,524288.0,148896.0,0.6666666666666667,269.8,98.66666666666667,1.4666666666666666
1377943105,1,2399.999729,380.7999570013334,15.866666666666667,524288.0,127924.8,0.13333333333333333,270.8666666666667,99.53333333333333,1.2666666666666666
1377943405,1,2399.999729,457.59994832933336,19.066666666666666,524288.0,140856.8,6.266666666666667,305.6666666666667,120.13333333333334,1.6666666666666667
1377943705,1,2399.999729,383.99995664,16.0,524288.0,169868.0,1.3333333333333333,273.8666666666667,99.93333333333334,1.4
1377944005,1,2399.999729,417.599952846,17.4,524288.0,158333.6,0.7333333333333333,277.73333333333335,106.93333333333334,2.0
1377944305,1,2399.999729,411.1999535686667,17.133333333333333,524288.0,144701.86666666667,0.26666666666666666,284.93333333333334,110.0,1.2666666666666666
1377944605,1,2399.999729,383.99995664,16.0,524288.0,137362.66666666666,0.26666666666666666,277.26666666666665,101.26666666666667,1.4
1377944905,1,2399.999729,401.5999546526667,16.733333333333334,524288.0,138759.73333333334,0.3333333333333333,275.26666666666665,103.13333333333334,1.2666666666666666
1377945205,1,2399.999729,395.1999553753334,16.46666666666667,524288.0,123380.26666666666,0.06666666666666667,273.73333333333335,101.53333333333333,1.4666666666666666
1377945505,1,2399.999729,415.9999530266666,17.333333333333332,524288.0,132817.06666666668,4.266666666666667,297.1333333333333,109.06666666666666,1.4
1377945805,1,2399.999729,407.99995393000006,17.0,524288.0,129321.86666666667,0.06666666666666667,282.33333333333337,101.33333333333333,1.4666666666666666
1377946105,1,2399.999729,391.99995573666666,16.333333333333332,524288.0,127575.73333333334,0.4,273.73333333333335,97.6,1.2666666666666666
1377946405,1,2399.999729,391.99995573666666,16.333333333333332,524288.0,145750.4,0.7333333333333334,275.6,100.6,1.3333333333333333
1377946706,1,2399.999729,399.9999548333334,16.666666666666668,524288.0,121283.46666666666,0.2,270.93333333333334,99.26666666666667,1.0666666666666667
1377947006,1,2399.999729,1006.3998863606665,41.93333333333333,524288.0,167070.13333333333,318.73333333333335,450.1333333333333,138.53333333333333,12.2
1377947306,1,2399.999729,1039.9998825666667,43.33333333333333,524288.0,333444.8,994.8666666666667,561.4666666666667,115.2,7.8
1377947606,1,2399.999729,585.599933876,24.4,524288.0,369796.0,1243.6666666666667,523.6,117.6,3.2666666666666666
1377947906,1,2399.999729,601.5999320693334,25.066666666666666,524288.0,383777.6,1367.0666666666666,454.6,100.86666666666666,3.066666666666667
1377948206,1,2399.999729,865.5999022593334,36.06666666666666,524288.0,395311.2,1064.4666666666667,583.7333333333333,117.06666666666666,19.0
1377948506,1,2399.999729,615.9999304433333,25.666666666666664,524288.0,398457.6,1052.0,466.8,120.33333333333333,2.1333333333333333
1377948805,1,2399.999729,574.3999351406667,23.933333333333334,524288.0,408594.13333333336,1244.0666666666666,454.0666666666667,114.4,1.9333333333333333
1377949105,1,2399.999729,567.9999358633333,23.666666666666664,524288.0,409291.73333333334,622.2666666666667,392.5333333333333,117.46666666666667,3.8666666666666667
1377949405,1,2399.999729,455.99994851,19.0,524288.0,322959.73333333334,1.6,290.2,114.73333333333333,1.7333333333333334
1377949705,1,2399.999729,411.1999535686667,17.133333333333333,524288.0,256200.53333333333,0.8666666666666667,273.93333333333334,99.86666666666666,1.5333333333333334
1377950005,1,2399.999729,495.9999439933333,20.666666666666664,524288.0,246063.73333333334,29.6,294.73333333333335,117.66666666666667,1.6
1377950305,1,2399.999729,425.59995194266673,17.733333333333334,524288.0,250607.46666666667,0.5333333333333333,280.33333333333337,106.4,1.3333333333333333
1377950605,1,2399.999729,484.799945258,20.2,524288.0,234528.8,9.4,313.93333333333334,130.33333333333334,1.8
1377950905,1,2399.999729,403.199954472,16.8,524288.0,219499.2,8.6,275.06666666666666,99.4,1.4
1377951205,1,2399.999729,446.3999495940001,18.6,524288.0,203772.0,0.6666666666666666,295.1333333333333,121.6,1.8
1377951505,1,2399.999729,415.9999530266666,17.333333333333332,524288.0,204820.26666666666,0.4666666666666667,278.06666666666666,101.73333333333333,1.2
1377951805,1,2399.999729,411.1999535686667,17.133333333333333,524288.0,174061.6,7.466666666666667,279.26666666666665,101.86666666666666,1.3333333333333333
1377952105,1,2399.999729,438.39995049733335,18.266666666666666,524288.0,160081.06666666668,0.6666666666666666,302.06666666666666,121.8,1.1333333333333333
1377952405,1,2399.999729,441.59995013599996,18.4,524288.0,164624.0,0.26666666666666666,286.6666666666667,109.6,1.4
1377952705,1,2399.999729,425.59995194266673,17.733333333333334,524288.0,177557.06666666668,4.333333333333333,286.2,106.73333333333333,1.1333333333333333
1377953005,1,2399.999729,430.3999514006667,17.933333333333334,524288.0,163925.6,0.06666666666666667,280.20000000000005,102.53333333333333,1.4
1377953306,1,2399.999729,422.399952304,17.6,524288.0,152391.2,0.06666666666666667,283.93333333333334,106.66666666666667,1.2
1377953606,1,2399.999729,423.99995212333334,17.666666666666668,524288.0,157284.0,2.466666666666667,283.93333333333334,104.2,1.2666666666666666
1377953906,1,2399.999729,399.9999548333334,16.666666666666668,524288.0,133168.0,0.4,279.8,101.0,1.2
1377954206,1,2399.999729,462.39994778733336,19.266666666666666,524288.0,148546.13333333333,7.333333333333333,309.1333333333333,123.6,1.4666666666666666
1377954506,1,2399.999729,398.39995501400006,16.6,524288.0,187693.6,1.9333333333333331,289.6666666666667,107.4,1.2666666666666666
1377954806,1,2399.999729,412.799953388,17.2,524288.0,154138.4,0.06666666666666667,274.4,101.8,1.6
1377955106,1,2399.999729,638.399927914,26.6,524288.0,154138.4,0.4666666666666667,338.93333333333334,156.26666666666668,2.7333333333333334
1377955406,1,2399.999729,692.7999217713333,28.866666666666664,524288.0,175809.06666666668,0.2,337.93333333333334,160.33333333333334,1.7333333333333334
1377955706,1,2399.999729,611.1999309853334,25.466666666666665,524288.0,170566.66666666666,0.2,336.26666666666665,165.4,1.2666666666666666
1377956006,1,2399.999729,729.599917616,30.4,524288.0,152740.26666666666,0.26666666666666666,364.4,200.46666666666667,1.4666666666666666
1377956306,1,2399.999729,609.599931166,25.4,524288.0,145750.4,4.133333333333334,321.6666666666667,154.8,1.3333333333333333
1377956606,1,2399.999729,599.99993225,25.0,524288.0,152740.8,0.26666666666666666,335.4,168.86666666666667,1.4
1377956906,1,2399.999729,532.799939838,22.2,524288.0,143653.6,0.4,302.6666666666667,136.6,1.3333333333333333
1377957206,1,2399.999729,620.7999299013333,25.866666666666664,524288.0,152741.06666666668,0.9333333333333333,330.4,159.13333333333333,1.2
1377957506,1,2399.999729,569.5999356826667,23.733333333333334,524288.0,147846.66666666666,0.4666666666666667,321.6666666666667,154.66666666666666,1.3333333333333333
1377957806,1,2399.999729,1102.3998755206667,45.93333333333333,524288.0,198878.4,269.73333333333335,439.26666666666665,187.93333333333334,8.533333333333333
1377958106,1,2399.999729,1870.3997888006668,77.93333333333334,524288.0,357562.4,983.5333333333334,711.0,186.2,20.866666666666667
1377958406,1,2399.999729,963.1998912386667,40.13333333333333,524288.0,386922.4,603.9333333333333,488.8666666666667,138.93333333333334,3.4
1377958706,1,2399.999729,715.1999192420001,29.8,524288.0,369096.8,677.1999999999999,496.4,164.26666666666668,2.533333333333333
1377959006,1,2399.999729,663.9999250233334,27.666666666666664,524288.0,384127.2,785.4000000000001,459.6666666666667,157.66666666666666,2.066666666666667
1377959306,1,2399.999729,619.199930082,25.8,524288.0,394612.26666666666,820.8666666666667,425.5333333333333,132.4,1.4666666666666666
1377959606,1,2399.999729,654.3999261073334,27.266666666666666,524288.0,387970.93333333335,768.4,425.6666666666667,146.53333333333333,1.6666666666666667
1377959906,1,2399.999729,732.7999172546668,30.533333333333335,524288.0,399855.4666666667,854.3333333333334,527.2666666666667,150.4,1.4
1377960207,1,2399.999729,731.1999174353333,30.466666666666665,524288.0,388670.6666666667,722.7333333333333,484.79999999999995,151.6,1.6
1377960506,1,2399.999729,716.7999190613333,29.866666666666664,524288.0,382029.6,674.4666666666667,443.33333333333337,156.66666666666666,1.4666666666666666
1377960806,1,2399.999729,655.9999259266667,27.333333333333336,524288.0,370494.4,769.7333333333333,405.5333333333333,123.86666666666666,1.9333333333333333
1377961106,1,2399.999729,860.7999028013334,35.86666666666667,524288.0,361056.8,727.6666666666666,462.5333333333333,163.8,1.3333333333333333
1377961406,1,2399.999729,1334.3998493240003,55.6,524288.0,374339.2,473.66666666666663,648.3333333333334,195.8,26.066666666666666
1377961706,1,2399.999729,851.1999038853335,35.46666666666667,524288.0,369446.13333333336,710.0666666666667,517.4,173.86666666666667,1.4666666666666666
1377962007,1,2399.999729,774.3999125573333,32.266666666666666,524288.0,385872.8,685.1999999999999,487.33333333333337,167.6,1.9333333333333333
1377962307,1,2399.999729,798.3999098473333,33.266666666666666,524288.0,377486.4,660.8666666666668,482.1333333333333,196.6,1.8
1377962607,1,2399.999729,774.3999125573333,32.266666666666666,524288.0,377136.8,805.7333333333333,436.7333333333333,158.0,1.5333333333333334
1377962907,1,2399.999729,860.7999028013334,35.86666666666667,524288.0,369446.4,746.4666666666667,454.0,184.73333333333332,1.3333333333333333
1377963207,1,2399.999729,1027.199884012,42.8,524288.0,378883.73333333334,626.8,552.0,140.0,12.133333333333333
1377963507,1,2399.999729,732.7999172546668,30.533333333333335,524288.0,398108.0,726.8,460.0,144.46666666666667,1.3333333333333333
1377963807,1,2399.999729,673.5999239393334,28.066666666666666,524288.0,388321.6,661.4666666666667,408.1333333333333,123.53333333333333,1.5333333333333334
1377964107,1,2399.999729,628.799928998,26.2,524288.0,396709.6,831.1999999999999,407.3333333333333,106.33333333333333,1.1333333333333333
1377964407,1,2399.999729,623.99992954,26.0,524288.0,392165.6,933.9333333333334,391.26666666666665,102.33333333333333,1.4
1377964707,1,2399.999729,487.99994489666665,20.333333333333332,524288.0,380281.3333333333,125.0,291.66666666666663,97.66666666666667,1.8666666666666667
1377965007,1,2399.999729,505.5999429093333,21.066666666666666,524288.0,278221.06666666665,14.0,299.6666666666667,122.86666666666666,1.7333333333333334
1377965307,1,2399.999729,462.39994778733336,19.266666666666666,524288.0,251656.8,9.2,270.06666666666666,100.13333333333334,1.6666666666666667
1377965607,1,2399.999729,505.5999429093333,21.066666666666666,524288.0,240121.6,0.8666666666666667,269.73333333333335,103.33333333333333,1.9333333333333333
1377965907,1,2399.999729,491.19994453533343,20.46666666666667,524288.0,224392.8,0.4,277.93333333333334,109.73333333333333,1.3333333333333333
1377966207,1,2399.999729,510.3999423673333,21.266666666666666,524288.0,234879.2,24.133333333333333,277.8,107.86666666666666,1.4666666666666666
1377966507,1,2399.999729,467.19994724533336,19.46666666666667,524288.0,214956.0,0.4,268.5333333333333,98.6,1.2666666666666666
1377966807,1,2399.999729,615.9999304433333,25.666666666666664,524288.0,223694.4,0.6666666666666666,346.0,181.73333333333332,2.4
1377967107,1,2399.999729,1603.199818972,66.8,524288.0,272628.0,4.533333333333333,820.2666666666667,696.6,3.6
1377967407,1,2399.999729,1206.3998637773336,50.26666666666667,524288.0,295696.26666666666,1.7333333333333334,565.2666666666667,417.8666666666667,2.466666666666667
1377967707,1,2399.999729,764.7999136413332,31.866666666666664,524288.0,232432.8,0.8,390.8,233.0,1.7333333333333334
1377968007,1,2399.999729,627.1999291786668,26.133333333333336,524288.0,187693.06666666668,27.4,331.6,163.93333333333334,1.7333333333333334
1377968307,1,2399.999729,507.19994272866677,21.133333333333336,524288.0,165672.8,0.4666666666666667,291.3333333333333,127.0,1.5333333333333334
1377968607,1,2399.999729,596.7999326113332,24.866666666666664,524288.0,177207.2,10.2,338.3333333333333,162.2,1.8
1377968907,1,2399.999729,537.599939296,22.4,524288.0,196081.6,8.6,295.46666666666664,124.2,1.5333333333333334
1377969207,1,2399.999729,535.9999394766668,22.333333333333336,524288.0,177557.6,1.0666666666666667,270.0,104.46666666666667,1.9333333333333333
1377969507,1,2399.999729,481.59994561933337,20.066666666666666,524288.0,152041.06666666668,0.4,273.93333333333334,103.2,1.6
1377969807,1,2399.999729,473.5999465226667,19.733333333333334,524288.0,150994.13333333333,11.733333333333334,279.8666666666667,108.53333333333333,1.4
1377970107,1,2399.999729,406.39995411066667,16.933333333333334,524288.0,156585.33333333334,0.06666666666666667,265.06666666666666,97.8,1.2666666666666666
1377970407,1,2399.999729,451.199949052,18.8,524288.0,154139.2,0.4,279.6666666666667,107.26666666666667,1.4666666666666666
1377970707,1,2399.999729,454.3999486906667,18.933333333333334,524288.0,157634.13333333333,3.4,290.66666666666663,119.4,1.4
1377971007,1,2399.999729,423.99995212333334,17.666666666666668,524288.0,147148.8,0.2,268.6,99.66666666666667,1.5333333333333334
1377971307,1,2399.999729,430.3999514006667,17.933333333333334,524288.0,137012.53333333333,0.33333333333333337,267.2,97.66666666666667,1.3333333333333333
1377971607,1,2399.999729,412.799953388,17.2,524288.0,131769.6,0.39999999999999997,280.4,103.6,1.6
1377971907,1,2399.999729,406.39995411066667,16.933333333333334,524288.0,132117.6,0.0,261.93333333333334,97.2,1.2
1377972207,1,2399.999729,457.59994832933336,19.066666666666666,524288.0,147847.2,7.333333333333334,306.73333333333335,130.06666666666666,1.8666666666666667
1377972507,1,2399.999729,420.7999524846666,17.53333333333333,524288.0,184547.2,1.1333333333333333,283.1333333333333,108.8,1.2666666666666666
1377972807,1,2399.999729,411.1999535686667,17.133333333333333,524288.0,159380.8,0.13333333333333333,277.2,102.93333333333334,1.9333333333333333
1377973107,1,2399.999729,374.399957724,15.6,524288.0,146099.73333333334,0.13333333333333333,267.46666666666664,98.6,1.4
1377973407,1,2399.999729,412.799953388,17.2,524288.0,142604.53333333333,0.6666666666666666,269.93333333333334,99.06666666666666,1.4666666666666666
1377973707,1,2399.999729,385.5999564593333,16.066666666666666,524288.0,125129.06666666667,0.4,268.0,99.86666666666666,1.4666666666666666
1377974008,1,2399.999729,396.7999551946666,16.53333333333333,524288.0,128973.33333333333,0.2,273.1333333333333,103.8,1.4666666666666666
1377974308,1,2399.999729,407.99995393000006,17.0,524288.0,149944.8,3.2666666666666666,276.8,102.53333333333333,1.5333333333333334
1377974608,1,2399.999729,395.1999553753334,16.46666666666667,524288.0,132119.2,0.3333333333333333,267.6,100.33333333333333,1.5333333333333334
1377974908,1,2399.999729,447.99994941333335,18.666666666666668,524288.0,147846.93333333332,0.13333333333333333,278.26666666666665,113.2,1.3333333333333333
1377975208,1,2399.999729,539.1999391153333,22.466666666666665,524288.0,175111.2,0.6666666666666666,302.59999999999997,130.73333333333332,1.4666666666666666
1377975508,1,2399.999729,431.99995122,18.0,524288.0,168818.4,0.0,271.73333333333335,103.4,1.4
1377975808,1,2399.999729,567.9999358633333,23.666666666666664,524288.0,157284.8,7.6,314.6,133.26666666666668,1.8
1377976108,1,2399.999729,580.799934418,24.2,524288.0,169867.46666666667,0.4,284.2,108.2,1.2
1377976408,1,2399.999729,603.1999318886668,25.133333333333336,524288.0,133166.93333333332,0.4,275.3333333333333,101.33333333333333,1.9333333333333333
1377976708,1,2399.999729,511.9999421866667,21.333333333333336,524288.0,160430.13333333333,0.2,269.33333333333337,100.4,1.3333333333333333
1377977008,1,2399.999729,407.99995393000006,17.0,524288.0,161828.0,0.4,268.93333333333334,99.33333333333333,1.3333333333333333
1377977308,1,2399.999729,380.7999570013334,15.866666666666667,524288.0,154139.2,0.3333333333333333,263.3333333333333,97.06666666666666,1.2
1377977608,1,2399.999729,419.1999526653334,17.46666666666667,524288.0,141906.13333333333,0.13333333333333333,264.93333333333334,102.66666666666667,1.5333333333333334
1377977908,1,2399.999729,396.7999551946666,16.53333333333333,524288.0,142604.8,3.2666666666666666,264.66666666666663,100.33333333333333,1.4
1377978208,1,2399.999729,382.3999568206666,15.933333333333332,524288.0,130020.53333333334,0.13333333333333333,264.73333333333335,99.46666666666667,1.5333333333333334
1377978508,1,2399.999729,396.7999551946666,16.53333333333333,524288.0,146450.13333333333,0.26666666666666666,258.2,97.26666666666667,1.2666666666666666
1377978808,1,2399.999729,406.39995411066667,16.933333333333334,524288.0,140158.93333333332,0.6,270.8666666666667,102.33333333333333,1.5333333333333334
1377979108,1,2399.999729,393.599955556,16.4,524288.0,154488.53333333333,0.06666666666666667,262.26666666666665,97.93333333333334,1.2666666666666666
1377979408,1,2399.999729,454.3999486906667,18.933333333333334,524288.0,144701.86666666667,7.266666666666667,296.8,125.06666666666666,1.9333333333333333
1377979708,1,2399.999729,363.1999589886667,15.133333333333333,524288.0,160780.0,0.4,267.6,96.53333333333333,1.4666666666666666
1377980008,1,2399.999729,409.59995374933334,17.066666666666666,524288.0,134215.73333333334,1.0,274.3333333333333,107.26666666666667,1.7333333333333334
1377980308,1,2399.999729,444.7999497746667,18.53333333333333,524288.0,144702.4,0.0,279.8,109.4,1.5333333333333334
1377980608,1,2399.999729,417.599952846,17.4,524288.0,135264.8,13.0,282.2,108.8,1.6666666666666667
1377980908,1,2399.999729,439.9999503166666,18.333333333333332,524288.0,138410.4,0.3333333333333333,276.46666666666664,108.53333333333333,1.3333333333333333
1377981208,1,2399.999729,443.1999499553334,18.46666666666667,524288.0,158332.8,0.2,285.1333333333333,112.13333333333334,1.4666666666666666
1377981508,1,2399.999729,443.1999499553334,18.46666666666667,524288.0,150293.33333333334,2.1333333333333333,284.73333333333335,108.33333333333333,1.2666666666666666
1377981808,1,2399.999729,428.79995158133335,17.866666666666667,524288.0,152041.06666666668,0.13333333333333333,282.5333333333333,108.8,1.5333333333333334
1377982108,1,2399.999729,420.7999524846666,17.53333333333333,524288.0,133167.46666666667,0.33333333333333337,273.8,107.46666666666667,1.4
1377982408,1,2399.999729,427.19995176200007,17.8,524288.0,144352.53333333333,0.5333333333333333,280.8666666666667,110.46666666666667,1.2666666666666666
1377982708,1,2399.999729,425.59995194266673,17.733333333333334,524288.0,162527.73333333334,0.13333333333333333,269.8666666666667,107.66666666666667,1.2666666666666666
1377983008,1,2399.999729,457.59994832933336,19.066666666666666,524288.0,156585.06666666668,9.666666666666666,308.06666666666666,131.46666666666667,1.6666666666666667
1377983308,1,2399.999729,409.59995374933334,17.066666666666666,524288.0,169167.73333333334,7.533333333333334,279.1333333333333,105.46666666666667,1.3333333333333333
1377983608,1,2399.999729,454.3999486906667,18.933333333333334,524288.0,140158.13333333333,0.3333333333333333,274.0,104.26666666666667,1.8
1377983908,1,2399.999729,399.9999548333334,16.666666666666668,524288.0,145749.6,0.2,276.93333333333334,98.33333333333333,1.3333333333333333
1377984208,1,2399.999729,428.79995158133335,17.866666666666667,524288.0,162177.33333333334,0.4666666666666667,271.4666666666667,100.13333333333334,1.5333333333333334
1377984508,1,2399.999729,395.1999553753334,16.46666666666667,524288.0,143654.13333333333,0.3333333333333333,267.5333333333333,96.93333333333334,1.3333333333333333
1377984808,1,2399.999729,403.199954472,16.8,524288.0,147848.53333333333,0.13333333333333333,273.33333333333337,103.33333333333333,1.4666666666666666
1377985108,1,2399.999729,422.399952304,17.6,524288.0,151692.8,2.2,268.5333333333333,97.86666666666666,1.3333333333333333
1377985408,1,2399.999729,391.99995573666666,16.333333333333332,524288.0,134215.46666666667,0.06666666666666667,266.93333333333334,97.33333333333333,1.4
1377985708,1,2399.999729,375.9999575433334,15.666666666666668,524288.0,126526.66666666667,0.06666666666666667,262.0,95.93333333333334,1.2
1377986008,1,2399.999729,419.1999526653334,17.46666666666667,524288.0,133867.46666666667,0.7333333333333334,269.46666666666664,100.4,1.4666666666666666
1377986308,1,2399.999729,398.39995501400006,16.6,524288.0,137361.86666666667,0.06666666666666667,265.73333333333335,97.46666666666667,1.2
1377986608,1,2399.999729,500.7999434513333,20.866666666666664,524288.0,160429.6,12.933333333333334,298.2,140.13333333333333,1.8666666666666667
1377986908,1,2399.999729,387.19995627866666,16.133333333333333,524288.0,160430.4,1.2666666666666666,259.1333333333333,94.13333333333334,1.1333333333333333
1377987208,1,2399.999729,417.599952846,17.4,524288.0,137711.2,0.0,262.5333333333333,98.6,1.6666666666666667
1377987508,1,2399.999729,404.79995429133334,16.866666666666667,524288.0,152041.6,0.06666666666666667,262.2,98.26666666666667,1.2666666666666666
1377987808,1,2399.999729,406.39995411066667,16.933333333333334,524288.0,151692.0,0.13333333333333333,266.6666666666667,97.8,1.1333333333333333
1377988108,1,2399.999729,462.39994778733336,19.266666666666666,524288.0,141905.86666666667,0.0,297.0,130.06666666666666,1.1333333333333333
1377988408,1,2399.999729,419.1999526653334,17.46666666666667,524288.0,115341.86666666667,0.0,277.6,107.53333333333333,1.2
1377988708,1,2399.999729,414.3999532073333,17.266666666666666,524288.0,141906.13333333333,2.066666666666667,272.0,102.73333333333333,1.2
1377989008,1,2399.999729,395.1999553753334,16.46666666666667,524288.0,135265.06666666668,0.0,269.0,99.26666666666667,1.2
1377989309,1,2399.999729,380.7999570013334,15.866666666666667,524288.0,131769.06666666668,0.0,262.4,94.26666666666667,1.2
1377989609,1,2399.999729,382.3999568206666,15.933333333333332,524288.0,135265.33333333334,0.4666666666666667,272.46666666666664,101.4,1.2666666666666666
1377989909,1,2399.999729,375.9999575433334,15.666666666666668,524288.0,138760.0,0.13333333333333333,267.93333333333334,98.13333333333334,1.2
1377990209,1,2399.999729,553.5999374893333,23.066666666666666,524288.0,177207.46666666667,610.7333333333333,407.6666666666667,149.13333333333333,1.6666666666666667
1377990509,1,2399.999729,571.1999355020001,23.8,524288.0,314570.93333333335,944.0666666666666,486.79999999999995,124.13333333333334,0.9333333333333333
1377990809,1,2399.999729,505.5999429093333,21.066666666666666,524288.0,361408.0,1006.1999999999999,454.6,105.73333333333333,1.5333333333333334
1377991109,1,2399.999729,697.5999212293334,29.066666666666666,524288.0,366300.26666666666,1173.1333333333334,391.26666666666665,102.33333333333333,1.1333333333333333
1377991409,1,2399.999729,2396.7997293613334,99.86666666666666,524288.0,369795.2,2013.2666666666667,317.93333333333334,100.66666666666667,1.3333333333333333
1377991709,1,2399.999729,2375.99973171,99.0,524288.0,364202.93333333335,2027.3333333333335,319.8,99.26666666666667,0.8
1377992009,1,2399.999729,2252.7997456213334,93.86666666666666,524288.0,269831.4666666667,1853.5333333333333,322.53333333333336,105.06666666666666,1.2666666666666666
1377992309,1,2399.999729,2383.9997308066672,99.33333333333334,524288.0,361407.4666666667,2024.8666666666668,328.1333333333333,103.2,0.9333333333333333
1377992609,1,2399.999729,2428.799725748,101.2,524288.0,304084.5333333333,1292.6,295.06666666666666,99.13333333333334,1.3333333333333333
1377992909,1,2399.999729,2545.5997125593335,106.06666666666666,524288.0,389370.4,1180.5333333333335,279.6666666666667,103.06666666666666,0.9333333333333333
1377993209,1,2399.999729,2515.199715992,104.8,524288.0,395312.8,1204.2666666666667,283.1333333333333,101.86666666666666,1.2
1377993509,1,2399.999729,2547.199712378667,106.13333333333334,524288.0,374340.0,1207.6,277.06666666666666,98.26666666666667,1.0
1377993809,1,2399.999729,2540.799713101333,105.86666666666666,524288.0,404748.8,1429.7333333333331,321.4666666666667,136.53333333333333,1.6
1377994109,1,2399.999729,2483.199719605333,103.46666666666665,524288.0,414185.6,1337.7333333333333,289.8,94.4,1.1333333333333333
1377994409,1,2399.999729,2313.599738756,96.4,524288.0,332397.6,1906.0,341.46666666666664,103.26666666666667,1.5333333333333334
1377994709,1,2399.999729,2451.199723218667,102.13333333333334,524288.0,283112.8,2052.733333333333,320.33333333333337,98.93333333333334,1.0
1377995009,1,2399.999729,2372.7997320713334,98.86666666666666,524288.0,328901.3333333333,2309.8,355.4666666666667,99.0,1.1333333333333333
1377995309,1,2399.999729,2503.999717256667,104.33333333333334,524288.0,373990.4,2845.4,404.8,95.4,1.0
1377995609,1,2399.999729,2385.5997306260006,99.4,524288.0,425020.8,2524.866666666667,402.8666666666667,105.53333333333333,1.1333333333333333
1377995909,1,2399.999729,2473.5997206893335,103.06666666666666,524288.0,422923.73333333334,2735.5333333333333,404.26666666666665,99.33333333333333,1.0
1377996209,1,2399.999729,1743.9998030733334,72.66666666666667,524288.0,404398.93333333335,1200.2666666666667,307.2,102.26666666666667,1.2
1377996509,1,2399.999729,311.99996477,13.0,524288.0,298842.6666666667,1.3333333333333333,263.8666666666667,95.8,1.1333333333333333
1377996809,1,2399.999729,329.5999627826667,13.733333333333333,524288.0,188042.13333333333,33.13333333333333,269.4,99.26666666666667,1.2
1377997109,1,2399.999729,319.99996386666663,13.333333333333332,524288.0,148197.06666666668,0.2,264.73333333333335,95.93333333333334,1.0
1377997409,1,2399.999729,379.19995718200005,15.8,524288.0,133518.13333333333,10.0,304.59999999999997,119.8,1.6
1377997709,1,2399.999729,438.39995049733335,18.266666666666666,524288.0,166721.86666666667,0.26666666666666666,290.26666666666665,109.66666666666667,1.1333333333333333
1377998009,1,2399.999729,513.599942006,21.4,524288.0,142605.06666666668,0.8,302.73333333333335,103.8,1.5333333333333334
1377998310,1,2399.999729,579.1999345986667,24.133333333333336,524288.0,148197.06666666668,0.0,319.33333333333337,101.0,1.0
1377998610,1,2399.999729,439.9999503166666,18.333333333333332,524288.0,156935.46666666667,0.2,288.66666666666663,100.26666666666667,1.2666666666666666
1377998910,1,2399.999729,403.199954472,16.8,524288.0,150993.06666666668,0.2,282.33333333333337,97.2,0.8666666666666667
1377999210,1,2399.999729,660.7999253846667,27.533333333333335,524288.0,141905.6,0.33333333333333337,339.1333333333333,103.2,1.2666666666666666
1377999510,1,2399.999729,406.39995411066667,16.933333333333334,524288.0,158682.93333333332,3.8,286.46666666666664,100.66666666666667,1.1333333333333333
1377999810,1,2399.999729,511.9999421866667,21.333333333333336,524288.0,146798.66666666666,0.13333333333333333,306.5333333333333,100.2,1.3333333333333333
1378000110,1,2399.999729,475.19994634200003,19.8,524288.0,146100.26666666666,0.26666666666666666,303.06666666666666,98.6,1.1333333333333333
1378000410,1,2399.999729,409.59995374933334,17.066666666666666,524288.0,146449.33333333334,0.5333333333333333,294.0,101.2,1.1333333333333333
1378000710,1,2399.999729,513.599942006,21.4,524288.0,144700.8,0.06666666666666667,290.8666666666667,97.4,1.0
1378001010,1,2399.999729,619.199930082,25.8,524288.0,162877.33333333334,561.6,348.8,127.73333333333333,1.9333333333333333
1378001310,1,2399.999729,695.9999214100001,29.0,524288.0,346028.8,863.6,488.79999999999995,113.73333333333333,1.4666666666666666
1378001610,1,2399.999729,580.799934418,24.2,524288.0,303036.0,1.4666666666666666,311.66666666666663,102.53333333333333,1.6
1378001910,1,2399.999729,596.7999326113332,24.866666666666664,524288.0,220198.4,0.8666666666666666,335.4,120.8,1.2
1378002210,1,2399.999729,596.7999326113332,24.866666666666664,524288.0,229636.26666666666,84.2,354.3333333333333,139.46666666666667,1.6666666666666667
1378002510,1,2399.999729,678.3999233973333,28.266666666666666,524288.0,261093.33333333334,55.266666666666666,315.6,105.06666666666666,1.0
1378002810,1,2399.999729,334.39996224066664,13.933333333333332,524288.0,216703.73333333334,379.53333333333336,257.0,100.46666666666667,1.2
1378003110,1,2399.999729,404.79995429133334,16.866666666666667,524288.0,290103.2,553.7333333333333,304.93333333333334,98.46666666666667,1.1333333333333333
1378003410,1,2399.999729,412.799953388,17.2,524288.0,197479.73333333334,3.066666666666667,257.93333333333334,96.86666666666666,1.1333333333333333
1378003710,1,2399.999729,398.39995501400006,16.6,524288.0,168119.2,0.4666666666666667,259.26666666666665,98.73333333333333,1.2666666666666666
1378004010,1,2399.999729,420.7999524846666,17.53333333333333,524288.0,156585.6,16.666666666666664,267.66666666666663,101.46666666666667,1.4
1378004310,1,2399.999729,369.59995826600004,15.4,524288.0,147497.33333333334,0.13333333333333333,258.06666666666666,97.6,1.1333333333333333
1378004610,1,2399.999729,436.799950678,18.2,524288.0,151342.93333333332,21.799999999999997,290.73333333333335,122.73333333333333,1.6
1378004910,1,2399.999729,367.99995844666665,15.333333333333332,524288.0,164274.13333333333,0.13333333333333333,263.0,103.8,0.8
1378005210,1,2399.999729,406.39995411066667,16.933333333333334,524288.0,134915.73333333334,0.06666666666666667,260.1333333333333,107.46666666666667,1.5333333333333334
1378005510,1,2399.999729,427.19995176200007,17.8,524288.0,130371.73333333334,0.2,280.73333333333335,120.0,0.8
1378005810,1,2399.999729,414.3999532073333,17.266666666666666,524288.0,140157.6,5.533333333333334,270.40000000000003,107.86666666666666,1.1333333333333333
1378006110,1,2399.999729,363.1999589886667,15.133333333333333,524288.0,134915.73333333334,0.26666666666666666,260.1333333333333,99.86666666666666,0.9333333333333333
1378006411,1,2399.999729,374.399957724,15.6,524288.0,131069.33333333333,0.13333333333333333,273.66666666666663,112.53333333333333,1.1333333333333333
1378006711,1,2399.999729,393.599955556,16.4,524288.0,150293.86666666667,3.8666666666666667,270.8666666666667,106.13333333333334,0.8
1378007011,1,2399.999729,382.3999568206666,15.933333333333332,524288.0,128973.6,0.06666666666666667,270.5333333333333,110.4,0.9333333333333333
1378007311,1,2399.999729,486.3999450773333,20.266666666666666,524288.0,149944.8,0.06666666666666667,273.8,112.46666666666667,0.8
1378007611,1,2399.999729,479.9999458,20.0,524288.0,153090.4,0.8666666666666667,281.6,116.33333333333333,0.9333333333333333
1378007911,1,2399.999729,425.59995194266673,17.733333333333334,524288.0,150992.8,0.13333333333333333,294.3333333333333,127.4,0.6666666666666666
1378008211,1,2399.999729,617.5999302626667,25.733333333333334,524288.0,178954.4,5.866666666666666,345.2,178.93333333333334,1.4
1378008511,1,2399.999729,524.7999407413332,21.866666666666664,524288.0,178255.2,1.6666666666666667,300.3333333333333,130.93333333333334,0.8
1378008811,1,2399.999729,519.9999412833333,21.666666666666664,524288.0,154138.13333333333,0.06666666666666667,304.26666666666665,139.73333333333332,1.3333333333333333
1378009111,1,2399.999729,479.9999458,20.0,524288.0,130370.93333333333,0.06666666666666667,294.6,124.13333333333334,0.9333333333333333
1378009411,1,2399.999729,470.3999468840001,19.6,524288.0,144352.53333333333,1.0,277.8666666666667,116.0,1.0
1378009711,1,2399.999729,404.79995429133334,16.866666666666667,524288.0,137013.06666666668,0.13333333333333333,257.93333333333334,97.73333333333333,0.9333333333333333
1378010011,1,2399.999729,398.39995501400006,16.6,524288.0,135964.8,0.2,263.5333333333333,102.86666666666666,1.1333333333333333
1378010311,1,2399.999729,374.399957724,15.6,524288.0,159731.2,3.6,260.5333333333333,98.4,0.8666666666666667
1378010611,1,2399.999729,372.79995790466666,15.533333333333333,524288.0,137711.73333333334,0.0,258.46666666666664,96.86666666666666,1.0666666666666667
1378010911,1,2399.999729,367.99995844666665,15.333333333333332,524288.0,121632.26666666666,0.0,252.06666666666666,94.26666666666667,0.8666666666666667
1378011211,1,2399.999729,414.3999532073333,17.266666666666666,524288.0,141905.6,0.13333333333333333,270.8,104.2,1.0666666666666667
1378011511,1,2399.999729,374.399957724,15.6,524288.0,129322.13333333333,0.0,258.6,96.46666666666667,0.9333333333333333
1378011811,1,2399.999729,457.59994832933336,19.066666666666666,524288.0,138759.73333333334,6.133333333333333,288.1333333333333,118.06666666666666,1.4666666666666666
1378012111,1,2399.999729,367.99995844666665,15.333333333333332,524288.0,151693.06666666668,0.4666666666666667,255.93333333333334,94.53333333333333,0.8666666666666667
1378012411,1,2399.999729,379.19995718200005,15.8,524288.0,126876.0,0.26666666666666666,257.0,98.8,1.4
1378012711,1,2399.999729,388.79995609799994,16.2,524288.0,141556.8,0.13333333333333333,269.3333333333333,105.4,0.9333333333333333
1378013011,1,2399.999729,390.39995591733333,16.266666666666666,524288.0,164624.0,13.933333333333334,270.8,108.53333333333333,1.0666666666666667
1378013311,1,2399.999729,363.1999589886667,15.133333333333333,524288.0,159380.8,0.06666666666666667,250.4,94.73333333333333,0.9333333333333333
1378013611,1,2399.999729,387.19995627866666,16.133333333333333,524288.0,143304.26666666666,0.26666666666666666,262.8666666666667,107.86666666666666,1.3333333333333333
1378013912,1,2399.999729,371.1999580853333,15.466666666666667,524288.0,153090.4,1.8666666666666667,255.93333333333334,96.33333333333333,0.9333333333333333
1378014211,1,2399.999729,401.5999546526667,16.733333333333334,524288.0,137362.4,18.733333333333334,270.66666666666663,100.73333333333333,1.0
1378014511,1,2399.999729,399.9999548333334,16.666666666666668,524288.0,204820.26666666666,503.66666666666663,278.79999999999995,94.4,1.2
1378014811,1,2399.999729,411.1999535686667,17.133333333333333,524288.0,229636.26666666666,247.33333333333334,279.26666666666665,100.4,1.4666666666666666
1378015111,1,2399.999729,366.3999586273334,15.266666666666667,524288.0,177906.13333333333,0.4,248.40000000000003,94.73333333333333,0.7333333333333333
1378015411,1,2399.999729,422.399952304,17.6,524288.0,139458.4,5.866666666666667,282.1333333333333,117.86666666666666,1.4666666666666666
1378015711,1,2399.999729,345.599960976,14.4,524288.0,178255.73333333334,0.33333333333333337,250.39999999999998,93.66666666666667,0.8666666666666667
1378016011,1,2399.999729,407.99995393000006,17.0,524288.0,153439.73333333334,0.8666666666666667,257.4,100.33333333333333,1.4666666666666666
1378016311,1,2399.999729,383.99995664,16.0,524288.0,143303.73333333334,0.13333333333333333,256.2,96.93333333333334,1.0
1378016611,1,2399.999729,379.19995718200005,15.8,524288.0,151342.4,0.0,258.6,98.33333333333333,1.0666666666666667
1378016911,1,2399.999729,379.19995718200005,15.8,524288.0,160780.0,0.33333333333333337,252.0,94.66666666666667,0.8666666666666667
1378017211,1,2399.999729,374.399957724,15.6,524288.0,132818.93333333332,0.06666666666666667,255.8,100.26666666666667,1.1333333333333333
1378017511,1,2399.999729,374.399957724,15.6,524288.0,137361.86666666667,2.466666666666667,261.06666666666666,100.46666666666667,1.0
1378017811,1,2399.999729,382.3999568206666,15.933333333333332,524288.0,144702.66666666666,0.13333333333333333,255.26666666666668,97.73333333333333,1.2
1378018111,1,2399.999729,358.39995953066665,14.933333333333332,524288.0,129322.4,0.0,251.8,94.66666666666667,1.0
1378018411,1,2399.999729,575.99993496,24.0,524288.0,136663.46666666667,0.8666666666666667,380.8,232.4,2.6
1378018711,1,2399.999729,1257.599857996,52.4,524288.0,183149.06666666668,0.06666666666666667,681.0,549.1333333333333,3.6
1378019011,1,2399.999729,1239.9998599833334,51.66666666666667,524288.0,267385.6,9.466666666666667,715.0,575.9333333333333,3.0
1378019312,1,2399.999729,739.1999165320001,30.8,524288.0,226490.4,9.2,407.06666666666666,260.6,1.5333333333333334
1378019612,1,2399.999729,391.99995573666666,16.333333333333332,524288.0,160430.4,0.4666666666666667,261.93333333333334,101.8,1.6666666666666667
1378019912,1,2399.999729,369.59995826600004,15.4,524288.0,121632.8,0.3333333333333333,259.06666666666666,98.26666666666667,1.0666666666666667
1378020212,1,2399.999729,379.19995718200005,15.8,524288.0,140507.46666666667,14.666666666666666,259.3333333333333,96.8,1.0666666666666667
1378020512,1,2399.999729,374.399957724,15.6,524288.0,148896.8,0.26666666666666666,249.0,95.13333333333334,1.1333333333333333
1378020812,1,2399.999729,374.399957724,15.6,524288.0,138759.73333333334,0.3333333333333333,253.2,102.46666666666667,1.2
1378021112,1,2399.999729,371.1999580853333,15.466666666666667,524288.0,150993.6,3.7333333333333334,255.93333333333334,98.53333333333333,1.2
1378021412,1,2399.999729,393.599955556,16.4,524288.0,152041.33333333334,0.0,263.2,109.33333333333333,1.4
1378021712,1,2399.999729,371.1999580853333,15.466666666666667,524288.0,165672.8,0.2,253.73333333333335,103.66666666666667,1.2666666666666666
1378022012,1,2399.999729,383.99995664,16.0,524288.0,160430.4,0.4,257.06666666666666,99.2,1.2666666666666666
1378022312,1,2399.999729,359.99995935,15.0,524288.0,149945.6,0.06666666666666667,250.46666666666667,97.73333333333333,1.2666666666666666
1378022612,1,2399.999729,407.99995393000006,17.0,524288.0,159381.6,6.733333333333333,284.26666666666665,120.2,1.6666666666666667
1378022912,1,2399.999729,377.59995736266666,15.733333333333333,524288.0,132468.53333333333,1.8666666666666667,248.66666666666666,94.13333333333334,1.3333333333333333
1378023212,1,2399.999729,436.799950678,18.2,524288.0,123380.26666666666,0.13333333333333333,260.53333333333336,106.0,1.7333333333333334
1378023512,1,2399.999729,388.79995609799994,16.2,524288.0,130371.73333333334,0.13333333333333333,270.8666666666667,114.93333333333334,1.1333333333333333
1378023812,1,2399.999729,393.599955556,16.4,524288.0,130021.06666666667,13.8,258.0,97.46666666666667,1.2
1378024112,1,2399.999729,358.39995953066665,14.933333333333332,524288.0,134565.33333333334,0.13333333333333333,245.8,94.2,1.1333333333333333
1378024412,1,2399.999729,396.7999551946666,16.53333333333333,524288.0,139109.06666666668,0.13333333333333333,275.1333333333333,113.86666666666666,1.2666666666666666
1378024712,1,2399.999729,383.99995664,16.0,524288.0,144702.4,1.8666666666666667,256.40000000000003,97.66666666666667,1.1333333333333333
1378025012,1,2399.999729,387.19995627866666,16.133333333333333,524288.0,121284.0,0.13333333333333333,254.93333333333334,100.4,1.3333333333333333
1378025312,1,2399.999729,372.79995790466666,15.533333333333333,524288.0,109051.2,0.06666666666666667,254.20000000000002,102.33333333333333,1.0666666666666667
1378025612,1,2399.999729,382.3999568206666,15.933333333333332,524288.0,120584.0,0.9333333333333333,257.26666666666665,98.66666666666667,1.3333333333333333
1378025912,1,2399.999729,361.5999591693334,15.066666666666668,524288.0,111147.46666666666,0.2,251.39999999999998,99.13333333333334,1.1333333333333333
1378026212,1,2399.999729,431.99995122,18.0,524288.0,138060.53333333333,6.8,279.1333333333333,123.0,1.6
1378026512,1,2399.999729,345.599960976,14.4,524288.0,131769.33333333334,1.2666666666666666,247.20000000000002,94.13333333333334,1.2666666666666666
1378026812,1,2399.999729,527.99994038,22.0,524288.0,129671.73333333334,0.13333333333333333,260.93333333333334,105.73333333333333,1.8
1378027112,1,2399.999729,439.9999503166666,18.333333333333332,524288.0,159032.0,0.0,257.6,105.0,1.2
1378027412,1,2399.999729,388.79995609799994,16.2,524288.0,150992.8,0.5333333333333333,256.06666666666666,96.46666666666667,1.2
1378027713,1,2399.999729,364.799958808,15.2,524288.0,126876.8,0.13333333333333333,252.06666666666666,95.0,1.2
1378028013,1,2399.999729,393.599955556,16.4,524288.0,138410.4,0.33333333333333337,259.8,103.06666666666666,1.4666666666666666
1378028313,1,2399.999729,367.99995844666665,15.333333333333332,524288.0,127924.0,2.7333333333333334,253.39999999999998,96.93333333333334,1.2666666666666666
1378028613,1,2399.999729,371.1999580853333,15.466666666666667,524288.0,133168.0,0.0,255.86666666666665,98.13333333333334,1.4666666666666666
1378028913,1,2399.999729,377.59995736266666,15.733333333333333,524288.0,126875.2,0.0,253.2,98.6,1.4
1378029213,1,2399.999729,375.9999575433334,15.666666666666668,524288.0,134216.0,0.2,254.5333333333333,97.26666666666667,1.4
1378029513,1,2399.999729,382.3999568206666,15.933333333333332,524288.0,133865.86666666667,0.2,252.06666666666666,98.26666666666667,1.2666666666666666
1378029813,1,2399.999729,452.7999488713334,18.866666666666667,524288.0,141905.6,6.933333333333334,287.1333333333333,123.46666666666667,1.7333333333333334
1378030113,1,2399.999729,372.79995790466666,15.533333333333333,524288.0,162177.86666666667,1.2,252.4666666666667,97.26666666666667,1.2666666666666666
1378030413,1,2399.999729,431.99995122,18.0,524288.0,139108.26666666666,0.2,251.46666666666667,100.13333333333334,1.5333333333333334
1378030713,1,2399.999729,422.399952304,17.6,524288.0,124079.2,0.06666666666666667,260.73333333333335,105.46666666666667,1.2666666666666666
1378031013,1,2399.999729,395.1999553753334,16.46666666666667,524288.0,135613.86666666667,0.4,255.93333333333334,97.06666666666666,1.2666666666666666
1378031313,1,2399.999729,385.5999564593333,16.066666666666666,524288.0,126876.53333333334,0.0,252.06666666666666,96.6,1.2
1378031613,1,2399.999729,395.1999553753334,16.46666666666667,524288.0,131069.86666666667,0.26666666666666666,258.0,101.6,1.2
1378031913,1,2399.999729,390.39995591733333,16.266666666666666,524288.0,155886.13333333333,3.6,266.26666666666665,105.4,1.2666666666666666
1378032213,1,2399.999729,399.9999548333334,16.666666666666668,524288.0,144702.4,0.2,260.8666666666667,100.8,1.2666666666666666
1378032513,1,2399.999729,375.9999575433334,15.666666666666668,524288.0,122681.6,0.06666666666666667,255.93333333333334,97.8,1.2666666666666666
1378032813,1,2399.999729,393.599955556,16.4,524288.0,112895.2,0.5333333333333333,260.1333333333333,99.53333333333333,1.2666666666666666
1378033113,1,2399.999729,401.5999546526667,16.733333333333334,524288.0,133167.46666666667,0.06666666666666667,253.06666666666666,96.4,1.2666666666666666
1378033413,1,2399.999729,1099.199875882,45.8,524288.0,154837.86666666667,268.06666666666666,459.33333333333337,130.73333333333332,15.666666666666666
1378033713,1,2399.999729,807.9999087633333,33.666666666666664,524288.0,298143.2,728.0666666666666,444.9333333333333,109.2,2.933333333333333
1378034013,1,2399.999729,523.199940922,21.8,524288.0,312473.6,779.1999999999999,426.73333333333335,116.2,2.8666666666666667
1378034313,1,2399.999729,519.9999412833333,21.666666666666664,524288.0,331348.0,944.0666666666667,399.1333333333333,98.4,1.4666666666666666
1378034613,1,2399.999729,559.9999367666667,23.333333333333336,524288.0,359310.4,964.2,373.0,102.66666666666667,1.9333333333333333
1378034913,1,2399.999729,951.9998925033334,39.666666666666664,524288.0,360008.8,730.4000000000001,518.3333333333333,117.46666666666667,20.2
1378035214,1,2399.999729,561.599936586,23.4,524288.0,383776.5333333333,791.6,430.5333333333333,115.06666666666666,2.066666666666667
1378035514,1,2399.999729,471.9999467033334,19.666666666666668,524288.0,389369.3333333333,761.0666666666666,376.93333333333334,99.06666666666666,1.5333333333333334
1378035814,1,2399.999729,521.5999411026667,21.733333333333334,524288.0,379232.8,917.4666666666667,401.1333333333333,108.2,1.6666666666666667
1378036114,1,2399.999729,460.79994796799997,19.2,524288.0,375389.3333333333,909.7333333333335,368.1333333333333,96.8,1.5333333333333334
1378036414,1,2399.999729,507.19994272866677,21.133333333333336,524288.0,349174.4,76.46666666666667,290.3333333333333,102.13333333333334,3.6
1378036714,1,2399.999729,398.39995501400006,16.6,524288.0,277870.6666666667,0.9333333333333333,252.26666666666665,98.46666666666667,1.4
1378037014,1,2399.999729,465.59994742599997,19.4,524288.0,229635.2,9.0,283.0,121.66666666666667,1.6666666666666667
1378037314,1,2399.999729,425.59995194266673,17.733333333333334,524288.0,242568.26666666666,8.466666666666667,256.8666666666667,98.93333333333334,1.3333333333333333
1378037614,1,2399.999729,478.39994598066664,19.933333333333334,524288.0,235927.2,0.4666666666666667,262.6,107.53333333333333,1.7333333333333334
1378037914,1,2399.999729,412.799953388,17.2,524288.0,225091.73333333334,0.2,261.2,105.06666666666666,1.2666666666666666
1378038214,1,2399.999729,387.19995627866666,16.133333333333333,524288.0,195033.06666666668,15.733333333333333,258.4666666666667,99.8,1.3333333333333333
1378038514,1,2399.999729,396.7999551946666,16.53333333333333,524288.0,168469.6,0.2,260.1333333333333,104.0,1.1333333333333333
1378038814,1,2399.999729,443.1999499553334,18.46666666666667,524288.0,177207.2,0.13333333333333333,266.8666666666667,112.93333333333334,1.4
1378039114,1,2399.999729,409.59995374933334,17.066666666666666,524288.0,177905.6,4.2,252.2,102.86666666666666,1.3333333333333333
1378039414,1,2399.999729,409.59995374933334,17.066666666666666,524288.0,161477.6,0.2,249.26666666666665,98.33333333333333,1.3333333333333333
1378039714,1,2399.999729,385.5999564593333,16.066666666666666,524288.0,153089.6,0.13333333333333333,246.13333333333333,96.46666666666667,1.3333333333333333
1378040014,1,2399.999729,411.1999535686667,17.133333333333333,524288.0,160430.4,0.4,261.06666666666666,102.0,1.4
1378040314,1,2399.999729,391.99995573666666,16.333333333333332,524288.0,157284.8,0.13333333333333333,255.06666666666666,96.33333333333333,1.3333333333333333
1378040614,1,2399.999729,447.99994941333335,18.666666666666668,524288.0,152740.8,8.733333333333333,285.40000000000003,121.66666666666667,1.6666666666666667
1378040914,1,2399.999729,388.79995609799994,16.2,524288.0,159381.6,1.6666666666666667,263.1333333333333,107.0,1.4
1378041214,1,2399.999729,388.79995609799994,16.2,524288.0,133866.93333333332,0.06666666666666667,249.53333333333336,100.0,1.6666666666666667
1378041514,1,2399.999729,667.1999246620002,27.8,524288.0,145050.93333333332,0.13333333333333333,323.6666666666667,152.66666666666666,2.8
1378041814,1,2399.999729,812.7999082213333,33.86666666666667,524288.0,196781.06666666668,0.7333333333333334,357.06666666666666,202.86666666666667,1.4666666666666666
1378042114,1,2399.999729,905.5998977426668,37.733333333333334,524288.0,184198.13333333333,0.26666666666666666,396.2,254.2,1.4
1378042414,1,2399.999729,886.3998999106668,36.93333333333334,524288.0,185945.06666666668,0.4,390.3333333333333,244.0,1.4
1378042715,1,2399.999729,812.7999082213333,33.86666666666667,524288.0,164624.26666666666,3.7333333333333334,353.66666666666663,202.86666666666667,1.2666666666666666
1378043015,1,2399.999729,385.5999564593333,16.066666666666666,524288.0,163226.4,0.2,246.66666666666669,96.46666666666667,1.2666666666666666
1378043315,1,2399.999729,431.99995122,18.0,524288.0,142254.93333333332,0.4666666666666667,257.73333333333335,109.13333333333334,1.2
1378043615,1,2399.999729,382.3999568206666,15.933333333333332,524288.0,130372.0,0.9333333333333333,258.2,99.86666666666666,1.1333333333333333
1378043915,1,2399.999729,371.1999580853333,15.466666666666667,524288.0,125827.2,0.2,254.39999999999998,95.6,1.1333333333333333
1378044215,1,2399.999729,1094.399876424,45.6,524288.0,154837.86666666667,301.9333333333333,474.06666666666666,155.4,16.0
1378044515,1,2399.999729,1651.199813552,68.8,524288.0,382728.8,2098.7333333333336,575.2666666666667,145.8,11.533333333333333
1378044815,1,2399.999729,835.199905692,34.8,524288.0,414185.3333333333,746.8,493.4666666666667,149.2,3.8
1378045115,1,2399.999729,620.7999299013333,25.866666666666664,524288.0,372592.8,867.7333333333333,470.0666666666667,155.26666666666668,2.466666666666667
1378045415,1,2399.999729,643.199927372,26.8,524288.0,386572.8,1057.0,459.93333333333334,150.2,1.4666666666666666
1378045715,1,2399.999729,601.5999320693334,25.066666666666666,524288.0,397757.6,910.3333333333334,397.06666666666666,125.53333333333333,1.3333333333333333
1378046015,1,2399.999729,702.3999206873334,29.266666666666666,524288.0,385175.4666666667,821.6666666666667,506.20000000000005,153.06666666666666,1.4666666666666666
1378046315,1,2399.999729,603.1999318886668,25.133333333333336,524288.0,380281.6,735.6666666666667,422.0,122.6,1.3333333333333333
1378046615,1,2399.999729,678.3999233973333,28.266666666666666,524288.0,381680.26666666666,682.2,428.1333333333333,157.06666666666666,1.5333333333333334
1378046915,1,2399.999729,601.5999320693334,25.066666666666666,524288.0,386223.73333333334,819.4666666666667,384.73333333333335,118.4,1.2666666666666666
1378047215,1,2399.999729,623.99992954,26.0,524288.0,379582.4,872.0,395.4666666666667,119.2,1.4
1378047515,1,2399.999729,1271.99985637,53.0,524288.0,384126.13333333336,419.66666666666663,629.4666666666667,202.86666666666667,26.133333333333333
1378047815,1,2399.999729,779.1999120153334,32.46666666666667,524288.0,365251.73333333334,720.8666666666667,482.0,172.33333333333334,1.8
1378048115,1,2399.999729,775.9999123766668,32.333333333333336,524288.0,372242.4,703.3333333333334,484.73333333333335,207.33333333333334,1.1333333333333333
1378048415,1,2399.999729,721.5999185193333,30.066666666666666,524288.0,380631.2,813.1333333333333,436.0,151.26666666666668,1.8
1378048715,1,2399.999729,967.9998906966667,40.333333333333336,524288.0,373290.4,839.4,432.66666666666674,190.8,1.4666666666666666
1378049015,1,2399.999729,1099.199875882,45.8,524288.0,390417.6,814.4,563.7333333333333,187.4,12.666666666666666
1378049315,1,2399.999729,686.3999224940001,28.6,524288.0,412437.86666666664,934.6666666666667,472.2,122.46666666666667,1.2
1378049615,1,2399.999729,668.7999244813333,27.866666666666664,524288.0,387622.93333333335,684.7333333333333,391.93333333333334,130.06666666666666,1.2666666666666666
1378049915,1,2399.999729,635.1999282753333,26.466666666666665,524288.0,358261.3333333333,864.6666666666666,402.4666666666667,111.26666666666667,1.2
1378050215,1,2399.999729,607.9999313466668,25.333333333333336,524288.0,364553.3333333333,883.9333333333333,370.5333333333333,109.53333333333333,1.2
1378050515,1,2399.999729,507.19994272866677,21.133333333333336,524288.0,355815.4666666667,137.0,281.0,97.0,1.8666666666666667
1378050815,1,2399.999729,471.9999467033334,19.666666666666668,524288.0,278919.73333333334,29.666666666666664,257.8666666666667,99.0,1.2
1378051115,1,2399.999729,468.79994706466664,19.53333333333333,524288.0,242219.46666666667,0.5333333333333333,251.86666666666667,97.06666666666666,1.2
1378051415,1,2399.999729,515.1999418253333,21.466666666666665,524288.0,241520.26666666666,8.6,286.33333333333337,121.53333333333333,1.6666666666666667
1378051715,1,2399.999729,484.799945258,20.2,524288.0,250607.2,8.066666666666666,254.60000000000002,95.13333333333334,1.2666666666666666
1378052015,1,2399.999729,495.9999439933333,20.666666666666664,524288.0,236976.0,1.0,254.13333333333333,99.26666666666667,1.6666666666666667
1378052315,1,2399.999729,513.599942006,21.4,524288.0,214956.0,0.4666666666666667,262.06666666666666,103.66666666666667,1.3333333333333333
1378052615,1,2399.999729,470.3999468840001,19.6,524288.0,225442.4,1.9333333333333333,262.93333333333334,102.26666666666667,1.3333333333333333
1378052915,1,2399.999729,444.7999497746667,18.53333333333333,524288.0,195032.8,0.13333333333333333,249.39999999999998,97.6,1.3333333333333333
1378053215,1,2399.999729,692.7999217713333,28.866666666666664,524288.0,195033.33333333334,0.5333333333333333,389.8,254.0,2.533333333333333
1378053515,1,2399.999729,1777.5997992793334,74.06666666666666,524288.0,258297.6,9.799999999999999,848.4,743.8666666666667,3.6666666666666665
1378053815,1,2399.999729,1302.3998529373334,54.26666666666667,524288.0,282414.13333333336,1.1333333333333333,625.7333333333333,502.26666666666665,2.533333333333333
1378054115,1,2399.999729,668.7999244813333,27.866666666666664,524288.0,242219.46666666667,0.5333333333333333,326.4,176.06666666666666,1.4
1378054415,1,2399.999729,468.79994706466664,19.53333333333333,524288.0,197479.2,27.666666666666668,246.6,99.6,1.3333333333333333
1378054715,1,2399.999729,484.799945258,20.2,524288.0,176159.2,0.4666666666666667,245.06666666666666,98.26666666666667,1.2666666666666666
1378055015,1,2399.999729,524.7999407413332,21.866666666666664,524288.0,161828.53333333333,10.200000000000001,278.6666666666667,124.0,1.7333333333333334
1378055315,1,2399.999729,444.7999497746667,18.53333333333333,524288.0,198178.4,7.666666666666667,250.4,96.8,1.3333333333333333
1378055615,1,2399.999729,454.3999486906667,18.933333333333334,524288.0,144003.2,0.26666666666666666,251.66666666666666,102.93333333333334,1.6666666666666667
1378055916,1,2399.999729,441.59995013599996,18.4,524288.0,148896.0,0.3333333333333333,257.33333333333337,105.2,1.2
1378056216,1,2399.999729,463.9999476066667,19.333333333333332,524288.0,154488.8,16.266666666666666,254.8,97.86666666666666,1.4
1378056516,1,2399.999729,422.399952304,17.6,524288.0,147846.93333333332,0.26666666666666666,247.53333333333333,94.73333333333333,1.2666666666666666
1378056816,1,2399.999729,455.99994851,19.0,524288.0,146798.93333333332,0.0,259.1333333333333,105.0,1.2666666666666666
1378057116,1,2399.999729,462.39994778733336,19.266666666666666,524288.0,138061.33333333334,3.4000000000000004,254.26666666666668,98.93333333333334,1.3333333333333333
1378057416,1,2399.999729,396.7999551946666,16.53333333333333,524288.0,136663.73333333334,0.13333333333333333,250.8,95.8,1.4666666666666666
1378057716,1,2399.999729,391.99995573666666,16.333333333333332,524288.0,157633.33333333334,0.0,250.60000000000002,96.4,1.3333333333333333
1378058016,1,2399.999729,391.99995573666666,16.333333333333332,524288.0,146448.8,0.8,259.0,99.26666666666667,1.4
1378058316,1,2399.999729,383.99995664,16.0,524288.0,162876.8,0.13333333333333333,257.06666666666666,98.8,1.2666666666666666
1378058616,1,2399.999729,476.79994616133337,19.866666666666667,524288.0,154487.73333333334,7.066666666666666,294.8,133.4,1.7333333333333334
1378058916,1,2399.999729,387.19995627866666,16.133333333333333,524288.0,157284.26666666666,0.8666666666666666,251.0,94.0,1.0666666666666667
1378059216,1,2399.999729,428.79995158133335,17.866666666666667,524288.0,139809.6,0.06666666666666667,253.60000000000002,100.06666666666666,1.7333333333333334
1378059516,1,2399.999729,374.399957724,15.6,524288.0,140157.86666666667,0.2,253.26666666666665,98.66666666666667,1.2
1378059816,1,2399.999729,382.3999568206666,15.933333333333332,524288.0,145400.8,0.4,252.33333333333334,95.73333333333333,1.2666666666666666
1378060116,1,2399.999729,388.79995609799994,16.2,524288.0,156934.66666666666,0.13333333333333333,253.8,95.8,1.2666666666666666
1378060416,1,2399.999729,387.19995627866666,16.133333333333333,524288.0,127225.86666666667,0.3333333333333333,256.26666666666665,102.46666666666667,1.2666666666666666
1378060716,1,2399.999729,388.79995609799994,16.2,524288.0,127924.0,3.466666666666667,256.93333333333334,98.0,1.0666666666666667
1378061016,1,2399.999729,380.7999570013334,15.866666666666667,524288.0,130370.93333333333,0.26666666666666666,256.2,96.66666666666667,1.2
1378061316,1,2399.999729,417.599952846,17.4,524288.0,134216.8,0.26666666666666666,266.1333333333333,112.86666666666666,1.2666666666666666
1378061616,1,2399.999729,507.19994272866677,21.133333333333336,524288.0,171964.8,0.6666666666666667,274.26666666666665,116.26666666666667,1.2666666666666666
1378061916,1,2399.999729,414.3999532073333,17.266666666666666,524288.0,147847.2,0.06666666666666667,259.2,102.46666666666667,1.0666666666666667
1378062216,1,2399.999729,433.5999510393333,18.066666666666666,524288.0,149245.33333333334,7.133333333333333,288.2,128.0,1.5333333333333334
1378062516,1,2399.999729,401.5999546526667,16.733333333333334,524288.0,147848.0,0.3333333333333333,261.5333333333333,105.33333333333333,1.2
1378062816,1,2399.999729,395.1999553753334,16.46666666666667,524288.0,145750.4,0.13333333333333333,255.33333333333334,101.6,1.5333333333333334
1378063116,1,2399.999729,470.3999468840001,19.6,524288.0,134216.0,0.3333333333333333,256.0,98.2,1.2
1378063416,1,2399.999729,447.99994941333335,18.666666666666668,524288.0,146798.4,0.2,250.26666666666665,95.6,1.4
1378063716,1,2399.999729,375.9999575433334,15.666666666666668,524288.0,152740.8,0.06666666666666667,254.13333333333335,95.4,1.2666666666666666
1378064017,1,2399.999729,399.9999548333334,16.666666666666668,524288.0,128972.8,0.06666666666666667,262.53333333333336,102.13333333333334,1.3333333333333333
1378064317,1,2399.999729,406.39995411066667,16.933333333333334,524288.0,137361.6,3.3333333333333335,252.93333333333334,94.93333333333334,1.2
1378064617,1,2399.999729,401.5999546526667,16.733333333333334,524288.0,154139.46666666667,0.13333333333333333,256.4,98.86666666666666,1.4
1378064917,1,2399.999729,385.5999564593333,16.066666666666666,524288.0,145051.46666666667,0.13333333333333333,254.60000000000002,97.8,1.2666666666666666
1378065217,1,2399.999729,404.79995429133334,16.866666666666667,524288.0,128973.06666666667,0.6666666666666667,257.26666666666665,97.33333333333333,1.2
1378065517,1,2399.999729,375.9999575433334,15.666666666666668,524288.0,123031.2,0.13333333333333333,254.60000000000002,98.53333333333333,1.2666666666666666
1378065817,1,2399.999729,446.3999495940001,18.6,524288.0,147498.66666666666,6.933333333333334,284.1333333333333,126.8,1.6
1378066117,1,2399.999729,387.19995627866666,16.133333333333333,524288.0,144003.46666666667,0.5333333333333333,246.2,96.6,1.1333333333333333
1378066417,1,2399.999729,398.39995501400006,16.6,524288.0,136313.6,0.2,248.2,101.06666666666666,1.6
1378066717,1,2399.999729,406.39995411066667,16.933333333333334,524288.0,138410.13333333333,0.2,254.73333333333332,104.93333333333334,1.2666666666666666
1378067017,1,2399.999729,412.799953388,17.2,524288.0,164275.2,13.666666666666666,250.26666666666668,102.4,1.0666666666666667
1378067317,1,2399.999729,491.19994453533343,20.46666666666667,524288.0,140158.66666666666,0.3333333333333333,259.06666666666666,105.73333333333333,1.2666666666666666
1378067617,1,2399.999729,567.9999358633333,23.666666666666664,524288.0,147848.0,0.39999999999999997,268.0,113.33333333333333,1.4
1378067917,1,2399.999729,534.3999396573333,22.266666666666666,524288.0,150992.8,2.066666666666667,257.26666666666665,105.73333333333333,1.1333333333333333
1378068217,1,2399.999729,412.799953388,17.2,524288.0,150992.8,0.3333333333333333,257.1333333333333,104.33333333333333,1.2
1378068517,1,2399.999729,420.7999524846666,17.53333333333333,524288.0,142604.8,0.06666666666666667,254.53333333333336,106.2,1.1333333333333333
1378068817,1,2399.999729,407.99995393000006,17.0,524288.0,155886.4,0.6666666666666666,261.79999999999995,107.66666666666667,1.2
1378069117,1,2399.999729,452.7999488713334,18.866666666666667,524288.0,140508.0,0.13333333333333333,251.66666666666669,106.4,1.2
1378069417,1,2399.999729,505.5999429093333,21.066666666666666,524288.0,149594.4,9.8,288.06666666666666,131.86666666666667,1.6666666666666667
1378069717,1,2399.999729,404.79995429133334,16.866666666666667,524288.0,148547.2,7.533333333333333,255.66666666666666,104.2,1.8666666666666667
1378070017,1,2399.999729,428.79995158133335,17.866666666666667,524288.0,132817.86666666667,0.7333333333333333,255.13333333333333,106.2,1.6
1378070317,1,2399.999729,407.99995393000006,17.0,524288.0,144701.33333333334,0.13333333333333333,252.93333333333334,102.53333333333333,1.0666666666666667
1378070617,1,2399.999729,372.79995790466666,15.533333333333333,524288.0,130720.8,0.4,248.0,94.73333333333333,1.2666666666666666
1378070917,1,2399.999729,387.19995627866666,16.133333333333333,524288.0,133167.46666666667,0.26666666666666666,253.53333333333333,97.0,1.1333333333333333
1378071217,1,2399.999729,399.9999548333334,16.666666666666668,524288.0,126875.73333333334,0.13333333333333333,255.33333333333331,102.93333333333334,1.2666666666666666
1378071517,1,2399.999729,374.399957724,15.6,524288.0,153789.33333333334,2.2,253.0,95.66666666666667,1.1333333333333333
1378071817,1,2399.999729,396.7999551946666,16.53333333333333,524288.0,149595.2,0.06666666666666667,246.13333333333333,95.13333333333334,1.1333333333333333
1378072118,1,2399.999729,390.39995591733333,16.266666666666666,524288.0,139109.6,0.2,249.66666666666669,96.2,1.1333333333333333
1378072418,1,2399.999729,390.39995591733333,16.266666666666666,524288.0,149595.73333333334,0.6000000000000001,253.13333333333333,98.8,1.0666666666666667
1378072718,1,2399.999729,377.59995736266666,15.733333333333333,524288.0,111845.86666666667,0.0,245.86666666666667,95.73333333333333,1.2
1378073018,1,2399.999729,428.79995158133335,17.866666666666667,524288.0,142254.66666666666,11.4,275.73333333333335,134.06666666666666,1.7333333333333334
1378073318,1,2399.999729,372.79995790466666,15.533333333333333,524288.0,162177.6,2.466666666666667,247.66666666666666,92.73333333333333,1.0666666666666667
1378073618,1,2399.999729,391.99995573666666,16.333333333333332,524288.0,149246.4,0.4666666666666667,250.39999999999998,98.2,1.4666666666666666
1378073918,1,2399.999729,385.5999564593333,16.066666666666666,524288.0,152041.6,0.2,252.2,99.26666666666667,1.1333333333333333
1378074218,1,2399.999729,411.1999535686667,17.133333333333333,524288.0,139459.2,0.4,246.86666666666667,97.13333333333334,1.0666666666666667
1378074518,1,2399.999729,385.5999564593333,16.066666666666666,524288.0,131069.33333333333,0.0,247.46666666666664,99.53333333333333,1.0666666666666667
1378074818,1,2399.999729,385.5999564593333,16.066666666666666,524288.0,142605.6,0.2,255.13333333333333,102.0,1.0666666666666667
1378075118,1,2399.999729,449.5999492326667,18.733333333333334,524288.0,149595.73333333334,1.9333333333333333,273.0,123.4,1.0
1378075418,1,2399.999729,425.59995194266673,17.733333333333334,524288.0,196430.66666666666,930.3333333333333,294.1333333333333,100.13333333333334,0.9333333333333333
1378075718,1,2399.999729,411.1999535686667,17.133333333333333,524288.0,284162.4,8.733333333333334,257.4666666666667,98.0,0.8
1378076018,1,2399.999729,427.19995176200007,17.8,524288.0,174761.6,27.6,258.8666666666667,104.93333333333334,1.2
1378076318,1,2399.999729,391.99995573666666,16.333333333333332,524288.0,146099.2,0.2,249.46666666666667,96.86666666666666,1.1333333333333333
1378076618,1,2399.999729,620.7999299013333,25.866666666666664,524288.0,178256.26666666666,565.6666666666667,404.1333333333333,169.2,1.6
1378076918,1,2399.999729,510.3999423673333,21.266666666666666,524288.0,312473.6,875.4666666666667,425.66666666666663,102.2,0.9333333333333333
1378077218,1,2399.999729,483.1999454386667,20.133333333333333,524288.0,332745.6,840.8666666666667,407.73333333333335,104.86666666666666,1.4666666666666666
1378077518,1,2399.999729,507.19994272866677,21.133333333333336,524288.0,357562.13333333336,897.8,383.0,104.46666666666667,1.0666666666666667
1378077818,1,2399.999729,1862.3997897039999,77.6,524288.0,345678.6666666667,1833.2666666666667,331.33333333333337,99.8,0.9333333333333333
1378078118,1,2399.999729,2401.5997288193334,100.06666666666666,524288.0,369097.6,1908.5333333333335,304.6666666666667,99.0,1.0
1378078418,1,2399.999729,2331.199736768667,97.13333333333334,524288.0,294648.0,1950.2666666666667,310.93333333333334,107.2,1.0
1378078718,1,2399.999729,2300.7997402013334,95.86666666666666,524288.0,380281.3333333333,1930.6666666666665,310.26666666666665,100.93333333333334,1.0
1378079018,1,2399.999729,2387.199730445333,99.46666666666665,524288.0,332746.4,1183.0,274.26666666666665,99.53333333333333,0.9333333333333333
1378079318,1,2399.999729,2441.599724302667,101.73333333333333,524288.0,385525.06666666665,1124.1333333333332,260.6,98.4,1.0666666666666667
1378079618,1,2399.999729,2451.199723218667,102.13333333333334,524288.0,378184.5333333333,1179.9333333333334,279.26666666666665,104.06666666666666,1.2
1378079918,1,2399.999729,2526.3997147273335,105.26666666666667,524288.0,383078.13333333336,1196.1333333333332,274.53333333333336,100.93333333333334,1.1333333333333333
1378080218,1,2399.999729,2454.3997228573335,102.26666666666667,524288.0,388670.4,1086.5333333333333,320.0,143.2,1.4666666666666666
1378080518,1,2399.999729,2403.199728638667,100.13333333333334,524288.0,381680.0,1258.6,267.46666666666664,96.33333333333333,1.0
1378080818,1,2399.999729,2302.3997400206667,95.93333333333334,524288.0,335542.4,1895.7333333333333,315.4,98.4,1.4
1378081118,1,2399.999729,2289.599741466,95.4,524288.0,281016.8,1870.1333333333334,301.53333333333336,98.46666666666667,1.1333333333333333
1378081418,1,2399.999729,2316.7997383946667,96.53333333333335,524288.0,325056.8,2189.5333333333333,331.3333333333333,98.93333333333334,1.2666666666666666
1378081718,1,2399.999729,2321.5997378526667,96.73333333333333,524288.0,379931.73333333334,2579.9333333333334,383.73333333333335,95.93333333333334,1.1333333333333333
1378082018,1,2399.999729,2227.199748512,92.8,524288.0,414884.0,2419.9333333333334,381.6,103.73333333333333,1.2
1378082318,1,2399.999729,2369.5997324326668,98.73333333333333,524288.0,411739.2,2567.3999999999996,379.53333333333336,98.33333333333333,1.0666666666666667
1378082618,1,2399.999729,2049.5997685660004,85.4,524288.0,418030.4,1718.1333333333334,320.1333333333333,99.4,1.2
1378082918,1,2399.999729,319.99996386666663,13.333333333333332,524288.0,298492.5333333333,2.2,251.13333333333333,100.26666666666667,1.1333333333333333
1378083218,1,2399.999729,334.39996224066664,13.933333333333332,524288.0,181052.0,33.266666666666666,253.26666666666665,100.53333333333333,1.2666666666666666
1378083518,1,2399.999729,326.39996314399997,13.6,524288.0,163925.6,0.3333333333333333,245.73333333333335,97.2,0.8666666666666667
1378083818,1,2399.999729,363.1999589886667,15.133333333333333,524288.0,149245.06666666668,179.33333333333334,284.0,119.8,1.8
1378084118,1,2399.999729,343.9999611566667,14.333333333333332,524288.0,191187.73333333334,0.4666666666666667,254.73333333333335,102.4,1.0666666666666667
1378084418,1,2399.999729,332.7999624213333,13.866666666666667,524288.0,134565.86666666667,0.26666666666666666,248.8,100.86666666666666,1.4
1378084718,1,2399.999729,327.99996296333336,13.666666666666668,524288.0,116740.53333333334,0.2,251.13333333333333,99.73333333333333,1.0
1378085018,1,2399.999729,337.59996187933336,14.066666666666668,524288.0,129323.46666666666,0.3333333333333333,249.8,98.6,1.1333333333333333
1378085318,1,2399.999729,327.99996296333336,13.666666666666668,524288.0,121633.86666666667,0.06666666666666667,244.2,96.0,0.8
1378085618,1,2399.999729,315.1999644086667,13.133333333333333,524288.0,127923.73333333334,0.26666666666666666,250.60000000000002,100.6,1.2666666666666666
1378085918,1,2399.999729,299.19996621533335,12.466666666666667,524288.0,146799.46666666667,2.933333333333333,247.2,98.73333333333333,1.1333333333333333
1378086218,1,2399.999729,292.799966938,12.2,524288.0,141905.33333333334,0.2,244.26666666666665,94.6,1.1333333333333333
1378086518,1,2399.999729,311.99996477,13.0,524288.0,140508.0,0.13333333333333333,247.66666666666666,97.33333333333333,1.0666666666666667
1378086818,1,2399.999729,383.99995664,16.0,524288.0,149945.6,0.9333333333333333,256.20000000000005,101.73333333333333,1.1333333333333333
1378087118,1,2399.999729,377.59995736266666,15.733333333333333,524288.0,130022.4,0.06666666666666667,250.33333333333331,99.13333333333334,1.0
1378087418,1,2399.999729,654.3999261073334,27.266666666666666,524288.0,142604.8,564.8000000000001,299.0,125.0,1.8
1378087718,1,2399.999729,486.3999450773333,20.266666666666666,524288.0,273676.0,1.0,273.6,98.2,1.0666666666666667
1378088018,1,2399.999729,569.5999356826667,23.733333333333334,524288.0,172314.13333333333,1.8666666666666667,292.53333333333336,103.86666666666666,1.6666666666666667
1378088319,1,2399.999729,721.5999185193333,30.066666666666666,524288.0,348125.86666666664,1247.0666666666666,482.4666666666667,117.4,1.3333333333333333
1378088619,1,2399.999729,526.3999405606668,21.933333333333334,524288.0,322610.4,34.0,286.93333333333334,99.86666666666666,1.2
1378088919,1,2399.999729,459.19994814866664,19.133333333333333,524288.0,230335.73333333334,1.2666666666666666,263.0,96.2,0.8666666666666667
1378089219,1,2399.999729,388.79995609799994,16.2,524288.0,173013.06666666668,0.7333333333333333,252.06666666666666,101.26666666666667,1.1333333333333333
1378089519,1,2399.999729,379.19995718200005,15.8,524288.0,170217.06666666668,4.0,251.0,98.2,1.1333333333333333
1378089819,1,2399.999729,371.1999580853333,15.466666666666667,524288.0,175109.6,0.5333333333333333,247.26666666666665,94.86666666666666,1.1333333333333333
1378090119,1,2399.999729,363.1999589886667,15.133333333333333,524288.0,169168.53333333333,0.13333333333333333,248.0,96.6,0.9333333333333333
1378090419,1,2399.999729,374.399957724,15.6,524288.0,151342.4,4.266666666666667,255.0,99.66666666666667,1.2
1378090719,1,2399.999729,382.3999568206666,15.933333333333332,524288.0,147148.8,0.13333333333333333,246.93333333333334,96.26666666666667,0.9333333333333333
1378091019,1,2399.999729,407.99995393000006,17.0,524288.0,160779.46666666667,11.933333333333334,281.26666666666665,116.26666666666667,1.5333333333333334
1378091319,1,2399.999729,369.59995826600004,15.4,524288.0,176159.2,0.2,245.26666666666665,92.66666666666667,0.8666666666666667
1378091619,1,2399.999729,399.9999548333334,16.666666666666668,524288.0,146099.2,0.06666666666666667,247.73333333333335,97.93333333333334,1.3333333333333333
1378091919,1,2399.999729,369.59995826600004,15.4,524288.0,145052.26666666666,0.2,253.06666666666666,98.06666666666666,0.9333333333333333
1378092219,1,2399.999729,367.99995844666665,15.333333333333332,524288.0,149594.93333333332,0.13333333333333333,251.13333333333333,94.53333333333333,0.8
1378092519,1,2399.999729,358.39995953066665,14.933333333333332,524288.0,139110.13333333333,0.06666666666666667,247.4,94.66666666666667,0.8
1378092819,1,2399.999729,387.19995627866666,16.133333333333333,524288.0,131070.13333333333,0.0,260.06666666666666,101.93333333333334,0.8
1378093119,1,2399.999729,401.5999546526667,16.733333333333334,524288.0,147847.2,1.9333333333333333,255.39999999999998,96.66666666666667,0.8666666666666667
1378093419,1,2399.999729,379.19995718200005,15.8,524288.0,137361.6,0.2,252.4,95.26666666666667,0.9333333333333333
1378093719,1,2399.999729,369.59995826600004,15.4,524288.0,136313.6,0.0,253.53333333333333,96.4,0.9333333333333333
1378094019,1,2399.999729,395.1999553753334,16.46666666666667,524288.0,154837.06666666668,3.8666666666666663,256.0,97.46666666666667,0.9333333333333333
1378094319,1,2399.999729,415.9999530266666,17.333333333333332,524288.0,153089.6,182.66666666666666,264.3333333333333,97.73333333333333,0.9333333333333333
1378094619,1,2399.999729,614.399930624,25.6,524288.0,244665.33333333334,437.0,354.8666666666667,159.0,1.9333333333333333
1378094919,1,2399.999729,523.199940922,21.8,524288.0,243618.13333333333,145.06666666666666,283.0,113.33333333333333,1.1333333333333333
1378095219,1,2399.999729,567.9999358633333,23.666666666666664,524288.0,176159.46666666667,0.6,292.2,131.66666666666666,1.2666666666666666
1378095519,1,2399.999729,507.19994272866677,21.133333333333336,524288.0,147847.73333333334,0.5333333333333333,275.73333333333335,120.46666666666667,0.9333333333333333
1378095819,1,2399.999729,446.3999495940001,18.6,524288.0,170216.26666666666,21.533333333333335,260.8666666666667,106.33333333333333,0.9333333333333333
1378096119,1,2399.999729,406.39995411066667,16.933333333333334,524288.0,142254.93333333332,0.13333333333333333,254.8,96.46666666666667,1.0
1378096419,1,2399.999729,428.79995158133335,17.866666666666667,524288.0,155886.4,0.3333333333333333,256.93333333333334,101.8,1.0666666666666667
1378096719,1,2399.999729,399.9999548333334,16.666666666666668,524288.0,147847.46666666667,3.9333333333333336,255.0,98.53333333333333,0.9333333333333333
1378097019,1,2399.999729,411.1999535686667,17.133333333333333,524288.0,126526.66666666667,0.13333333333333333,249.59999999999997,96.6,1.0666666666666667
1378097319,1,2399.999729,398.39995501400006,16.6,524288.0,125828.0,0.26666666666666666,249.6,97.46666666666667,1.0
1378097619,1,2399.999729,415.9999530266666,17.333333333333332,524288.0,127575.2,0.26666666666666666,248.33333333333331,98.0,1.1333333333333333
1378097919,1,2399.999729,393.599955556,16.4,524288.0,120235.2,0.26666666666666666,242.8,95.06666666666666,0.8666666666666667
1378098219,1,2399.999729,446.3999495940001,18.6,524288.0,143303.73333333334,5.266666666666667,278.6666666666667,120.73333333333333,1.5333333333333334
1378098519,1,2399.999729,407.99995393000006,17.0,524288.0,162527.2,1.2666666666666666,247.93333333333334,94.53333333333333,0.9333333333333333
1378098819,1,2399.999729,446.3999495940001,18.6,524288.0,132118.4,0.06666666666666667,251.66666666666666,99.2,1.4666666666666666
1378099119,1,2399.999729,438.39995049733335,18.266666666666666,524288.0,115341.6,0.13333333333333333,254.93333333333334,99.46666666666667,1.0
1378099419,1,2399.999729,423.99995212333334,17.666666666666668,524288.0,140158.13333333333,13.8,256.3333333333333,95.33333333333333,1.0666666666666667
1378099719,1,2399.999729,412.799953388,17.2,524288.0,141205.6,0.13333333333333333,249.13333333333333,94.6,1.0
1378100019,1,2399.999729,444.7999497746667,18.53333333333333,524288.0,136313.6,0.3333333333333333,265.73333333333335,104.46666666666667,1.2
1378100319,1,2399.999729,412.799953388,17.2,524288.0,132817.6,1.8666666666666667,255.73333333333332,96.53333333333333,1.0666666666666667
1378100619,1,2399.999729,433.5999510393333,18.066666666666666,524288.0,164274.93333333332,0.13333333333333333,262.6,100.2,1.0
1378100920,1,2399.999729,415.9999530266666,17.333333333333332,524288.0,135264.26666666666,0.06666666666666667,246.33333333333331,97.13333333333334,1.0
1378101220,1,2399.999729,435.1999508586667,18.133333333333333,524288.0,125827.46666666666,0.8,257.8,99.26666666666667,0.9333333333333333
1378101520,1,2399.999729,428.79995158133335,17.866666666666667,524288.0,143653.06666666668,0.13333333333333333,249.13333333333333,98.06666666666666,1.0
1378101820,1,2399.999729,484.799945258,20.2,524288.0,130021.06666666667,5.666666666666667,276.6,121.0,1.4666666666666666
1378102120,1,2399.999729,417.599952846,17.4,524288.0,140857.06666666668,1.2,248.53333333333333,97.46666666666667,1.0666666666666667
1378102420,1,2399.999729,441.59995013599996,18.4,524288.0,152391.2,0.0,259.0,101.0,1.5333333333333334
1378102720,1,2399.999729,438.39995049733335,18.266666666666666,524288.0,126177.06666666667,0.13333333333333333,253.8,100.33333333333333,1.0666666666666667
1378103020,1,2399.999729,431.99995122,18.0,524288.0,146449.33333333334,0.4666666666666667,265.1333333333333,99.86666666666666,1.0
1378103320,1,2399.999729,430.3999514006667,17.933333333333334,524288.0,133517.06666666668,0.06666666666666667,259.66666666666663,97.86666666666666,1.1333333333333333
1378103620,1,2399.999729,446.3999495940001,18.6,524288.0,135963.2,0.3333333333333333,280.8,114.2,1.2666666666666666
1378103920,1,2399.999729,454.3999486906667,18.933333333333334,524288.0,141557.06666666668,2.2,265.3333333333333,101.13333333333334,1.2
1378104220,1,2399.999729,449.5999492326667,18.733333333333334,524288.0,143654.13333333333,0.2,259.4666666666667,100.26666666666667,1.0666666666666667
1378104520,1,2399.999729,465.59994742599997,19.4,524288.0,136313.33333333334,0.06666666666666667,249.39999999999998,97.53333333333333,1.0
1378104820,1,2399.999729,815.9999078600001,34.0,524288.0,155537.06666666668,0.4666666666666667,462.8,329.53333333333336,2.6666666666666665
1378105120,1,2399.999729,1457.5998354126668,60.73333333333333,524288.0,244316.53333333333,0.2,788.7333333333333,666.4,3.4
1378105420,1,2399.999729,991.9998879866666,41.33333333333333,524288.0,272627.2,252.2,535.1333333333333,365.8,3.0
1378105720,1,2399.999729,569.5999356826667,23.733333333333334,524288.0,225441.6,9.4,311.1333333333333,146.93333333333334,1.3333333333333333
1378106020,1,2399.999729,447.99994941333335,18.666666666666668,524288.0,162877.33333333334,1.0666666666666667,261.26666666666665,106.4,1.6
1378106320,1,2399.999729,412.799953388,17.2,524288.0,153439.73333333334,0.6666666666666666,266.4,108.2,1.2
1378106620,1,2399.999729,420.7999524846666,17.53333333333333,524288.0,149244.8,14.333333333333332,264.5333333333333,107.86666666666666,1.1333333333333333
1378106920,1,2399.999729,380.7999570013334,15.866666666666667,524288.0,146100.26666666666,0.13333333333333333,259.2,99.86666666666666,1.1333333333333333
1378107220,1,2399.999729,455.99994851,19.0,524288.0,135964.0,0.26666666666666666,266.46666666666664,109.53333333333333,1.4
1378107520,1,2399.999729,404.79995429133334,16.866666666666667,524288.0,148896.8,3.2,258.5333333333333,101.53333333333333,1.2
1378107820,1,2399.999729,401.5999546526667,16.733333333333334,524288.0,144353.06666666668,0.26666666666666666,263.2,108.8,1.0666666666666667
1378108120,1,2399.999729,387.19995627866666,16.133333333333333,524288.0,126876.26666666666,0.2,259.1333333333333,100.13333333333334,1.0
1378108420,1,2399.999729,411.1999535686667,17.133333333333333,524288.0,155536.53333333333,0.9333333333333333,262.73333333333335,103.46666666666667,1.2
1378108720,1,2399.999729,433.5999510393333,18.066666666666666,524288.0,150293.86666666667,0.2,261.73333333333335,101.4,1.1333333333333333
1378109020,1,2399.999729,694.3999215906666,28.933333333333334,524288.0,214956.26666666666,156.53333333333336,380.93333333333334,223.86666666666667,2.933333333333333
1378109320,1,2399.999729,459.19994814866664,19.133333333333333,524288.0,189440.26666666666,2.2,285.6,126.13333333333334,1.2666666666666666
1378109620,1,2399.999729,447.99994941333335,18.666666666666668,524288.0,150294.66666666666,0.3333333333333333,259.1333333333333,106.26666666666667,1.6666666666666667
1378109921,1,2399.999729,419.1999526653334,17.46666666666667,524288.0,137712.0,0.2,256.93333333333334,100.93333333333334,1.2
1378110221,1,2399.999729,406.39995411066667,16.933333333333334,524288.0,141556.0,13.933333333333334,261.93333333333334,100.4,1.1333333333333333
1378110521,1,2399.999729,411.1999535686667,17.133333333333333,524288.0,131069.6,0.06666666666666667,258.06666666666666,99.46666666666667,1.3333333333333333
1378110820,1,2399.999729,419.1999526653334,17.46666666666667,524288.0,122680.8,0.06666666666666667,261.73333333333335,103.6,1.4
1378111120,1,2399.999729,428.79995158133335,17.866666666666667,524288.0,126176.53333333334,1.9333333333333333,263.6666666666667,100.86666666666666,1.2666666666666666
1378111420,1,2399.999729,505.5999429093333,21.066666666666666,524288.0,137361.6,0.06666666666666667,283.6666666666667,123.26666666666667,1.2666666666666666
1378111720,1,2399.999729,411.1999535686667,17.133333333333333,524288.0,126876.0,0.13333333333333333,266.06666666666666,103.26666666666667,1.2
1378112020,1,2399.999729,427.19995176200007,17.8,524288.0,147847.2,0.5333333333333333,268.53333333333336,102.2,1.3333333333333333
1378112320,1,2399.999729,406.39995411066667,16.933333333333334,524288.0,132119.2,0.06666666666666667,263.8666666666667,100.4,1.2
1378112621,1,2399.999729,470.3999468840001,19.6,524288.0,206568.0,176.0,297.46666666666664,123.13333333333334,1.8666666666666667
1378112921,1,2399.999729,419.1999526653334,17.46666666666667,524288.0,192936.53333333333,1.4666666666666666,275.26666666666665,112.26666666666667,1.0666666666666667
1378113221,1,2399.999729,419.1999526653334,17.46666666666667,524288.0,143653.6,0.2,257.5333333333333,101.86666666666666,1.6666666666666667
1378113521,1,2399.999729,409.59995374933334,17.066666666666666,524288.0,138410.93333333332,0.3333333333333333,262.4,103.2,1.2
1378113821,1,2399.999729,411.1999535686667,17.133333333333333,524288.0,162876.53333333333,0.6666666666666667,263.4666666666667,101.6,0.9333333333333333
1378114121,1,2399.999729,393.599955556,16.4,524288.0,131070.66666666667,0.06666666666666667,256.5333333333333,98.8,1.3333333333333333
1378114421,1,2399.999729,441.59995013599996,18.4,524288.0,130371.2,0.2,265.33333333333337,108.06666666666666,1.5333333333333334
1378114721,1,2399.999729,414.3999532073333,17.266666666666666,524288.0,136312.53333333333,2.1333333333333333,259.26666666666665,99.86666666666666,1.2
1378115021,1,2399.999729,401.5999546526667,16.733333333333334,524288.0,135264.26666666666,0.06666666666666667,258.06666666666666,100.46666666666667,1.2666666666666666
1378115321,1,2399.999729,420.7999524846666,17.53333333333333,524288.0,126176.26666666666,0.2,259.93333333333334,100.13333333333334,1.2666666666666666
1378115621,1,2399.999729,483.1999454386667,20.133333333333333,524288.0,140157.6,0.6666666666666666,290.4666666666667,130.4,1.2
1378115921,1,2399.999729,428.79995158133335,17.866666666666667,524288.0,169169.33333333334,0.13333333333333333,261.73333333333335,100.66666666666667,1.2666666666666666
1378116221,1,2399.999729,499.19994363200004,20.8,524288.0,218800.8,152.86666666666667,295.6,123.73333333333333,1.7333333333333334
1378116521,1,2399.999729,417.599952846,17.4,524288.0,193285.33333333334,1.6,263.46666666666664,108.73333333333333,1.2666666666666666
1378116821,1,2399.999729,417.599952846,17.4,524288.0,132818.4,0.13333333333333333,255.93333333333334,101.86666666666666,1.8
1378117121,1,2399.999729,503.99994309,21.0,524288.0,137362.66666666666,0.3333333333333333,256.93333333333334,102.4,1.4666666666666666
1378117421,1,2399.999729,463.9999476066667,19.333333333333332,524288.0,136313.6,0.8666666666666667,262.1333333333333,103.33333333333333,1.2
1378117721,1,2399.999729,419.1999526653334,17.46666666666667,524288.0,130020.8,0.06666666666666667,255.06666666666666,98.86666666666666,1.3333333333333333
1378118021,1,2399.999729,419.1999526653334,17.46666666666667,524288.0,118488.0,0.13333333333333333,258.66666666666663,102.13333333333334,1.4666666666666666
1378118321,1,2399.999729,412.799953388,17.2,524288.0,125827.2,2.0,269.8666666666667,108.4,1.3333333333333333
1378118621,1,2399.999729,415.9999530266666,17.333333333333332,524288.0,123729.6,0.2,258.4,100.6,1.4666666666666666
1378118921,1,2399.999729,415.9999530266666,17.333333333333332,524288.0,129672.53333333334,0.13333333333333333,259.4,101.06666666666666,1.4666666666666666
1378119221,1,2399.999729,423.99995212333334,17.666666666666668,524288.0,148546.4,0.33333333333333337,261.46666666666664,101.53333333333333,1.2666666666666666
1378119521,1,2399.999729,411.1999535686667,17.133333333333333,524288.0,142604.0,0.06666666666666667,261.6,100.4,1.2666666666666666
1378119821,1,2399.999729,1118.399873714,46.6,524288.0,221597.33333333334,393.7333333333333,480.8666666666667,134.2,16.933333333333334
1378120121,1,2399.999729,711.9999196033333,29.666666666666664,524288.0,317367.4666666667,757.0666666666666,436.26666666666665,102.53333333333333,2.2
1378120421,1,2399.999729,563.1999364053333,23.466666666666665,524288.0,333444.5333333333,861.6666666666666,434.5333333333333,123.8,3.533333333333333
1378120721,1,2399.999729,623.99992954,26.0,524288.0,361406.6666666667,957.2,425.4666666666667,131.0,1.3333333333333333
1378121021,1,2399.999729,612.7999308046667,25.533333333333335,524288.0,373640.0,1014.6666666666666,438.8666666666667,104.0,11.066666666666666
1378121321,1,2399.999729,795.1999102086667,33.13333333333333,524288.0,375038.4,755.4000000000001,490.73333333333335,108.8,10.533333333333333
1378121622,1,2399.999729,540.7999389346667,22.533333333333335,524288.0,388670.4,741.0666666666666,415.6,107.86666666666666,1.8666666666666667
1378121922,1,2399.999729,542.399938754,22.6,524288.0,365950.4,664.5999999999999,365.5333333333333,105.0,1.8666666666666667
1378122222,1,2399.999729,486.3999450773333,20.266666666666666,524288.0,360708.0,798.5333333333334,373.79999999999995,101.46666666666667,1.8
1378122522,1,2399.999729,499.19994363200004,20.8,524288.0,365951.2,774.1999999999999,358.6,100.66666666666667,1.6666666666666667
1378122822,1,2399.999729,473.5999465226667,19.733333333333334,524288.0,346028.0,170.26666666666665,309.8,105.46666666666667,3.6666666666666665
1378123122,1,2399.999729,420.7999524846666,17.53333333333333,524288.0,270530.4,1.2666666666666666,266.26666666666665,102.33333333333333,1.4
1378123422,1,2399.999729,491.19994453533343,20.46666666666667,524288.0,282414.13333333336,252.33333333333331,304.2,135.66666666666666,1.8
1378123722,1,2399.999729,388.79995609799994,16.2,524288.0,266685.6,8.4,261.26666666666665,102.53333333333333,1.7333333333333334
1378124022,1,2399.999729,452.7999488713334,18.866666666666667,524288.0,214956.26666666666,1.6,264.66666666666663,110.93333333333334,2.066666666666667
1378124322,1,2399.999729,423.99995212333334,17.666666666666668,524288.0,257249.6,18.6,270.4666666666667,105.13333333333334,1.4
1378124622,1,2399.999729,406.39995411066667,16.933333333333334,524288.0,206567.2,15.866666666666665,268.4666666666667,104.8,1.3333333333333333
1378124922,1,2399.999729,425.59995194266673,17.733333333333334,524288.0,174061.86666666667,0.6666666666666666,275.46666666666664,110.53333333333333,1.3333333333333333
1378125222,1,2399.999729,417.599952846,17.4,524288.0,188741.86666666667,0.39999999999999997,279.26666666666665,116.6,1.6666666666666667
1378125522,1,2399.999729,427.19995176200007,17.8,524288.0,186644.8,4.133333333333334,280.6,113.33333333333333,1.5333333333333334
1378125822,1,2399.999729,425.59995194266673,17.733333333333334,524288.0,151691.46666666667,0.13333333333333333,271.73333333333335,110.13333333333334,1.6666666666666667
1378126122,1,2399.999729,403.199954472,16.8,524288.0,159730.93333333332,0.2,265.59999999999997,105.13333333333334,1.4
1378126422,1,2399.999729,425.59995194266673,17.733333333333334,524288.0,161479.46666666667,0.3333333333333333,275.3333333333333,108.66666666666667,1.4666666666666666
1378126722,1,2399.999729,417.599952846,17.4,524288.0,156934.66666666666,0.4666666666666667,266.73333333333335,104.53333333333333,1.3333333333333333
1378127022,1,2399.999729,467.19994724533336,19.46666666666667,524288.0,162876.53333333333,6.666666666666667,295.26666666666665,130.33333333333334,1.8
1378127322,1,2399.999729,433.5999510393333,18.066666666666666,524288.0,174411.46666666667,1.1333333333333333,264.26666666666665,105.8,1.4
1378127622,1,2399.999729,420.7999524846666,17.53333333333333,524288.0,141905.33333333334,0.3333333333333333,259.2,103.53333333333333,1.9333333333333333
1378127922,1,2399.999729,787.199911112,32.8,524288.0,210063.2,118.86666666666667,353.6666666666667,160.4,3.066666666666667
1378128222,1,2399.999729,839.99990515,35.0,524288.0,189440.53333333333,0.6,367.4,221.66666666666666,1.8666666666666667
1378128522,1,2399.999729,913.5998968393333,38.06666666666666,524288.0,171964.8,0.6000000000000001,405.59999999999997,263.93333333333334,1.5333333333333334
1378128822,1,2399.999729,870.3999017173334,36.266666666666666,524288.0,189790.4,0.6666666666666666,386.2,239.13333333333333,2.0
1378129122,1,2399.999729,769.5999130993332,32.06666666666666,524288.0,171964.8,4.333333333333333,354.46666666666664,204.66666666666666,1.7333333333333334
1378129422,1,2399.999729,435.1999508586667,18.133333333333333,524288.0,166721.6,0.5333333333333333,253.20000000000002,102.66666666666667,1.5333333333333334
1378129722,1,2399.999729,507.19994272866677,21.133333333333336,524288.0,143303.46666666667,0.6,287.6666666666667,139.26666666666668,1.3333333333333333
1378130022,1,2399.999729,417.599952846,17.4,524288.0,165673.6,20.866666666666664,257.06666666666666,99.66666666666667,1.3333333333333333
1378130322,1,2399.999729,412.799953388,17.2,524288.0,140157.86666666667,0.2,260.06666666666666,106.53333333333333,1.3333333333333333
1378130622,1,2399.999729,1329.599849866,55.4,524288.0,192936.0,362.0,526.2666666666667,196.13333333333333,15.8
1378130922,1,2399.999729,1655.9998130100003,69.0,524288.0,408942.13333333336,2040.4666666666667,643.9333333333334,169.86666666666667,13.6
1378131222,1,2399.999729,798.3999098473333,33.266666666666666,524288.0,406846.13333333336,777.6666666666666,460.4,139.26666666666668,3.4
1378131522,1,2399.999729,687.9999223133334,28.666666666666664,524288.0,408243.73333333334,1012.4000000000001,456.06666666666666,154.86666666666667,2.0
1378131822,1,2399.999729,647.99992683,27.0,524288.0,409991.2,943.8,448.4666666666667,147.73333333333332,1.6666666666666667
1378132122,1,2399.999729,593.5999329726667,24.733333333333334,524288.0,398456.8,905.8,399.79999999999995,123.66666666666667,1.7333333333333334
1378132422,1,2399.999729,732.7999172546668,30.533333333333335,524288.0,404748.8,778.9333333333334,489.93333333333334,159.4,1.7333333333333334
1378132722,1,2399.999729,683.1999228553333,28.466666666666665,524288.0,383777.6,820.3999999999999,450.6,132.73333333333332,1.6666666666666667
1378133023,1,2399.999729,729.599917616,30.4,524288.0,384476.5333333333,755.4666666666666,448.1333333333333,167.86666666666667,1.6
1378133323,1,2399.999729,679.9999232166668,28.333333333333336,524288.0,382728.26666666666,896.9333333333333,411.59999999999997,121.26666666666667,1.3333333333333333
1378133623,1,2399.999729,622.3999297206667,25.933333333333334,524288.0,386222.93333333335,843.1333333333333,388.06666666666666,123.46666666666667,1.7333333333333334
1378133923,1,2399.999729,1358.399846614,56.6,524288.0,358261.06666666665,430.33333333333337,665.9333333333334,212.8,25.333333333333332
1378134223,1,2399.999729,772.7999127380001,32.2,524288.0,368747.4666666667,860.4000000000001,507.4666666666667,167.0,1.6
1378134523,1,2399.999729,823.9999069566668,34.333333333333336,524288.0,379582.93333333335,754.0000000000001,471.4666666666667,198.93333333333334,1.2
1378134823,1,2399.999729,772.7999127380001,32.2,524288.0,358611.2,849.0,464.26666666666665,176.06666666666666,1.8
1378135123,1,2399.999729,961.5998914193333,40.06666666666666,524288.0,379582.93333333335,893.8,460.73333333333335,187.0,1.4
1378135423,1,2399.999729,1145.5998706426667,47.73333333333333,524288.0,382728.8,759.4666666666667,588.3333333333333,187.26666666666668,12.8
1378135723,1,2399.999729,590.3999333340001,24.6,524288.0,369097.6,868.5999999999999,449.26666666666665,116.93333333333334,1.2666666666666666
1378136023,1,2399.999729,622.3999297206667,25.933333333333334,524288.0,380632.0,783.0000000000001,411.06666666666666,131.8,1.3333333333333333
1378136323,1,2399.999729,571.1999355020001,23.8,524288.0,383776.8,930.5333333333333,389.06666666666666,116.93333333333334,1.2666666666666666
1378136623,1,2399.999729,665.5999248426666,27.733333333333334,524288.0,400553.6,658.4666666666667,393.8666666666667,150.06666666666666,1.8
1378136923,1,2399.999729,553.5999374893333,23.066666666666666,524288.0,364203.73333333334,2.4,308.6666666666667,152.26666666666668,1.2666666666666666
1378137223,1,2399.999729,462.39994778733336,19.266666666666666,524288.0,274376.26666666666,29.666666666666664,263.33333333333337,107.53333333333333,1.1333333333333333
1378137523,1,2399.999729,473.5999465226667,19.733333333333334,524288.0,230684.0,0.7999999999999999,254.06666666666666,99.0,1.0666666666666667
1378137823,1,2399.999729,508.79994254800005,21.2,524288.0,224044.0,9.133333333333335,287.26666666666665,127.13333333333334,1.7333333333333334
1378138123,1,2399.999729,412.799953388,17.2,524288.0,229636.26666666666,7.8,246.53333333333333,96.46666666666667,1.2666666666666666
1378138423,1,2399.999729,420.7999524846666,17.53333333333333,524288.0,213209.33333333334,0.5333333333333333,249.4,101.73333333333333,1.7333333333333334
1378138723,1,2399.999729,478.39994598066664,19.933333333333334,524288.0,202372.53333333333,0.4,260.1333333333333,107.13333333333334,1.2666666666666666
1378139023,1,2399.999729,407.99995393000006,17.0,524288.0,212858.93333333332,2.466666666666667,253.33333333333331,97.66666666666667,1.3333333333333333
1378139323,1,2399.999729,473.5999465226667,19.733333333333334,524288.0,188391.46666666667,0.2,250.26666666666665,95.8,1.3333333333333333
1378139623,1,2399.999729,710.3999197840001,29.6,524288.0,181052.26666666666,0.6,426.93333333333334,288.3333333333333,2.7333333333333334
1378139923,1,2399.999729,1862.3997897039999,77.6,524288.0,268433.6,5.266666666666667,859.2,757.6666666666666,3.6
1378140223,1,2399.999729,1249.5998588993334,52.06666666666667,524288.0,257947.2,1.0666666666666667,581.8000000000001,459.93333333333334,2.4
1378140523,1,2399.999729,590.3999333340001,24.6,524288.0,213208.53333333333,1.2,308.46666666666664,158.13333333333333,1.5333333333333334
1378140824,1,2399.999729,398.39995501400006,16.6,524288.0,169866.93333333332,26.2,255.86666666666667,99.2,1.4
1378141124,1,2399.999729,379.19995718200005,15.8,524288.0,154837.86666666667,0.7999999999999999,259.4,99.26666666666667,1.2
1378141424,1,2399.999729,460.79994796799997,19.2,524288.0,177556.26666666666,10.866666666666667,288.26666666666665,124.53333333333333,1.6666666666666667
1378141724,1,2399.999729,371.1999580853333,15.466666666666667,524288.0,163575.46666666667,7.733333333333333,256.5333333333333,98.0,1.3333333333333333
1378142024,1,2399.999729,401.5999546526667,16.733333333333334,524288.0,138760.26666666666,1.1333333333333333,254.33333333333331,97.13333333333334,1.7333333333333334
1378142324,1,2399.999729,444.7999497746667,18.53333333333333,524288.0,148197.06666666668,0.26666666666666666,265.1333333333333,105.46666666666667,1.3333333333333333
1378142624,1,2399.999729,393.599955556,16.4,524288.0,169168.8,13.133333333333333,258.8666666666667,97.93333333333334,1.4
1378142924,1,2399.999729,396.7999551946666,16.53333333333333,524288.0,149944.26666666666,0.2,248.0,95.53333333333333,1.2
1378143224,1,2399.999729,417.599952846,17.4,524288.0,143303.73333333334,0.4666666666666667,259.6,112.06666666666666,1.4666666666666666
1378143524,1,2399.999729,393.599955556,16.4,524288.0,164973.86666666667,3.4,260.8666666666667,102.06666666666666,1.4
1378143824,1,2399.999729,404.79995429133334,16.866666666666667,524288.0,152042.13333333333,0.2,246.33333333333334,98.73333333333333,1.4
1378144124,1,2399.999729,414.3999532073333,17.266666666666666,524288.0,145750.4,0.13333333333333333,250.2,98.73333333333333,1.3333333333333333
1378144424,1,2399.999729,385.5999564593333,16.066666666666666,524288.0,132468.8,0.7333333333333333,251.60000000000002,100.4,1.4
1378144724,1,2399.999729,379.19995718200005,15.8,524288.0,130720.8,0.0,250.73333333333335,98.46666666666667,1.1333333333333333
1378145024,1,2399.999729,471.9999467033334,19.666666666666668,524288.0,142255.2,7.266666666666667,285.79999999999995,128.53333333333333,1.8
1378145324,1,2399.999729,374.399957724,15.6,524288.0,152041.6,0.4666666666666667,247.46666666666667,96.66666666666667,1.2666666666666666
1378145624,1,2399.999729,358.39995953066665,14.933333333333332,524288.0,138411.2,0.33333333333333337,245.26666666666665,98.53333333333333,1.6
1378145924,1,2399.999729,367.99995844666665,15.333333333333332,524288.0,118488.0,0.3333333333333333,252.86666666666667,100.66666666666667,1.4
1378146224,1,2399.999729,366.3999586273334,15.266666666666667,524288.0,132119.2,0.2,257.6666666666667,99.13333333333334,1.4
1378146524,1,2399.999729,364.799958808,15.2,524288.0,118487.2,0.0,253.0,96.33333333333333,1.2666666666666666
1378146824,1,2399.999729,417.599952846,17.4,524288.0,141556.8,0.3333333333333333,263.8666666666667,105.8,1.2
1378147124,1,2399.999729,372.79995790466666,15.533333333333333,524288.0,149594.66666666666,2.8666666666666667,255.59999999999997,99.66666666666667,1.2
1378147424,1,2399.999729,385.5999564593333,16.066666666666666,524288.0,154138.13333333333,0.06666666666666667,249.33333333333334,97.93333333333334,1.2666666666666666
1378147724,1,2399.999729,428.79995158133335,17.866666666666667,524288.0,140157.86666666667,0.2,263.2,113.06666666666666,1.4
1378148024,1,2399.999729,502.3999432706667,20.933333333333334,524288.0,275772.5333333333,932.2,311.33333333333337,114.86666666666666,1.2
1378148324,1,2399.999729,419.1999526653334,17.46666666666667,524288.0,253753.33333333334,3.7333333333333334,252.8,102.66666666666667,1.2
1378148624,1,2399.999729,435.1999508586667,18.133333333333333,524288.0,170566.66666666666,17.933333333333334,288.8666666666667,134.4,1.7333333333333334
1378148924,1,2399.999729,391.99995573666666,16.333333333333332,524288.0,160429.6,6.8,260.6,105.33333333333333,1.2666666666666666
1378149224,1,2399.999729,380.7999570013334,15.866666666666667,524288.0,140507.46666666667,0.4666666666666667,255.46666666666664,100.2,1.8
1378149524,1,2399.999729,382.3999568206666,15.933333333333332,524288.0,148896.8,0.4,256.4,103.66666666666667,1.3333333333333333
1378149824,1,2399.999729,406.39995411066667,16.933333333333334,524288.0,163576.53333333333,18.4,257.6,103.6,1.4666666666666666
1378150124,1,2399.999729,379.19995718200005,15.8,524288.0,148196.8,0.2,251.06666666666666,98.8,1.3333333333333333
1378150424,1,2399.999729,385.5999564593333,16.066666666666666,524288.0,147148.53333333333,0.3333333333333333,255.2,105.06666666666666,1.3333333333333333
1378150724,1,2399.999729,399.9999548333334,16.666666666666668,524288.0,158333.06666666668,2.1333333333333333,251.39999999999998,99.2,1.1333333333333333
1378151024,1,2399.999729,367.99995844666665,15.333333333333332,524288.0,136663.2,0.33333333333333337,247.86666666666667,97.26666666666667,1.4
1378151324,1,2399.999729,371.1999580853333,15.466666666666667,524288.0,133168.0,0.13333333333333333,246.0,97.73333333333333,1.2666666666666666
1378151624,1,2399.999729,380.7999570013334,15.866666666666667,524288.0,160779.73333333334,4.733333333333333,252.6,99.2,1.3333333333333333
1378151924,1,2399.999729,364.799958808,15.2,524288.0,142953.86666666667,0.13333333333333333,241.73333333333335,96.6,1.3333333333333333
1378152224,1,2399.999729,420.7999524846666,17.53333333333333,524288.0,141906.13333333333,6.066666666666667,287.2,126.26666666666667,1.6
1378152525,1,2399.999729,395.1999553753334,16.46666666666667,524288.0,149945.06666666668,1.0666666666666667,256.93333333333334,98.86666666666666,1.2666666666666666
1378152825,1,2399.999729,454.3999486906667,18.933333333333334,524288.0,130371.2,0.3333333333333333,259.3333333333333,105.2,1.6666666666666667
1378153125,1,2399.999729,428.79995158133335,17.866666666666667,524288.0,158333.6,0.06666666666666667,268.93333333333334,114.86666666666666,1.4
1378153425,1,2399.999729,443.1999499553334,18.46666666666667,524288.0,160430.4,13.2,271.06666666666666,116.46666666666667,1.2666666666666666
1378153725,1,2399.999729,425.59995194266673,17.733333333333334,524288.0,145750.4,0.0,263.8666666666667,106.33333333333333,1.3333333333333333
1378154025,1,2399.999729,419.1999526653334,17.46666666666667,524288.0,160430.4,0.3333333333333333,269.1333333333333,113.53333333333333,1.5333333333333334
1378154325,1,2399.999729,406.39995411066667,16.933333333333334,524288.0,157284.0,2.0,267.6,108.06666666666666,1.4
1378154625,1,2399.999729,407.99995393000006,17.0,524288.0,154140.0,0.26666666666666666,261.4666666666667,107.8,1.5333333333333334
1378154925,1,2399.999729,411.1999535686667,17.133333333333333,524288.0,168469.06666666668,0.3333333333333333,263.1333333333333,105.13333333333334,1.2
1378155225,1,2399.999729,401.5999546526667,16.733333333333334,524288.0,150993.33333333334,0.6666666666666667,263.3333333333333,109.46666666666667,1.1333333333333333
1378155525,1,2399.999729,411.1999535686667,17.133333333333333,524288.0,148896.26666666666,0.2,264.33333333333337,108.06666666666666,1.2
1378155825,1,2399.999729,430.3999514006667,17.933333333333334,524288.0,151342.93333333332,6.266666666666667,290.0,129.33333333333334,1.6666666666666667
1378156125,1,2399.999729,366.3999586273334,15.266666666666667,524288.0,157984.0,0.6000000000000001,259.73333333333335,100.06666666666666,0.9333333333333333
1378156425,1,2399.999729,385.5999564593333,16.066666666666666,524288.0,135614.66666666666,0.06666666666666667,258.6,103.26666666666667,1.6
1378156725,1,2399.999729,388.79995609799994,16.2,524288.0,118486.93333333333,0.06666666666666667,266.26666666666665,105.53333333333333,1.2
1378157025,1,2399.999729,371.1999580853333,15.466666666666667,524288.0,136312.8,0.4666666666666667,258.0,100.73333333333333,1.2
1378157325,1,2399.999729,361.5999591693334,15.066666666666668,524288.0,119535.46666666666,0.06666666666666667,259.93333333333334,96.6,1.2666666666666666
1378157625,1,2399.999729,374.399957724,15.6,524288.0,136662.66666666666,0.4666666666666667,258.8666666666667,103.0,1.2666666666666666
1378157925,1,2399.999729,377.59995736266666,15.733333333333333,524288.0,141905.33333333334,2.0,260.6,96.8,1.2
1378158225,1,2399.999729,502.3999432706667,20.933333333333334,524288.0,121982.4,0.3333333333333333,251.86666666666667,97.46666666666667,1.0666666666666667
1378158525,1,2399.999729,572.7999353213334,23.866666666666664,524288.0,141206.66666666666,0.0,251.33333333333331,97.53333333333333,1.0
1378158825,1,2399.999729,451.199949052,18.8,524288.0,146798.4,0.5333333333333333,259.8,101.0,1.2666666666666666
1378159125,1,2399.999729,377.59995736266666,15.733333333333333,524288.0,140158.93333333332,0.3333333333333333,259.8666666666667,98.53333333333333,1.0
1378159425,1,2399.999729,481.59994561933337,20.066666666666666,524288.0,173012.8,14.8,313.0,154.8,1.7333333333333334
1378159725,1,2399.999729,351.9999602533334,14.666666666666668,524288.0,200276.0,1.6666666666666665,286.2,99.2,1.0666666666666667
1378160025,1,2399.999729,340.799961518,14.2,524288.0,148896.8,1.2666666666666666,270.2,93.93333333333334,1.4666666666666666
1378160325,1,2399.999729,356.7999597113334,14.866666666666667,524288.0,138410.4,0.2,274.66666666666663,95.0,1.0666666666666667
1378160625,1,2399.999729,391.99995573666666,16.333333333333332,524288.0,146799.2,0.5333333333333333,275.53333333333336,99.33333333333333,1.0666666666666667
1378160925,1,2399.999729,399.9999548333334,16.666666666666668,524288.0,125826.4,0.2,283.0,112.13333333333334,1.1333333333333333
1378161225,1,2399.999729,399.9999548333334,16.666666666666668,524288.0,164624.0,0.13333333333333333,279.93333333333334,105.13333333333334,1.1333333333333333
1378161525,1,2399.999729,387.19995627866666,16.133333333333333,524288.0,142604.8,2.2666666666666666,282.33333333333337,110.46666666666667,1.0666666666666667
1378161825,1,2399.999729,369.59995826600004,15.4,524288.0,126177.06666666667,0.0,266.4666666666667,96.53333333333333,1.0666666666666667
1378162125,1,2399.999729,374.399957724,15.6,524288.0,125827.2,0.0,265.73333333333335,98.06666666666666,0.9333333333333333
1378162425,1,2399.999729,358.39995953066665,14.933333333333332,524288.0,135264.8,0.5333333333333333,268.8666666666667,96.06666666666666,0.9333333333333333
1378162725,1,2399.999729,356.7999597113334,14.866666666666667,524288.0,145050.93333333332,0.06666666666666667,271.2,94.0,1.0
1378163025,1,2399.999729,534.3999396573333,22.266666666666666,524288.0,189441.06666666668,655.2666666666665,414.1333333333333,145.06666666666666,1.5333333333333334
1378163325,1,2399.999729,487.99994489666665,20.333333333333332,524288.0,267386.4,979.0666666666666,489.8,110.73333333333333,1.1333333333333333
1378163625,1,2399.999729,495.9999439933333,20.666666666666664,524288.0,369446.4,990.7333333333332,457.73333333333335,115.8,1.4666666666666666
1378163926,1,2399.999729,843.1999047886668,35.13333333333333,524288.0,371193.6,1354.2,400.4666666666667,99.46666666666667,1.0
1378164226,1,2399.999729,2507.199716895333,104.46666666666665,524288.0,370145.06666666665,2043.4,328.1333333333333,101.4,1.0666666666666667
1378164526,1,2399.999729,2535.999713643333,105.66666666666666,524288.0,322610.6666666667,2130.933333333333,336.46666666666664,96.86666666666666,1.0
1378164826,1,2399.999729,2484.7997194246673,103.53333333333335,524288.0,355465.3333333333,2141.0666666666666,340.8,104.86666666666666,1.0
1378165126,1,2399.999729,2486.3997192439997,103.6,524288.0,338338.6666666667,1391.4666666666667,318.26666666666665,100.13333333333334,1.0
1378165426,1,2399.999729,2615.99970461,109.0,524288.0,373291.4666666667,1223.6000000000001,279.93333333333334,99.0,1.0
1378165726,1,2399.999729,1975.9997768766668,82.33333333333334,524288.0,380980.26666666666,849.2666666666667,272.0,97.33333333333333,1.2
1378166026,1,2399.999729,2441.599724302667,101.73333333333333,524288.0,351620.26666666666,1225.2666666666667,287.4666666666667,98.46666666666667,1.0
1378166326,1,2399.999729,2643.199701538667,110.13333333333334,524288.0,397408.5333333333,1243.1333333333332,275.66666666666663,97.53333333333333,0.9333333333333333
1378166626,1,2399.999729,2660.799699551333,110.86666666666666,524288.0,408942.4,1294.6000000000001,360.93333333333334,154.26666666666668,1.5333333333333334
1378166926,1,2399.999729,2391.9997299033334,99.66666666666666,524288.0,353367.2,2002.9333333333334,407.3333333333333,137.13333333333333,0.9333333333333333
1378167226,1,2399.999729,2495.99971816,104.0,524288.0,304086.4,2095.866666666667,327.8,96.8,1.3333333333333333
1378167526,1,2399.999729,2587.1997078619997,107.8,524288.0,327152.8,2585.933333333334,366.6,96.6,1.0666666666666667
1378167826,1,2399.999729,2475.199720508667,103.13333333333334,524288.0,398457.6,2840.8,416.33333333333337,98.06666666666666,0.9333333333333333
1378168126,1,2399.999729,2633.599702622667,109.73333333333333,524288.0,401602.4,2884.0,409.46666666666664,94.2,0.8666666666666667
1378168426,1,2399.999729,2563.199710572,106.8,524288.0,429913.6,2658.4666666666667,408.93333333333334,105.06666666666666,1.0666666666666667
1378168726,1,2399.999729,959.9998916,40.0,524288.0,375388.0,475.6666666666667,291.5333333333333,96.6,0.9333333333333333
1378169026,1,2399.999729,313.5999645893334,13.066666666666668,524288.0,224044.0,1.6,263.93333333333334,95.2,1.0
1378169326,1,2399.999729,311.99996477,13.0,524288.0,154487.73333333334,0.6666666666666666,268.0,96.2,1.0
1378169627,1,2399.999729,321.599963686,13.4,524288.0,163227.46666666667,23.133333333333333,278.0,99.26666666666667,0.8666666666666667
1378169927,1,2399.999729,323.19996350533336,13.466666666666667,524288.0,134565.33333333334,0.26666666666666666,270.06666666666666,97.0,1.0
1378170227,1,2399.999729,361.5999591693334,15.066666666666668,524288.0,135613.86666666667,9.866666666666667,303.6666666666667,123.2,1.4
1378170527,1,2399.999729,321.599963686,13.4,524288.0,141207.2,0.4,275.0,98.26666666666667,1.1333333333333333
1378170827,1,2399.999729,326.39996314399997,13.6,524288.0,142604.53333333333,0.06666666666666667,271.06666666666666,97.6,1.4
1378171127,1,2399.999729,334.39996224066664,13.933333333333332,524288.0,123730.4,0.06666666666666667,278.73333333333335,100.53333333333333,1.2
1378171427,1,2399.999729,335.99996206000003,14.0,524288.0,142603.73333333334,0.0,281.4666666666667,101.46666666666667,1.2
1378171727,1,2399.999729,324.7999633246667,13.533333333333333,524288.0,139109.86666666667,0.06666666666666667,274.73333333333335,97.06666666666666,1.0
1378172027,1,2399.999729,337.59996187933336,14.066666666666668,524288.0,139458.93333333332,0.4,277.33333333333337,102.06666666666666,1.3333333333333333
1378172327,1,2399.999729,323.19996350533336,13.466666666666667,524288.0,131769.86666666667,3.7333333333333334,277.06666666666666,96.93333333333334,1.0
1378172627,1,2399.999729,318.39996404733336,13.266666666666667,524288.0,130022.13333333333,0.0,265.79999999999995,94.93333333333334,1.0666666666666667
1378172927,1,2399.999729,327.99996296333336,13.666666666666668,524288.0,133166.93333333332,0.2,269.2,98.46666666666667,1.1333333333333333
1378173227,1,2399.999729,327.99996296333336,13.666666666666668,524288.0,151342.66666666666,1.0666666666666667,276.4666666666667,97.93333333333334,1.0
1378173527,1,2399.999729,327.99996296333336,13.666666666666668,524288.0,137712.0,0.26666666666666666,270.2,96.86666666666666,1.1333333333333333
1378173827,1,2399.999729,662.399925204,27.6,524288.0,181053.06666666668,751.3333333333334,367.06666666666666,125.26666666666667,2.1333333333333333
1378174127,1,2399.999729,830.3999062340001,34.6,524288.0,284512.26666666666,9.0,393.2666666666667,95.26666666666667,1.3333333333333333
1378174427,1,2399.999729,468.79994706466664,19.53333333333333,524288.0,189790.4,374.20000000000005,296.4666666666667,99.06666666666666,1.4666666666666666
1378174727,1,2399.999729,641.5999275526667,26.733333333333334,524288.0,246762.66666666666,368.3333333333333,362.93333333333334,100.46666666666667,1.8666666666666667
1378175027,1,2399.999729,511.9999421866667,21.333333333333336,524288.0,243617.06666666668,880.8666666666667,465.8666666666667,114.86666666666666,1.4666666666666666
1378175327,1,2399.999729,404.79995429133334,16.866666666666667,524288.0,374340.0,6.933333333333334,287.6666666666667,96.46666666666667,1.0
1378175627,1,2399.999729,324.7999633246667,13.533333333333333,524288.0,243268.0,2.066666666666667,276.46666666666664,102.93333333333334,1.1333333333333333
1378175927,1,2399.999729,313.5999645893334,13.066666666666668,524288.0,200276.0,9.866666666666667,275.26666666666665,97.6,0.9333333333333333
1378176227,1,2399.999729,315.1999644086667,13.133333333333333,524288.0,174061.6,0.3333333333333333,267.6,97.6,1.3333333333333333
1378176527,1,2399.999729,310.39996495066663,12.933333333333332,524288.0,170916.0,0.5333333333333333,266.0,96.53333333333333,1.0
1378176827,1,2399.999729,311.99996477,13.0,524288.0,183499.2,19.666666666666668,275.0,98.46666666666667,0.8666666666666667
1378177127,1,2399.999729,308.79996513133335,12.866666666666667,524288.0,156585.6,0.2,263.46666666666664,94.26666666666667,0.9333333333333333
1378177427,1,2399.999729,339.19996169866664,14.133333333333333,524288.0,184896.8,15.066666666666666,303.06666666666666,118.33333333333333,1.4
1378177727,1,2399.999729,294.39996675733335,12.266666666666667,524288.0,189790.4,0.4,259.0,92.66666666666667,1.0
1378178027,1,2399.999729,307.199965312,12.8,524288.0,160780.0,1.0666666666666667,259.93333333333334,94.66666666666667,1.4
1378178327,1,2399.999729,310.39996495066663,12.933333333333332,524288.0,149245.6,0.06666666666666667,255.13333333333333,95.26666666666667,1.0666666666666667
1378178627,1,2399.999729,316.79996422799996,13.2,524288.0,157634.13333333333,1.2,262.4,96.2,1.0666666666666667
1378178927,1,2399.999729,305.5999654926667,12.733333333333333,524288.0,137361.33333333334,0.06666666666666667,261.5333333333333,94.46666666666667,1.0
1378179227,1,2399.999729,321.599963686,13.4,524288.0,154838.66666666666,0.2,267.06666666666666,100.86666666666666,1.0666666666666667
1378179528,1,2399.999729,310.39996495066663,12.933333333333332,524288.0,152041.06666666668,2.1333333333333333,265.26666666666665,96.86666666666666,1.0
1378179828,1,2399.999729,318.39996404733336,13.266666666666667,524288.0,139458.4,0.2,262.1333333333333,95.6,0.9333333333333333
1378180128,1,2399.999729,316.79996422799996,13.2,524288.0,140507.46666666667,0.2,265.5333333333333,97.53333333333333,1.0
1378180428,1,2399.999729,313.5999645893334,13.066666666666668,524288.0,149594.93333333332,0.5333333333333333,267.8666666666667,96.4,0.9333333333333333
1378180728,1,2399.999729,329.5999627826667,13.733333333333333,524288.0,149944.8,0.06666666666666667,264.66666666666663,96.6,0.9333333333333333
1378181028,1,2399.999729,627.1999291786668,26.133333333333336,524288.0,149944.0,5.733333333333333,340.8666666666667,163.6,1.5333333333333334
1378181328,1,2399.999729,495.9999439933333,20.666666666666664,524288.0,166022.4,8.333333333333332,279.26666666666665,103.33333333333333,1.0
1378181628,1,2399.999729,486.3999450773333,20.266666666666666,524288.0,141555.46666666667,0.3333333333333333,294.0,121.4,1.3333333333333333
1378181928,1,2399.999729,476.79994616133337,19.866666666666667,524288.0,138410.4,0.26666666666666666,293.8,119.46666666666667,1.0
1378182228,1,2399.999729,412.799953388,17.2,524288.0,155186.4,1.2666666666666666,274.4,103.06666666666666,0.9333333333333333
1378182528,1,2399.999729,372.79995790466666,15.533333333333333,524288.0,130021.6,0.13333333333333333,265.3333333333333,95.66666666666667,0.8666666666666667
1378182828,1,2399.999729,382.3999568206666,15.933333333333332,524288.0,127575.46666666666,0.2,268.0,99.0,0.8666666666666667
1378183128,1,2399.999729,380.7999570013334,15.866666666666667,524288.0,138410.4,3.8000000000000003,267.06666666666666,96.66666666666667,0.9333333333333333
1378183428,1,2399.999729,377.59995736266666,15.733333333333333,524288.0,138411.2,0.26666666666666666,262.8666666666667,95.2,0.8666666666666667
1378183728,1,2399.999729,380.7999570013334,15.866666666666667,524288.0,142254.93333333332,0.0,262.46666666666664,94.73333333333333,0.9333333333333333
1378184028,1,2399.999729,399.9999548333334,16.666666666666668,524288.0,126526.66666666667,0.13333333333333333,269.4,97.8,1.0
1378184328,1,2399.999729,380.7999570013334,15.866666666666667,524288.0,146099.46666666667,0.2,267.8666666666667,96.33333333333333,1.0
1378184628,1,2399.999729,460.79994796799997,19.2,524288.0,145751.2,10.466666666666667,293.1333333333333,119.13333333333334,1.3333333333333333
1378184928,1,2399.999729,409.59995374933334,17.066666666666666,524288.0,155187.73333333334,1.8666666666666667,270.0,94.73333333333333,1.0
1378185228,1,2399.999729,423.99995212333334,17.666666666666668,524288.0,133167.2,0.3333333333333333,268.53333333333336,97.13333333333334,1.4
1378185528,1,2399.999729,406.39995411066667,16.933333333333334,524288.0,137012.0,0.13333333333333333,271.40000000000003,97.46666666666667,1.0
1378185828,1,2399.999729,414.3999532073333,17.266666666666666,524288.0,149944.26666666666,13.933333333333334,277.06666666666666,99.33333333333333,1.0
1378186128,1,2399.999729,423.99995212333334,17.666666666666668,524288.0,132818.66666666666,0.06666666666666667,267.0,94.26666666666667,1.0
1378186428,1,2399.999729,420.7999524846666,17.53333333333333,524288.0,144702.4,0.4,277.1333333333333,104.86666666666666,1.2
1378186728,1,2399.999729,407.99995393000006,17.0,524288.0,150294.93333333332,2.1333333333333333,273.06666666666666,97.6,1.0666666666666667
1378187028,1,2399.999729,422.399952304,17.6,524288.0,149944.8,0.06666666666666667,269.93333333333334,100.86666666666666,0.9333333333333333
1378187328,1,2399.999729,412.799953388,17.2,524288.0,142604.0,0.2,259.06666666666666,96.0,1.0666666666666667
1378187628,1,2399.999729,403.199954472,16.8,524288.0,139459.2,0.33333333333333337,267.5333333333333,97.73333333333333,1.0
1378187928,1,2399.999729,404.79995429133334,16.866666666666667,524288.0,138410.4,0.13333333333333333,260.4,95.6,1.0
1378188229,1,2399.999729,462.39994778733336,19.266666666666666,524288.0,147847.73333333334,7.333333333333334,293.0,120.6,1.5333333333333334
1378188529,1,2399.999729,398.39995501400006,16.6,524288.0,168819.2,7.866666666666666,260.0,93.93333333333334,1.2
1378188829,1,2399.999729,423.99995212333334,17.666666666666668,524288.0,143652.8,0.4666666666666667,271.1333333333333,100.06666666666666,1.4666666666666666
1378189129,1,2399.999729,435.1999508586667,18.133333333333333,524288.0,133168.8,0.13333333333333333,268.26666666666665,98.53333333333333,1.0666666666666667
1378189429,1,2399.999729,407.99995393000006,17.0,524288.0,156236.26666666666,0.7333333333333334,270.06666666666666,97.53333333333333,1.1333333333333333
1378189729,1,2399.999729,409.59995374933334,17.066666666666666,524288.0,150993.33333333334,0.3333333333333333,267.33333333333337,96.06666666666666,1.3333333333333333
1378190029,1,2399.999729,433.5999510393333,18.066666666666666,524288.0,146449.06666666668,0.2,275.1333333333333,103.4,1.3333333333333333
1378190329,1,2399.999729,465.59994742599997,19.4,524288.0,146798.13333333333,2.466666666666667,279.93333333333334,102.0,1.1333333333333333
1378190629,1,2399.999729,447.99994941333335,18.666666666666668,524288.0,118836.8,0.0,277.8666666666667,101.53333333333333,1.2
1378190929,1,2399.999729,441.59995013599996,18.4,524288.0,130721.06666666667,0.13333333333333333,275.5333333333333,99.8,1.2
1378191229,1,2399.999729,729.599917616,30.4,524288.0,150294.93333333332,0.7333333333333334,446.8,296.46666666666664,2.6
1378191529,1,2399.999729,1476.7998332446668,61.53333333333333,524288.0,213906.66666666666,0.13333333333333333,797.2,653.6666666666666,2.933333333333333
1378191829,1,2399.999729,1217.5998625126665,50.73333333333333,524288.0,298493.06666666665,253.26666666666668,646.9333333333333,470.8666666666667,3.4
1378192129,1,2399.999729,606.3999315273334,25.266666666666666,524288.0,262142.4,9.133333333333333,355.3333333333333,187.66666666666666,1.7333333333333334
1378192429,1,2399.999729,524.7999407413332,21.866666666666664,524288.0,178256.0,1.2666666666666666,308.4,136.93333333333334,1.8
1378192729,1,2399.999729,446.3999495940001,18.6,524288.0,146798.4,0.5333333333333333,281.93333333333334,109.0,1.1333333333333333
1378193029,1,2399.999729,457.59994832933336,19.066666666666666,524288.0,163227.2,17.46666666666667,275.73333333333335,100.93333333333334,1.0666666666666667
1378193329,1,2399.999729,430.3999514006667,17.933333333333334,524288.0,141556.26666666666,0.2,275.8666666666667,103.8,1.0666666666666667
1378193629,1,2399.999729,515.1999418253333,21.466666666666665,524288.0,132118.4,0.7333333333333333,288.33333333333337,116.26666666666667,1.4
1378193929,1,2399.999729,460.79994796799997,19.2,524288.0,135613.86666666667,4.0,289.26666666666665,110.86666666666666,1.2
1378194229,1,2399.999729,460.79994796799997,19.2,524288.0,154488.26666666666,0.3333333333333333,289.3333333333333,115.0,1.0666666666666667
1378194529,1,2399.999729,447.99994941333335,18.666666666666668,524288.0,127924.8,0.06666666666666667,282.3333333333333,107.86666666666666,1.0666666666666667
1378194829,1,2399.999729,489.599944716,20.4,524288.0,141205.6,1.0,278.06666666666666,106.6,1.1333333333333333
1378195129,1,2399.999729,443.1999499553334,18.46666666666667,524288.0,140508.0,0.13333333333333333,268.06666666666666,101.86666666666666,1.2
1378195429,1,2399.999729,647.99992683,27.0,524288.0,207965.86666666667,171.53333333333333,331.6,143.06666666666666,2.533333333333333
1378195729,1,2399.999729,564.7999362246668,23.533333333333335,524288.0,196432.26666666666,1.3333333333333333,295.93333333333334,112.66666666666667,1.6
1378196029,1,2399.999729,639.9999277333333,26.666666666666664,524288.0,170566.4,0.8,319.6,157.2,1.7333333333333334
1378196329,1,2399.999729,665.5999248426666,27.733333333333334,524288.0,159380.8,11.733333333333333,366.4,192.6,2.2
1378196629,1,2399.999729,1479.9998328833335,61.66666666666667,524288.0,293250.4,399.33333333333337,696.2,352.6,10.4
1378196929,1,2399.999729,1052.7998811213336,43.86666666666667,524288.0,329251.2,1.5333333333333332,474.5333333333333,306.93333333333334,1.2666666666666666
1378197229,1,2399.999729,1167.9998681133336,48.66666666666667,524288.0,252356.26666666666,0.6,552.2,405.93333333333334,1.5333333333333334
1378197529,1,2399.999729,1225.5998616093334,51.06666666666667,524288.0,292550.4,11.666666666666668,607.5333333333333,464.0,1.2
1378197829,1,2399.999729,1260.7998576346668,52.53333333333333,524288.0,276821.6,1.6666666666666667,585.2,438.8666666666667,1.1333333333333333
1378198129,1,2399.999729,1211.1998632353334,50.46666666666667,524288.0,260743.46666666667,0.8666666666666667,548.4,396.73333333333335,1.2
1378198429,1,2399.999729,796.7999100280001,33.2,524288.0,274724.8,36.6,358.73333333333335,173.06666666666666,1.2
1378198730,1,2399.999729,1518.3998285473335,63.26666666666667,524288.0,247112.0,1.4666666666666666,887.8,774.2666666666667,0.9333333333333333
1378199030,1,2399.999729,1585.5998209593336,66.06666666666666,524288.0,330998.6666666667,270.8,524.0,331.3333333333333,1.8
1378199330,1,2399.999729,1273.5998561893334,53.06666666666667,524288.0,269132.5333333333,9.333333333333334,424.53333333333336,246.93333333333334,1.2
1378199630,1,2399.999729,692.7999217713333,28.866666666666664,524288.0,216354.4,1.0,325.0,141.86666666666667,2.533333333333333
1378199930,1,2399.999729,873.599901356,36.4,524288.0,191538.13333333333,0.7333333333333333,451.73333333333335,300.6666666666667,1.2666666666666666
1378200230,1,2399.999729,1331.1998496853332,55.46666666666667,524288.0,238025.6,21.0,476.93333333333334,304.46666666666664,1.2
1378200530,1,2399.999729,1435.199837942,59.8,524288.0,240121.6,0.7333333333333333,533.1333333333333,362.6,1.3333333333333333
1378200830,1,2399.999729,1129.5998724493336,47.06666666666667,524288.0,249559.2,1.1333333333333333,469.5333333333333,294.8,1.4
1378201130,1,2399.999729,558.3999369473333,23.266666666666666,524288.0,216353.6,7.066666666666666,299.8666666666667,117.0,1.1333333333333333
1378201430,1,2399.999729,905.5998977426668,37.733333333333334,524288.0,194684.0,0.8,519.2,353.93333333333334,1.2
1378201730,1,2399.999729,867.1999020786666,36.13333333333333,524288.0,175809.06666666668,0.4,369.8666666666667,195.13333333333333,1.7333333333333334
1378202030,1,2399.999729,721.5999185193333,30.066666666666666,524288.0,177207.73333333334,23.666666666666668,356.3333333333333,173.46666666666667,1.6
1378202330,1,2399.999729,505.5999429093333,21.066666666666666,524288.0,168818.66666666666,0.6,277.6666666666667,103.4,1.2
1378202630,1,2399.999729,657.5999257459999,27.4,524288.0,214607.2,248.0,374.20000000000005,179.33333333333334,1.6
1378202930,1,2399.999729,737.5999167126668,30.733333333333334,524288.0,231034.66666666666,8.4,384.0,218.73333333333332,1.2666666666666666
1378203230,1,2399.999729,895.9998988266667,37.333333333333336,524288.0,233131.73333333334,0.5333333333333333,452.53333333333336,288.3333333333333,1.5333333333333334
1378203530,1,2399.999729,1078.3998782306667,44.93333333333333,524288.0,244316.8,0.6666666666666666,476.33333333333337,317.4,1.4666666666666666
1378203830,1,2399.999729,1057.5998805793333,44.06666666666667,524288.0,265288.8,16.8,495.1333333333333,317.0,1.2666666666666666
1378204130,1,2399.999729,1155.1998695586667,48.13333333333333,524288.0,236625.86666666667,0.7333333333333333,505.0,329.26666666666665,1.1333333333333333
1378204430,1,2399.999729,1044.7998820246667,43.53333333333333,524288.0,267034.4,0.8666666666666667,458.4,294.0,1.5333333333333334
1378204730,1,2399.999729,761.5999140026668,31.733333333333334,524288.0,233131.46666666667,5.0,381.93333333333334,190.6,1.0666666666666667
1378205030,1,2399.999729,894.3998990073333,37.266666666666666,524288.0,188742.4,0.3333333333333333,380.26666666666665,213.73333333333332,1.4666666666666666
1378205330,1,2399.999729,828.7999064146666,34.53333333333333,524288.0,191537.6,0.4,415.06666666666666,250.86666666666667,1.2666666666666666
1378205630,1,2399.999729,1158.3998691973334,48.26666666666667,524288.0,245365.6,18.400000000000002,504.4666666666667,336.06666666666666,1.2666666666666666
1378205930,1,2399.999729,1062.3998800373336,44.26666666666667,524288.0,266336.8,0.7333333333333334,492.1333333333333,322.53333333333336,1.2666666666666666
1378206230,1,2399.999729,1759.9998012666665,73.33333333333333,524288.0,296744.8,437.0,719.1333333333333,355.3333333333333,16.066666666666666
1378206530,1,2399.999729,1476.7998332446668,61.53333333333333,524288.0,391465.86666666664,788.5333333333334,684.0,332.6,2.7333333333333334
1378206831,1,2399.999729,1055.99988076,44.0,524288.0,396010.4,921.9333333333334,619.6,264.6,3.1333333333333333
1378207131,1,2399.999729,809.5999085826667,33.733333333333334,524288.0,382727.73333333334,970.0,547.1333333333333,238.13333333333333,1.5333333333333334
1378207431,1,2399.999729,1271.99985637,53.0,524288.0,401952.5333333333,916.3333333333334,618.8666666666667,258.26666666666665,11.4
1378207731,1,2399.999729,1167.9998681133336,48.66666666666667,524288.0,388321.3333333333,767.4,632.4000000000001,224.2,10.333333333333334
1378208031,1,2399.999729,951.9998925033334,39.666666666666664,524288.0,402651.2,865.7333333333333,553.0,209.73333333333332,1.9333333333333333
1378208331,1,2399.999729,996.7998874446666,41.53333333333333,524288.0,378534.4,847.9999999999999,472.8666666666667,174.0,1.6
1378208631,1,2399.999729,1206.3998637773336,50.26666666666667,524288.0,404748.5333333333,877.9333333333333,538.7333333333333,297.6666666666667,1.5333333333333334
1378208931,1,2399.999729,1318.3998511306668,54.93333333333333,524288.0,412088.8,529.4666666666667,543.0666666666667,297.1333333333333,3.533333333333333
1378209231,1,2399.999729,1027.199884012,42.8,524288.0,382728.0,31.599999999999998,502.59999999999997,340.53333333333336,1.3333333333333333
1378209531,1,2399.999729,671.9999241200001,28.0,524288.0,322609.06666666665,1.0,343.33333333333337,167.33333333333334,1.2666666666666666
1378209831,1,2399.999729,577.5999347793334,24.066666666666666,524288.0,284512.5333333333,252.93333333333334,319.93333333333334,129.33333333333334,1.6666666666666667
1378210131,1,2399.999729,470.3999468840001,19.6,524288.0,243267.2,8.0,285.1333333333333,105.33333333333333,1.2
1378210431,1,2399.999729,471.9999467033334,19.666666666666668,524288.0,167770.66666666666,0.8,290.26666666666665,107.8,1.5333333333333334
1378210731,1,2399.999729,535.9999394766668,22.333333333333336,524288.0,155886.66666666666,0.8666666666666667,304.2,121.26666666666667,1.2
1378211031,1,2399.999729,492.7999443546667,20.533333333333335,524288.0,164624.8,15.533333333333333,292.1333333333333,108.33333333333333,1.4
1378211331,1,2399.999729,575.99993496,24.0,524288.0,138410.4,0.3333333333333333,310.0,127.93333333333334,1.0666666666666667
1378211631,1,2399.999729,649.5999266493334,27.066666666666666,524288.0,162527.2,0.3333333333333333,317.26666666666665,133.26666666666668,1.4666666666666666
1378211931,1,2399.999729,663.9999250233334,27.666666666666664,524288.0,157284.0,4.0,307.1333333333333,126.86666666666666,1.4
1378212231,1,2399.999729,595.199932792,24.8,524288.0,138410.4,0.4666666666666667,309.93333333333334,126.4,1.5333333333333334
1378212531,1,2399.999729,492.7999443546667,20.533333333333335,524288.0,159381.86666666667,0.3333333333333333,283.73333333333335,107.8,1.2666666666666666
1378212831,1,2399.999729,521.5999411026667,21.733333333333334,524288.0,155887.46666666667,1.2666666666666666,289.46666666666664,110.33333333333333,1.3333333333333333
1378213131,1,2399.999729,513.599942006,21.4,524288.0,149944.0,0.4,281.06666666666666,105.6,1.3333333333333333
1378213431,1,2399.999729,561.599936586,23.4,524288.0,232431.73333333334,177.46666666666667,329.06666666666666,133.4,1.7333333333333334
1378213731,1,2399.999729,710.3999197840001,29.6,524288.0,219499.2,1.0,419.8666666666667,252.26666666666668,2.8
1378214031,1,2399.999729,612.7999308046667,25.533333333333335,524288.0,175460.0,1.0,312.3333333333333,133.8,1.9333333333333333
1378214331,1,2399.999729,839.99990515,35.0,524288.0,157634.93333333332,0.4666666666666667,341.0,172.33333333333334,2.933333333333333
1378214631,1,2399.999729,865.5999022593334,36.06666666666666,524288.0,172314.13333333333,3.333333333333333,391.06666666666666,214.06666666666666,1.5333333333333334
1378214931,1,2399.999729,806.399908944,33.6,524288.0,180703.2,0.33333333333333337,371.0,192.53333333333333,1.3333333333333333
1378215231,1,2399.999729,779.1999120153334,32.46666666666667,524288.0,177208.8,0.4,349.4,181.33333333333334,1.2666666666666666
1378215531,1,2399.999729,684.7999226746667,28.533333333333335,524288.0,178256.8,4.266666666666667,338.6,163.33333333333334,1.2666666666666666
1378215831,1,2399.999729,678.3999233973333,28.266666666666666,524288.0,157284.0,0.5333333333333333,340.93333333333334,165.46666666666667,1.2666666666666666
1378216131,1,2399.999729,715.1999192420001,29.8,524288.0,156586.13333333333,0.26666666666666666,332.73333333333335,163.66666666666666,1.5333333333333334
1378216431,1,2399.999729,713.5999194226667,29.733333333333334,524288.0,158332.53333333333,19.933333333333334,337.26666666666665,160.73333333333332,1.4666666666666666
1378216731,1,2399.999729,660.7999253846667,27.533333333333335,524288.0,166372.26666666666,0.26666666666666666,326.33333333333337,150.13333333333333,1.3333333333333333
1378217031,1,2399.999729,1351.9998473366668,56.33333333333333,524288.0,227539.2,366.73333333333335,514.5333333333333,165.4,15.866666666666667
1378217331,1,2399.999729,1702.399807770667,70.93333333333334,524288.0,409991.2,3266.6,672.4,170.26666666666668,13.0
1378217631,1,2399.999729,1063.9998798566667,44.33333333333333,524288.0,437604.26666666666,783.5333333333333,543.8666666666666,160.93333333333334,3.7333333333333334
1378217932,1,2399.999729,708.7999199646667,29.533333333333335,524288.0,392165.6,772.7333333333333,498.6,162.0,2.066666666666667
1378218232,1,2399.999729,692.7999217713333,28.866666666666664,524288.0,389019.2,940.1333333333333,468.0666666666667,149.33333333333334,1.4666666666666666
1378218532,1,2399.999729,655.9999259266667,27.333333333333336,524288.0,411040.0,930.2666666666667,411.73333333333335,130.73333333333332,1.1333333333333333
1378218832,1,2399.999729,809.5999085826667,33.733333333333334,524288.0,403700.0,864.2666666666667,503.20000000000005,165.0,1.6
1378219132,1,2399.999729,755.1999147253333,31.466666666666665,524288.0,376786.93333333335,768.5999999999999,464.4,127.93333333333334,1.4
1378219432,1,2399.999729,823.9999069566668,34.333333333333336,524288.0,378185.3333333333,665.8666666666667,450.5333333333333,171.73333333333332,1.2666666666666666
1378219732,1,2399.999729,783.9999114733333,32.666666666666664,524288.0,370494.13333333336,688.4666666666666,448.8666666666667,145.33333333333334,1.4
1378220032,1,2399.999729,711.9999196033333,29.666666666666664,524288.0,369445.3333333333,801.8,377.0666666666667,122.2,1.1333333333333333
1378220332,1,2399.999729,1182.3998664873334,49.26666666666667,524288.0,373989.3333333333,528.1999999999999,546.4,211.86666666666667,13.666666666666666
1378220632,1,2399.999729,1198.3998646806667,49.93333333333333,524288.0,410689.86666666664,1678.6,620.0,186.66666666666666,12.533333333333333
1378220932,1,2399.999729,1012.7998856380001,42.2,524288.0,407195.73333333334,695.8000000000001,518.2666666666667,206.0,2.066666666666667
1378221232,1,2399.999729,830.3999062340001,34.6,524288.0,387972.0,789.0666666666666,450.0666666666666,156.73333333333332,1.6666666666666667
1378221532,1,2399.999729,961.5998914193333,40.06666666666666,524288.0,380632.0,996.5333333333333,501.8666666666667,189.06666666666666,1.4
1378221832,1,2399.999729,1063.9998798566667,44.33333333333333,524288.0,391117.6,882.0,536.9333333333333,166.86666666666667,11.2
1378222132,1,2399.999729,1073.5998787726667,44.73333333333333,524288.0,385524.5333333333,916.8,540.2,162.66666666666666,2.6
1378222432,1,2399.999729,763.1999138220001,31.8,524288.0,385874.6666666667,742.0000000000001,456.8666666666667,131.26666666666668,1.3333333333333333
1378222732,1,2399.999729,764.7999136413332,31.866666666666664,524288.0,373640.26666666666,866.5333333333334,438.4,130.46666666666667,1.2666666666666666
1378223032,1,2399.999729,719.9999187,30.0,524288.0,384126.4,952.7333333333332,395.73333333333335,117.13333333333334,1.2
1378223332,1,2399.999729,646.3999270106667,26.933333333333334,524288.0,377485.6,382.20000000000005,341.66666666666663,110.73333333333333,1.8666666666666667
1378223632,1,2399.999729,531.1999400186668,22.133333333333336,524288.0,318765.06666666665,30.53333333333333,275.93333333333334,111.06666666666666,1.1333333333333333
1378223932,1,2399.999729,489.599944716,20.4,524288.0,262142.4,1.2666666666666666,263.4666666666667,100.2,1.0666666666666667
1378224232,1,2399.999729,551.99993767,23.0,524288.0,237675.2,9.8,302.0,128.26666666666668,1.5333333333333334
1378224532,1,2399.999729,468.79994706466664,19.53333333333333,524288.0,257948.8,7.8,255.39999999999998,96.13333333333334,1.3333333333333333
1378224832,1,2399.999729,519.9999412833333,21.666666666666664,524288.0,226490.4,0.4,268.8666666666667,107.73333333333333,1.6666666666666667
1378225132,1,2399.999729,535.9999394766668,22.333333333333336,524288.0,216004.0,0.5333333333333333,272.73333333333335,112.46666666666667,1.2666666666666666
1378225432,1,2399.999729,534.3999396573333,22.266666666666666,524288.0,222295.2,22.666666666666664,287.73333333333335,117.86666666666666,1.4
1378225732,1,2399.999729,508.79994254800005,21.2,524288.0,204471.2,0.4,281.1333333333333,111.6,1.2
1378226032,1,2399.999729,814.3999080406668,33.93333333333334,524288.0,205169.33333333334,0.4,425.3333333333333,274.6,2.6
1378226332,1,2399.999729,1590.3998204173333,66.26666666666667,524288.0,263191.73333333334,4.466666666666667,814.8666666666667,694.8,3.466666666666667
1378226632,1,2399.999729,1260.7998576346668,52.53333333333333,524288.0,284511.73333333334,0.8,623.5333333333333,486.8,2.533333333333333
1378226932,1,2399.999729,783.9999114733333,32.666666666666664,524288.0,228237.6,1.2666666666666666,382.8,226.4,1.6666666666666667
1378227232,1,2399.999729,516.7999416446668,21.533333333333335,524288.0,176509.06666666668,28.866666666666667,267.3333333333333,102.33333333333333,1.2
1378227533,1,2399.999729,497.59994381266665,20.733333333333334,524288.0,147848.0,0.6,261.6666666666667,98.46666666666667,1.2666666666666666
1378227833,1,2399.999729,599.99993225,25.0,524288.0,156235.2,10.733333333333333,301.3333333333333,126.86666666666666,1.7333333333333334
1378228133,1,2399.999729,489.599944716,20.4,524288.0,150993.6,7.4,260.5333333333333,98.4,1.2
1378228433,1,2399.999729,515.1999418253333,21.466666666666665,524288.0,141556.0,0.3333333333333333,270.1333333333333,104.73333333333333,1.7333333333333334
1378228733,1,2399.999729,519.9999412833333,21.666666666666664,524288.0,133867.2,0.26666666666666666,272.93333333333334,104.4,1.4
1378229033,1,2399.999729,483.1999454386667,20.133333333333333,524288.0,149944.8,11.8,268.4666666666667,105.46666666666667,1.4666666666666666
1378229333,1,2399.999729,495.9999439933333,20.666666666666664,524288.0,135964.0,0.4,261.5333333333333,100.2,1.3333333333333333
1378229633,1,2399.999729,499.19994363200004,20.8,524288.0,132817.6,0.2,275.4666666666667,109.13333333333334,1.4
1378229933,1,2399.999729,507.19994272866677,21.133333333333336,524288.0,133867.46666666667,3.0,268.93333333333334,103.2,1.4
1378230233,1,2399.999729,468.79994706466664,19.53333333333333,524288.0,141207.46666666667,0.06666666666666667,263.1333333333333,99.73333333333333,1.4
1378230533,1,2399.999729,471.9999467033334,19.666666666666668,524288.0,146449.86666666667,0.06666666666666667,260.4666666666667,99.13333333333334,1.4
1378230833,1,2399.999729,476.79994616133337,19.866666666666667,524288.0,162876.26666666666,1.2666666666666666,265.5333333333333,100.46666666666667,1.3333333333333333
1378231133,1,2399.999729,460.79994796799997,19.2,524288.0,154838.4,0.3333333333333333,260.3333333333333,97.6,1.2666666666666666
1378231433,1,2399.999729,511.9999421866667,21.333333333333336,524288.0,144701.6,7.466666666666667,296.06666666666666,125.6,1.8
1378231733,1,2399.999729,446.3999495940001,18.6,524288.0,149945.06666666668,1.0,258.6666666666667,95.06666666666666,1.1333333333333333
1378232033,1,2399.999729,460.79994796799997,19.2,524288.0,150294.4,0.6666666666666666,264.93333333333334,100.86666666666666,1.6666666666666667
1378232333,1,2399.999729,481.59994561933337,20.066666666666666,524288.0,128972.8,0.2,266.6,100.86666666666666,1.2
1378232633,1,2399.999729,449.5999492326667,18.733333333333334,524288.0,126875.2,0.3333333333333333,263.93333333333334,98.86666666666666,1.1333333333333333
1378232933,1,2399.999729,433.5999510393333,18.066666666666666,524288.0,138410.4,0.4,267.4,98.53333333333333,1.2666666666666666
1378233233,1,2399.999729,483.1999454386667,20.133333333333333,524288.0,137362.4,0.0,270.53333333333336,107.73333333333333,1.2666666666666666
1378233533,1,2399.999729,451.199949052,18.8,524288.0,128973.6,3.0,269.6,100.93333333333334,1.2
1378233833,1,2399.999729,451.199949052,18.8,524288.0,142953.6,0.2,262.6666666666667,99.4,1.2666666666666666
1378234133,1,2399.999729,534.3999396573333,22.266666666666666,524288.0,141555.46666666667,0.26666666666666666,271.20000000000005,110.66666666666667,1.2666666666666666
1378234433,1,2399.999729,596.7999326113332,24.866666666666664,524288.0,148545.86666666667,0.6000000000000001,279.3333333333333,117.93333333333334,1.4
1378234733,1,2399.999729,500.7999434513333,20.866666666666664,524288.0,141206.93333333332,0.4666666666666667,261.6,101.86666666666666,1.2666666666666666
1378235033,1,2399.999729,547.199938212,22.8,524288.0,149944.8,7.133333333333333,302.2,136.6,1.6666666666666667
1378235333,1,2399.999729,454.3999486906667,18.933333333333334,524288.0,145401.33333333334,0.39999999999999997,261.8,101.66666666666667,1.2666666666666666
1378235633,1,2399.999729,491.19994453533343,20.46666666666667,524288.0,144002.4,0.13333333333333333,262.66666666666663,100.93333333333334,1.7333333333333334
1378235933,1,2399.999729,484.799945258,20.2,524288.0,124079.46666666666,0.13333333333333333,265.4,104.46666666666667,1.2
1378236233,1,2399.999729,463.9999476066667,19.333333333333332,524288.0,161130.4,0.5333333333333333,266.26666666666665,99.4,1.2
1378236533,1,2399.999729,462.39994778733336,19.266666666666666,524288.0,128972.8,0.2,270.3333333333333,101.8,1.1333333333333333
1378236834,1,2399.999729,475.19994634200003,19.8,524288.0,151343.2,0.3333333333333333,265.5333333333333,102.13333333333334,1.5333333333333334
1378237134,1,2399.999729,446.3999495940001,18.6,524288.0,152040.8,2.8666666666666667,260.73333333333335,98.33333333333333,1.4
1378237434,1,2399.999729,463.9999476066667,19.333333333333332,524288.0,138410.4,0.13333333333333333,262.1333333333333,98.8,1.2666666666666666
1378237734,1,2399.999729,428.79995158133335,17.866666666666667,524288.0,149944.8,0.2,253.39999999999998,95.66666666666667,1.2666666666666666
1378238034,1,2399.999729,463.9999476066667,19.333333333333332,524288.0,154139.2,0.7333333333333334,259.2,98.33333333333333,1.3333333333333333
1378238334,1,2399.999729,446.3999495940001,18.6,524288.0,159381.6,0.3333333333333333,260.4,95.93333333333334,1.3333333333333333
1378238634,1,2399.999729,547.199938212,22.8,524288.0,154838.4,7.333333333333333,299.26666666666665,126.66666666666667,1.8
1378238934,1,2399.999729,439.9999503166666,18.333333333333332,524288.0,166722.4,0.6000000000000001,252.39999999999998,95.66666666666667,1.4
1378239234,1,2399.999729,478.39994598066664,19.933333333333334,524288.0,141556.0,0.2,265.6666666666667,105.13333333333334,1.5333333333333334
1378239534,1,2399.999729,463.9999476066667,19.333333333333332,524288.0,142954.4,0.2,268.59999999999997,107.0,1.3333333333333333
1378239834,1,2399.999729,529.5999401993333,22.066666666666666,524288.0,142254.93333333332,13.0,270.8,108.46666666666667,1.1333333333333333
1378240134,1,2399.999729,470.3999468840001,19.6,524288.0,125828.0,0.26666666666666666,264.93333333333334,105.06666666666666,1.2
1378240434,1,2399.999729,532.799939838,22.2,524288.0,140507.73333333334,0.2,279.0,112.93333333333334,1.3333333333333333
1378240734,1,2399.999729,473.5999465226667,19.733333333333334,524288.0,132818.66666666666,2.6,266.6,104.66666666666667,1.2
1378241034,1,2399.999729,518.3999414640001,21.6,524288.0,124778.93333333333,0.13333333333333333,265.73333333333335,105.6,1.2
1378241334,1,2399.999729,468.79994706466664,19.53333333333333,524288.0,126525.86666666667,0.3333333333333333,266.1333333333333,104.53333333333333,1.2666666666666666
1378241634,1,2399.999729,511.9999421866667,21.333333333333336,524288.0,134565.6,0.6,270.6666666666667,105.46666666666667,1.2
1378241934,1,2399.999729,465.59994742599997,19.4,524288.0,126876.0,0.13333333333333333,267.0,105.53333333333333,1.1333333333333333
1378242234,1,2399.999729,563.1999364053333,23.466666666666665,524288.0,163576.0,10.066666666666666,296.2,126.0,1.5333333333333334
1378242534,1,2399.999729,433.5999510393333,18.066666666666666,524288.0,163576.0,7.733333333333333,265.0,98.4,1.1333333333333333
1378242834,1,2399.999729,508.79994254800005,21.2,524288.0,156236.0,0.33333333333333337,276.8,107.2,1.4666666666666666
1378243134,1,2399.999729,449.5999492326667,18.733333333333334,524288.0,136313.33333333334,0.3333333333333333,268.8,103.6,1.2
1378243434,1,2399.999729,476.79994616133337,19.866666666666667,524288.0,142604.53333333333,0.2,266.6,101.6,1.0666666666666667
1378243734,1,2399.999729,439.9999503166666,18.333333333333332,524288.0,143302.93333333332,0.2,265.3333333333333,98.26666666666667,1.2
1378244034,1,2399.999729,475.19994634200003,19.8,524288.0,154837.86666666667,0.2,266.93333333333334,101.6,1.0666666666666667
1378244334,1,2399.999729,423.99995212333334,17.666666666666668,524288.0,144352.0,3.533333333333333,258.6666666666667,94.26666666666667,1.2
1378244634,1,2399.999729,439.9999503166666,18.333333333333332,524288.0,145401.06666666668,0.13333333333333333,256.6666666666667,97.6,1.2
1378244934,1,2399.999729,425.59995194266673,17.733333333333334,524288.0,140507.46666666667,0.06666666666666667,255.4,95.0,1.2
1378245234,1,2399.999729,447.99994941333335,18.666666666666668,524288.0,158332.53333333333,0.7333333333333333,259.1333333333333,97.46666666666667,1.2666666666666666
1378245534,1,2399.999729,422.399952304,17.6,524288.0,161828.26666666666,0.26666666666666666,259.26666666666665,94.4,1.2666666666666666
1378245834,1,2399.999729,553.5999374893333,23.066666666666666,524288.0,168818.66666666666,10.6,288.53333333333336,139.73333333333332,1.7333333333333334
1378246134,1,2399.999729,412.799953388,17.2,524288.0,154837.86666666667,2.8000000000000003,264.73333333333335,97.46666666666667,1.0666666666666667
1378246434,1,2399.999729,465.59994742599997,19.4,524288.0,146448.26666666666,0.4666666666666667,255.4,98.46666666666667,1.4666666666666666
1378246734,1,2399.999729,415.9999530266666,17.333333333333332,524288.0,138410.93333333332,0.26666666666666666,256.4666666666667,96.06666666666666,1.1333333333333333
1378247034,1,2399.999729,467.19994724533336,19.46666666666667,524288.0,151342.93333333332,0.2,254.26666666666665,96.46666666666667,1.1333333333333333
1378247334,1,2399.999729,425.59995194266673,17.733333333333334,524288.0,139459.46666666667,0.2,254.2,100.8,1.0
1378247634,1,2399.999729,539.1999391153333,22.466666666666665,524288.0,121633.6,0.06666666666666667,271.06666666666666,119.8,1.0666666666666667
1378247935,1,2399.999729,423.99995212333334,17.666666666666668,524288.0,146797.6,3.066666666666667,248.39999999999998,95.06666666666666,1.0666666666666667
1378248235,1,2399.999729,513.599942006,21.4,524288.0,140507.2,0.06666666666666667,256.0,108.53333333333333,0.9333333333333333
1378248535,1,2399.999729,420.7999524846666,17.53333333333333,524288.0,140508.8,0.06666666666666667,244.46666666666667,96.0,0.9333333333333333
1378248835,1,2399.999729,462.39994778733336,19.266666666666666,524288.0,152041.6,0.6666666666666667,251.66666666666666,98.4,0.9333333333333333
1378249135,1,2399.999729,431.99995122,18.0,524288.0,137361.33333333334,0.3333333333333333,248.2,94.4,1.0666666666666667
1378249435,1,2399.999729,652.7999262879999,27.2,524288.0,198528.0,624.2666666666667,388.66666666666663,148.93333333333334,1.4
1378249735,1,2399.999729,611.1999309853334,25.466666666666665,524288.0,321211.73333333334,1024.0666666666668,479.4,115.53333333333333,1.0
1378250035,1,2399.999729,651.1999264686667,27.133333333333336,524288.0,358609.86666666664,1123.6000000000001,453.06666666666666,114.4,1.4666666666666666
1378250335,1,2399.999729,1191.9998654033336,49.66666666666667,524288.0,367697.6,1447.9333333333332,362.53333333333336,99.53333333333333,1.0
1378250635,1,2399.999729,2297.5997405626667,95.73333333333333,524288.0,358261.3333333333,1820.5333333333335,313.73333333333335,101.93333333333334,1.0
1378250935,1,2399.999729,2311.999738936667,96.33333333333334,524288.0,319113.3333333333,1746.9333333333334,304.06666666666666,96.8,0.9333333333333333
1378251235,1,2399.999729,2252.7997456213334,93.86666666666666,524288.0,309677.6,1781.0666666666668,300.79999999999995,104.6,1.2
1378251536,1,2399.999729,2215.9997497766667,92.33333333333334,524288.0,375389.06666666665,1621.3333333333333,322.8666666666667,96.8,1.0666666666666667
1378251836,1,2399.999729,2342.399735504,97.6,524288.0,309676.8,1053.7333333333331,256.2,100.06666666666666,1.1333333333333333
1378252136,1,2399.999729,2369.5997324326668,98.73333333333333,524288.0,353717.06666666665,1080.8000000000002,250.4,96.86666666666666,1.1333333333333333
1378252436,1,2399.999729,2367.9997326133334,98.66666666666666,524288.0,387971.2,1150.8666666666668,267.4,99.06666666666666,1.0
1378252736,1,2399.999729,2454.3997228573335,102.26666666666667,524288.0,375388.0,1185.0,262.1333333333333,94.8,1.0666666666666667
1378253036,1,2399.999729,2207.99975068,92.0,524288.0,379583.2,857.2666666666667,432.79999999999995,269.3333333333333,1.5333333333333334
1378253336,1,2399.999729,2383.9997308066672,99.33333333333334,524288.0,375389.6,1091.8,274.93333333333334,109.73333333333333,0.8666666666666667
1378253636,1,2399.999729,2236.799747428,93.2,524288.0,360708.8,1220.6666666666665,337.2,137.2,1.3333333333333333
1378253936,1,2399.999729,2238.3997472473334,93.26666666666667,524288.0,266336.8,1792.5333333333335,338.8,97.8,1.0666666666666667
1378254236,1,2399.999729,2300.7997402013334,95.86666666666666,524288.0,249559.2,1769.0666666666668,307.8666666666667,99.8,1.0666666666666667
1378254536,1,2399.999729,2329.5997369493334,97.06666666666666,524288.0,297793.6,2300.266666666667,349.0,92.73333333333333,1.0666666666666667
1378254836,1,2399.999729,2302.3997400206667,95.93333333333334,524288.0,400554.13333333336,2849.9333333333334,409.0,103.06666666666666,1.4
1378255136,1,2399.999729,2340.7997356846668,97.53333333333335,524288.0,413137.3333333333,2731.0,396.66666666666663,93.33333333333333,1.3333333333333333
1378255436,1,2399.999729,2268.799743814667,94.53333333333335,524288.0,420127.73333333334,2399.4666666666667,372.4666666666667,96.4,0.9333333333333333
1378255736,1,2399.999729,2249.5997459826667,93.73333333333333,524288.0,414185.86666666664,1936.4,341.26666666666665,96.13333333333334,1.0666666666666667
1378256036,1,2399.999729,665.5999248426666,27.733333333333334,524288.0,329250.6666666667,127.26666666666665,260.6,98.4,1.0
1378256336,1,2399.999729,436.799950678,18.2,524288.0,196082.4,0.6,247.2,93.66666666666667,1.0
1378256636,1,2399.999729,515.1999418253333,21.466666666666665,524288.0,148196.26666666666,10.8,301.59999999999997,136.06666666666666,2.0
1378256936,1,2399.999729,483.1999454386667,20.133333333333333,524288.0,156585.6,0.26666666666666666,260.1333333333333,105.53333333333333,1.2666666666666666
1378257236,1,2399.999729,460.79994796799997,19.2,524288.0,145400.26666666666,0.13333333333333333,257.0,100.73333333333333,1.4666666666666666
1378257536,1,2399.999729,452.7999488713334,18.866666666666667,524288.0,127575.2,0.4,251.4666666666667,97.6,1.0
1378257836,1,2399.999729,454.3999486906667,18.933333333333334,524288.0,130021.6,0.06666666666666667,251.4666666666667,97.66666666666667,1.0
1378258136,1,2399.999729,451.199949052,18.8,524288.0,126875.2,0.0,251.86666666666667,94.53333333333333,1.1333333333333333
1378258436,1,2399.999729,451.199949052,18.8,524288.0,136312.8,0.2,255.4,99.6,1.2666666666666666
1378258736,1,2399.999729,476.79994616133337,19.866666666666667,524288.0,147848.0,2.9333333333333336,255.86666666666667,97.73333333333333,1.2
1378259036,1,2399.999729,478.39994598066664,19.933333333333334,524288.0,133516.8,0.5333333333333333,257.26666666666665,98.2,1.2666666666666666
1378259336,1,2399.999729,467.19994724533336,19.46666666666667,524288.0,139458.66666666666,0.2,247.26666666666668,97.93333333333334,1.1333333333333333
1378259636,1,2399.999729,423.99995212333334,17.666666666666668,524288.0,140507.73333333334,0.6000000000000001,249.26666666666668,97.2,1.0666666666666667
1378259936,1,2399.999729,438.39995049733335,18.266666666666666,524288.0,127924.0,0.0,246.8,94.86666666666666,1.1333333333333333
1378260236,1,2399.999729,732.7999172546668,30.533333333333335,524288.0,155536.53333333333,571.8666666666667,326.0,127.2,1.9333333333333333
1378260537,1,2399.999729,931.1998948519999,38.8,524288.0,263889.6,143.2,335.8666666666667,95.06666666666666,1.2
1378260837,1,2399.999729,719.9999187,30.0,524288.0,362805.06666666665,726.0666666666666,403.6,99.0,1.6666666666666667
1378261137,1,2399.999729,470.3999468840001,19.6,524288.0,290803.2,1.4,260.8,104.66666666666667,1.1333333333333333
1378261437,1,2399.999729,545.5999383926668,22.733333333333334,524288.0,227889.06666666668,37.4,281.20000000000005,101.53333333333333,1.1333333333333333
1378261737,1,2399.999729,404.79995429133334,16.866666666666667,524288.0,197480.0,0.8666666666666667,247.33333333333331,96.2,1.0666666666666667
1378262037,1,2399.999729,414.3999532073333,17.266666666666666,524288.0,192585.86666666667,0.4666666666666667,253.6,103.53333333333333,1.2
1378262337,1,2399.999729,401.5999546526667,16.733333333333334,524288.0,182800.0,2.533333333333333,248.60000000000002,97.0,1.0
1378262637,1,2399.999729,401.5999546526667,16.733333333333334,524288.0,164974.13333333333,0.06666666666666667,245.53333333333333,95.66666666666667,0.9333333333333333
1378262937,1,2399.999729,420.7999524846666,17.53333333333333,524288.0,142605.06666666668,0.13333333333333333,247.6,96.73333333333333,1.0
1378263237,1,2399.999729,412.799953388,17.2,524288.0,149945.06666666668,0.6666666666666666,250.8,98.26666666666667,1.0
1378263537,1,2399.999729,404.79995429133334,16.866666666666667,524288.0,153438.4,0.06666666666666667,242.93333333333334,95.0,1.0
1378263837,1,2399.999729,470.3999468840001,19.6,524288.0,163576.0,194.13333333333333,287.3333333333333,115.8,1.6666666666666667
1378264137,1,2399.999729,377.59995736266666,15.733333333333333,524288.0,192936.0,0.26666666666666666,239.73333333333335,91.26666666666667,0.9333333333333333
1378264437,1,2399.999729,404.79995429133334,16.866666666666667,524288.0,145749.6,0.0,249.66666666666669,97.26666666666667,1.4
1378264737,1,2399.999729,391.99995573666666,16.333333333333332,524288.0,136662.93333333332,0.26666666666666666,245.33333333333331,96.46666666666667,1.0
1378265037,1,2399.999729,398.39995501400006,16.6,524288.0,148895.2,1.2,245.26666666666668,97.53333333333333,0.9333333333333333
1378265337,1,2399.999729,409.59995374933334,17.066666666666666,524288.0,137361.6,0.26666666666666666,248.8,98.0,0.8666666666666667
1378265637,1,2399.999729,393.599955556,16.4,524288.0,139458.13333333333,0.13333333333333333,249.06666666666666,100.93333333333334,1.0
1378265937,1,2399.999729,401.5999546526667,16.733333333333334,524288.0,135614.4,1.8666666666666667,243.0,94.13333333333334,0.9333333333333333
1378266237,1,2399.999729,367.99995844666665,15.333333333333332,524288.0,145401.06666666668,0.2,245.46666666666667,95.6,1.0
1378266537,1,2399.999729,393.599955556,16.4,524288.0,122332.0,0.4,246.8,95.26666666666667,1.0
1378266837,1,2399.999729,395.1999553753334,16.46666666666667,524288.0,124080.26666666666,0.3333333333333333,248.0,96.93333333333334,0.8666666666666667
1378267137,1,2399.999729,412.799953388,17.2,524288.0,118138.13333333333,0.26666666666666666,247.5333333333333,96.33333333333333,0.8
1378267437,1,2399.999729,607.9999313466668,25.333333333333336,524288.0,148896.26666666666,6.333333333333333,336.8,172.33333333333334,1.4666666666666666
1378267737,1,2399.999729,508.79994254800005,21.2,524288.0,163925.6,0.06666666666666667,266.06666666666666,108.06666666666666,1.0666666666666667
1378268038,1,2399.999729,582.3999342373334,24.266666666666666,524288.0,158683.73333333334,0.8666666666666667,293.66666666666663,129.93333333333334,1.4666666666666666
1378268338,1,2399.999729,510.3999423673333,21.266666666666666,524288.0,149944.0,0.2,268.6,112.33333333333333,1.0
1378268638,1,2399.999729,433.5999510393333,18.066666666666666,524288.0,136662.13333333333,0.6666666666666667,265.0,108.86666666666666,1.0
1378268938,1,2399.999729,414.3999532073333,17.266666666666666,524288.0,131070.13333333333,0.0,259.6,101.66666666666667,0.8666666666666667
1378269238,1,2399.999729,404.79995429133334,16.866666666666667,524288.0,120584.0,0.26666666666666666,258.5333333333333,102.4,0.9333333333333333
1378269538,1,2399.999729,403.199954472,16.8,524288.0,120933.86666666667,2.2,249.46666666666664,95.66666666666667,1.0
1378269838,1,2399.999729,383.99995664,16.0,524288.0,123031.73333333334,0.0,245.93333333333334,95.26666666666667,1.0
1378270138,1,2399.999729,431.99995122,18.0,524288.0,132119.2,0.13333333333333333,245.93333333333334,94.86666666666666,0.8666666666666667
1378270438,1,2399.999729,420.7999524846666,17.53333333333333,524288.0,147848.0,0.4,252.0,98.86666666666666,1.0
1378270738,1,2399.999729,420.7999524846666,17.53333333333333,524288.0,140507.2,0.2,243.33333333333331,93.93333333333334,0.9333333333333333
1378271038,1,2399.999729,439.9999503166666,18.333333333333332,524288.0,139808.26666666666,7.133333333333334,274.4,116.93333333333334,1.4
1378271338,1,2399.999729,401.5999546526667,16.733333333333334,524288.0,151342.13333333333,8.133333333333333,243.0,92.06666666666666,1.0666666666666667
1378271638,1,2399.999729,419.1999526653334,17.46666666666667,524288.0,112195.73333333334,0.13333333333333333,250.73333333333335,99.4,1.4
1378271938,1,2399.999729,420.7999524846666,17.53333333333333,524288.0,133168.0,0.06666666666666667,248.66666666666669,98.4,1.0
1378272238,1,2399.999729,417.599952846,17.4,524288.0,145401.33333333334,12.533333333333333,252.8,97.66666666666667,0.9333333333333333
1378272538,1,2399.999729,428.79995158133335,17.866666666666667,524288.0,132118.66666666666,0.2,246.26666666666665,95.2,1.0
1378272838,1,2399.999729,449.5999492326667,18.733333333333334,524288.0,135264.53333333333,0.26666666666666666,250.53333333333333,103.6,1.0666666666666667
1378273138,1,2399.999729,430.3999514006667,17.933333333333334,524288.0,134914.93333333332,2.066666666666667,243.13333333333333,96.26666666666667,1.0
1378273438,1,2399.999729,427.19995176200007,17.8,524288.0,145050.93333333332,0.26666666666666666,254.33333333333334,100.46666666666667,0.8666666666666667
1378273738,1,2399.999729,439.9999503166666,18.333333333333332,524288.0,136313.06666666668,0.2,254.66666666666666,102.2,1.1333333333333333
1378274038,1,2399.999729,407.99995393000006,17.0,524288.0,143303.73333333334,0.33333333333333337,247.93333333333334,97.26666666666667,1.0
1378274338,1,2399.999729,423.99995212333334,17.666666666666668,524288.0,136313.6,0.2,253.33333333333331,104.13333333333334,1.0666666666666667
1378274638,1,2399.999729,441.59995013599996,18.4,524288.0,139109.6,6.866666666666667,274.93333333333334,118.86666666666666,1.5333333333333334
1378274938,1,2399.999729,399.9999548333334,16.666666666666668,524288.0,152042.13333333333,2.9333333333333336,242.0,93.26666666666667,1.0666666666666667
1378275238,1,2399.999729,439.9999503166666,18.333333333333332,524288.0,127924.8,0.2,254.46666666666667,100.46666666666667,1.7333333333333334
1378275538,1,2399.999729,452.7999488713334,18.866666666666667,524288.0,140856.53333333333,0.13333333333333333,250.26666666666668,101.66666666666667,1.2
1378275838,1,2399.999729,427.19995176200007,17.8,524288.0,142604.8,0.6,251.53333333333333,98.86666666666666,1.2
1378276138,1,2399.999729,430.3999514006667,17.933333333333334,524288.0,124778.4,0.06666666666666667,252.13333333333333,96.0,1.1333333333333333
1378276438,1,2399.999729,422.399952304,17.6,524288.0,141556.0,0.2,252.13333333333333,100.73333333333333,1.2666666666666666
1378276738,1,2399.999729,452.7999488713334,18.866666666666667,524288.0,137013.06666666668,4.266666666666667,254.46666666666667,99.46666666666667,1.1333333333333333
1378277038,1,2399.999729,443.1999499553334,18.46666666666667,524288.0,120584.0,0.06666666666666667,262.4666666666667,105.93333333333334,1.2
1378277338,1,2399.999729,435.1999508586667,18.133333333333333,524288.0,127225.86666666667,0.06666666666666667,252.26666666666665,98.8,1.0
1378277638,1,2399.999729,750.3999152673334,31.266666666666666,524288.0,129323.2,0.8,430.66666666666663,292.93333333333334,2.7333333333333334
1378277938,1,2399.999729,1230.3998610673336,51.26666666666667,524288.0,210411.73333333334,0.4,634.8666666666666,503.2,3.1333333333333333
1378278238,1,2399.999729,1119.9998735333334,46.66666666666667,524288.0,288006.93333333335,257.26666666666665,641.6666666666667,475.93333333333334,3.3333333333333335
1378278538,1,2399.999729,897.599898646,37.4,524288.0,247811.46666666667,9.266666666666666,464.06666666666666,320.4,1.8666666666666667
1378278838,1,2399.999729,524.7999407413332,21.866666666666664,524288.0,180702.66666666666,0.7333333333333333,302.26666666666665,147.46666666666667,2.0
1378279138,1,2399.999729,471.9999467033334,19.666666666666668,524288.0,146449.33333333334,0.4666666666666667,258.6,104.46666666666667,1.2666666666666666
1378279438,1,2399.999729,446.3999495940001,18.6,524288.0,157285.6,17.73333333333333,259.73333333333335,101.13333333333334,1.1333333333333333
1378279738,1,2399.999729,468.79994706466664,19.53333333333333,524288.0,124779.2,0.13333333333333333,272.20000000000005,108.0,1.2666666666666666
1378280038,1,2399.999729,436.799950678,18.2,524288.0,141556.8,0.6,255.46666666666667,102.2,1.2666666666666666
1378280338,1,2399.999729,452.7999488713334,18.866666666666667,524288.0,150992.8,3.933333333333333,259.73333333333335,102.06666666666666,1.1333333333333333
1378280638,1,2399.999729,454.3999486906667,18.933333333333334,524288.0,141905.33333333334,0.2,259.8666666666667,101.0,1.2666666666666666
1378280938,1,2399.999729,452.7999488713334,18.866666666666667,524288.0,124429.33333333333,0.2,258.33333333333337,101.93333333333334,1.2
1378281238,1,2399.999729,451.199949052,18.8,524288.0,134565.06666666668,0.4,255.0,103.53333333333333,1.3333333333333333
1378281538,1,2399.999729,452.7999488713334,18.866666666666667,524288.0,128973.6,0.06666666666666667,255.06666666666666,102.53333333333333,1.3333333333333333
1378281838,1,2399.999729,497.59994381266665,20.733333333333334,524288.0,212160.0,169.13333333333333,290.4666666666667,123.13333333333334,1.6666666666666667
1378282138,1,2399.999729,457.59994832933336,19.066666666666666,524288.0,195382.13333333333,1.9333333333333333,256.0,100.6,1.2666666666666666
1378282438,1,2399.999729,486.3999450773333,20.266666666666666,524288.0,141555.73333333334,0.06666666666666667,263.1333333333333,106.13333333333334,1.6666666666666667
1378282739,1,2399.999729,467.19994724533336,19.46666666666667,524288.0,169168.8,0.26666666666666666,261.8,112.06666666666666,1.2
1378283039,1,2399.999729,547.199938212,22.8,524288.0,156585.06666666668,13.066666666666666,289.8666666666667,101.93333333333334,1.2666666666666666
1378283339,1,2399.999729,689.5999221326667,28.733333333333334,524288.0,151342.4,0.2,304.66666666666663,108.33333333333333,1.4
1378283639,1,2399.999729,470.3999468840001,19.6,524288.0,186644.0,0.13333333333333333,257.93333333333334,105.66666666666667,1.3333333333333333
1378283939,1,2399.999729,961.5998914193333,40.06666666666666,524288.0,164275.2,2.466666666666667,532.5333333333333,403.93333333333334,2.0
1378284239,1,2399.999729,663.9999250233334,27.666666666666664,524288.0,206567.73333333334,0.4666666666666667,308.4666666666667,139.66666666666666,1.4666666666666666
1378284539,1,2399.999729,948.7998928646666,39.53333333333333,524288.0,180354.4,0.4,493.20000000000005,355.8,1.6666666666666667
1378284839,1,2399.999729,815.9999078600001,34.0,524288.0,212858.4,23.4,364.8,204.66666666666666,1.4666666666666666
1378285139,1,2399.999729,515.1999418253333,21.466666666666665,524288.0,167770.4,0.06666666666666667,286.59999999999997,125.86666666666666,1.0666666666666667
1378285439,1,2399.999729,697.5999212293334,29.066666666666666,524288.0,225790.93333333332,250.33333333333331,339.4,168.33333333333334,1.8
1378285739,1,2399.999729,435.1999508586667,18.133333333333333,524288.0,217052.8,8.933333333333332,247.66666666666669,97.0,1.0666666666666667
1378286039,1,2399.999729,503.99994309,21.0,524288.0,149944.53333333333,1.3333333333333333,267.06666666666666,110.33333333333333,1.8
1378286339,1,2399.999729,475.19994634200003,19.8,524288.0,136662.4,0.4,265.0,110.46666666666667,1.2
1378286639,1,2399.999729,503.99994309,21.0,524288.0,148197.06666666668,15.4,271.3333333333333,114.2,1.2666666666666666
1378286939,1,2399.999729,476.79994616133337,19.866666666666667,524288.0,135614.4,0.26666666666666666,267.2,107.73333333333333,1.3333333333333333
1378287239,1,2399.999729,484.799945258,20.2,524288.0,151342.13333333333,0.4666666666666667,271.26666666666665,110.53333333333333,1.4666666666666666
1378287539,1,2399.999729,710.3999197840001,29.6,524288.0,188741.06666666668,4.4,346.8666666666667,116.66666666666667,1.5333333333333334
1378287839,1,2399.999729,579.1999345986667,24.133333333333336,524288.0,189440.53333333333,0.06666666666666667,256.2,103.8,1.3333333333333333
1378288139,1,2399.999729,494.39994417400004,20.6,524288.0,152390.66666666666,0.06666666666666667,262.1333333333333,106.93333333333334,1.3333333333333333
1378288439,1,2399.999729,515.1999418253333,21.466666666666665,524288.0,154837.6,0.8666666666666667,258.4666666666667,107.6,1.2
1378288739,1,2399.999729,481.59994561933337,20.066666666666666,524288.0,146798.4,0.13333333333333333,251.60000000000002,102.53333333333333,1.3333333333333333
1378289040,1,2399.999729,599.99993225,25.0,524288.0,219500.0,156.66666666666666,313.73333333333335,144.6,1.9333333333333333
1378289340,1,2399.999729,462.39994778733336,19.266666666666666,524288.0,195033.6,1.4666666666666666,251.86666666666667,102.06666666666666,1.6
1378289640,1,2399.999729,484.799945258,20.2,524288.0,133168.0,0.3333333333333333,256.8666666666667,108.06666666666666,1.7333333333333334
1378289940,1,2399.999729,483.1999454386667,20.133333333333333,524288.0,143653.6,0.26666666666666666,255.26666666666665,109.0,1.4666666666666666
1378290240,1,2399.999729,574.3999351406667,23.933333333333334,524288.0,144702.4,1.4666666666666666,296.6,145.8,1.3333333333333333
1378290540,1,2399.999729,611.1999309853334,25.466666666666665,524288.0,154837.33333333334,0.26666666666666666,314.5333333333333,156.86666666666667,1.4
1378290840,1,2399.999729,582.3999342373334,24.266666666666666,524288.0,164276.0,0.2,305.46666666666664,152.26666666666668,1.5333333333333334
1378291140,1,2399.999729,603.1999318886668,25.133333333333336,524288.0,148196.8,4.0,309.20000000000005,144.4,1.4
1378291440,1,2399.999729,478.39994598066664,19.933333333333334,524288.0,147147.2,0.2,259.26666666666665,106.86666666666666,1.4666666666666666
1378291740,1,2399.999729,489.599944716,20.4,524288.0,136313.06666666668,0.13333333333333333,259.8666666666667,109.06666666666666,1.3333333333333333
1378292040,1,2399.999729,619.199930082,25.8,524288.0,152740.8,1.5999999999999999,342.0,197.06666666666666,1.0666666666666667
1378292340,1,2399.999729,911.99989702,38.0,524288.0,187693.6,0.13333333333333333,436.0,295.2,1.4
1378292640,1,2399.999729,1678.399810480667,69.93333333333334,524288.0,266336.0,282.0,699.3333333333334,414.06666666666666,14.666666666666666
1378292940,1,2399.999729,939.1998939486667,39.13333333333333,524288.0,347425.6,851.2,470.7333333333333,100.0,4.0
1378293240,1,2399.999729,612.7999308046667,25.533333333333335,524288.0,376437.6,1794.6,464.20000000000005,107.86666666666666,2.6
1378293540,1,2399.999729,633.5999284559999,26.4,524288.0,378534.4,969.6666666666666,447.6,121.8,2.933333333333333
1378293840,1,2399.999729,580.799934418,24.2,524288.0,372241.6,1029.3999999999999,416.4,103.66666666666667,5.4
1378294140,1,2399.999729,1070.399879134,44.6,524288.0,368047.73333333334,671.9333333333334,556.0,149.33333333333334,16.6
1378294440,1,2399.999729,660.7999253846667,27.533333333333335,524288.0,396361.3333333333,762.5333333333333,467.26666666666665,160.4,2.0
1378294740,1,2399.999729,1043.1998822053333,43.46666666666667,524288.0,385873.6,759.0,568.6666666666666,302.06666666666666,1.8
1378295040,1,2399.999729,1078.3998782306667,44.93333333333333,524288.0,395660.8,985.9333333333333,595.8,327.1333333333333,1.4
1378295340,1,2399.999729,628.799928998,26.2,524288.0,401951.73333333334,713.4666666666666,372.6,104.26666666666667,3.8
1378295640,1,2399.999729,585.599933876,24.4,524288.0,339386.93333333335,29.666666666666668,295.6666666666667,110.8,1.6
1378295940,1,2399.999729,518.3999414640001,21.6,524288.0,268085.3333333333,0.9333333333333333,272.4666666666667,104.33333333333333,1.3333333333333333
1378296240,1,2399.999729,590.3999333340001,24.6,524288.0,301288.8,252.73333333333335,313.8666666666667,135.46666666666667,2.0
1378296540,1,2399.999729,473.5999465226667,19.733333333333334,524288.0,245014.93333333332,8.666666666666666,263.6,106.33333333333333,1.2666666666666666
1378296840,1,2399.999729,798.3999098473333,33.266666666666666,524288.0,212858.4,0.6666666666666666,382.93333333333334,215.53333333333333,1.7333333333333334
1378297140,1,2399.999729,1068.7998793146667,44.53333333333333,524288.0,242218.4,0.3333333333333333,479.53333333333336,336.26666666666665,1.4
1378297441,1,2399.999729,897.599898646,37.4,524288.0,236976.0,18.666666666666668,445.06666666666666,297.06666666666666,1.0666666666666667
1378297741,1,2399.999729,977.5998896126667,40.733333333333334,524288.0,216004.8,0.7333333333333334,463.4,314.93333333333334,1.1333333333333333
1378298041,1,2399.999729,934.3998944906667,38.93333333333334,524288.0,202373.06666666668,0.3333333333333333,445.2,302.93333333333334,1.3333333333333333
1378298341,1,2399.999729,881.5999004526668,36.733333333333334,524288.0,210061.86666666667,6.333333333333333,438.4666666666667,287.6,1.3333333333333333
1378298641,1,2399.999729,1127.99987263,47.0,524288.0,207965.33333333334,0.4666666666666667,528.8,391.6666666666667,1.1333333333333333
1378298941,1,2399.999729,1057.5998805793333,44.06666666666667,524288.0,227189.6,0.4666666666666667,490.73333333333335,341.8,1.1333333333333333
1378299241,1,2399.999729,926.399895394,38.6,524288.0,196431.2,21.400000000000002,444.73333333333335,291.26666666666665,1.2
1378299541,1,2399.999729,851.1999038853335,35.46666666666667,524288.0,199226.93333333332,0.6,436.6,279.46666666666664,1.1333333333333333
1378299841,1,2399.999729,969.599890516,40.4,524288.0,252355.73333333334,254.93333333333334,478.8666666666667,315.4,1.6666666666666667
1378300141,1,2399.999729,1084.799877508,45.2,524288.0,256200.0,8.6,513.0666666666666,372.53333333333336,1.2666666666666666
1378300441,1,2399.999729,1121.5998733526667,46.73333333333333,524288.0,268783.73333333334,0.6,502.06666666666666,357.46666666666664,1.8
1378300741,1,2399.999729,1163.1998686553334,48.46666666666667,524288.0,252704.0,0.9333333333333333,537.7333333333333,393.06666666666666,2.933333333333333
1378301041,1,2399.999729,987.1998885286666,41.13333333333333,524288.0,222994.93333333332,25.8,391.0,234.4,1.4
1378301341,1,2399.999729,721.5999185193333,30.066666666666666,524288.0,184898.4,0.7333333333333333,339.8,175.33333333333334,1.2666666666666666
1378301641,1,2399.999729,731.1999174353333,30.466666666666665,524288.0,176857.6,0.7333333333333333,327.8,176.0,1.4
1378301941,1,2399.999729,620.7999299013333,25.866666666666664,524288.0,155537.33333333334,4.466666666666667,300.06666666666666,142.33333333333334,1.3333333333333333
1378302241,1,2399.999729,793.5999103893332,33.06666666666666,524288.0,153090.13333333333,0.26666666666666666,338.06666666666666,149.4,1.4
1378302541,1,2399.999729,675.1999237586667,28.133333333333336,524288.0,157634.66666666666,0.0,315.93333333333334,161.06666666666666,1.3333333333333333
1378302841,1,2399.999729,660.7999253846667,27.533333333333335,524288.0,169867.2,22.0,311.2,154.33333333333334,1.1333333333333333
1378303141,1,2399.999729,654.3999261073334,27.266666666666666,524288.0,147497.06666666668,0.6666666666666666,297.4,140.73333333333332,1.2
1378303441,1,2399.999729,1361.5998462526666,56.73333333333333,524288.0,242917.33333333334,401.40000000000003,524.8666666666667,189.46666666666667,16.2
1378303741,1,2399.999729,1694.399808674,70.6,524288.0,397408.5333333333,2132.9333333333334,601.7333333333333,159.06666666666666,12.466666666666667
1378304041,1,2399.999729,940.7998937680002,39.2,524288.0,401603.2,732.0,499.26666666666665,152.93333333333334,3.3333333333333335
1378304341,1,2399.999729,679.9999232166668,28.333333333333336,524288.0,357561.6,798.2666666666667,450.0,140.13333333333333,1.9333333333333333
1378304642,1,2399.999729,732.7999172546668,30.533333333333335,524288.0,380280.5333333333,962.3333333333333,458.53333333333336,149.46666666666667,1.6666666666666667
1378304942,1,2399.999729,651.1999264686667,27.133333333333336,524288.0,410690.13333333336,939.3333333333334,400.0,126.66666666666667,1.2666666666666666
1378305242,1,2399.999729,804.7999091246666,33.53333333333333,524288.0,401602.13333333336,787.5999999999999,496.26666666666665,172.0,1.7333333333333334
1378305542,1,2399.999729,727.9999177966668,30.333333333333336,524288.0,373990.13333333336,717.3333333333333,442.66666666666663,136.86666666666667,1.2666666666666666
1378305842,1,2399.999729,740.7999163513332,30.866666666666664,524288.0,369096.8,678.6666666666666,438.20000000000005,164.33333333333334,1.2
1378306142,1,2399.999729,678.3999233973333,28.266666666666666,524288.0,377834.93333333335,694.1333333333333,411.5333333333333,122.6,1.3333333333333333
1378306442,1,2399.999729,644.7999271913333,26.866666666666664,524288.0,377136.8,825.2,370.1333333333333,123.26666666666667,1.5333333333333334
1378306742,1,2399.999729,1127.99987263,47.0,524288.0,392166.4,507.53333333333336,549.1333333333333,198.8,19.333333333333332
1378307042,1,2399.999729,1041.599882386,43.4,524288.0,366300.8,937.7333333333333,581.1333333333333,208.2,8.866666666666667
1378307342,1,2399.999729,852.7999037046667,35.53333333333333,524288.0,395312.0,669.0,464.19999999999993,175.06666666666666,1.3333333333333333
1378307641,1,2399.999729,851.1999038853335,35.46666666666667,524288.0,371194.4,673.0666666666666,474.06666666666666,214.0,1.6666666666666667
1378307941,1,2399.999729,958.3998917806668,39.93333333333334,524288.0,375388.0,804.4,464.0,189.93333333333334,1.4666666666666666
1378308241,1,2399.999729,857.5999031626667,35.733333333333334,524288.0,376437.6,855.8000000000001,436.73333333333335,182.46666666666667,1.2
1378308541,1,2399.999729,937.5998941293333,39.06666666666666,524288.0,391467.2,708.5333333333333,499.33333333333337,122.33333333333333,11.933333333333334
1378308841,1,2399.999729,646.3999270106667,26.933333333333334,524288.0,381330.4,688.9333333333333,424.33333333333337,129.2,1.3333333333333333
1378309141,1,2399.999729,625.5999293593334,26.066666666666666,524288.0,365950.93333333335,666.7333333333335,371.0,113.26666666666667,1.2
1378309441,1,2399.999729,636.7999280946667,26.533333333333335,524288.0,364553.6,717.4666666666667,397.93333333333334,127.4,1.3333333333333333
1378309741,1,2399.999729,603.1999318886668,25.133333333333336,524288.0,375737.3333333333,795.9333333333333,335.0666666666667,104.33333333333333,1.2
1378310041,1,2399.999729,580.799934418,24.2,524288.0,353717.6,551.5333333333333,335.8666666666667,109.26666666666667,2.0
1378310341,1,2399.999729,516.7999416446668,21.533333333333335,524288.0,289405.06666666665,1.2666666666666666,279.59999999999997,125.93333333333334,1.2666666666666666
1378310641,1,2399.999729,558.3999369473333,23.266666666666666,524288.0,255850.93333333332,13.533333333333333,295.8,137.2,1.6666666666666667
1378310941,1,2399.999729,467.19994724533336,19.46666666666667,524288.0,264239.2,7.733333333333333,265.26666666666665,116.4,1.1333333333333333
1378311241,1,2399.999729,511.9999421866667,21.333333333333336,524288.0,248511.2,0.6666666666666666,261.0,108.66666666666667,1.6
1378311542,1,2399.999729,507.19994272866677,21.133333333333336,524288.0,239073.6,0.4666666666666667,264.93333333333334,114.4,1.4666666666666666
1378311842,1,2399.999729,551.99993767,23.0,524288.0,251656.0,23.8,279.93333333333334,119.26666666666667,1.4666666666666666
1378312142,1,2399.999729,527.99994038,22.0,524288.0,232781.6,0.3333333333333333,274.8,117.26666666666667,1.2666666666666666
1378312442,1,2399.999729,899.1998984653334,37.46666666666667,524288.0,206917.33333333334,0.6666666666666666,467.2,335.53333333333336,2.8666666666666667
1378312742,1,2399.999729,1524.7998278246666,63.53333333333333,524288.0,283463.2,5.666666666666667,797.0,689.4666666666667,3.466666666666667
1378313042,1,2399.999729,1281.599855286,53.4,524288.0,270880.5333333333,1.1333333333333333,595.7333333333333,481.3333333333333,2.4
1378313342,1,2399.999729,620.7999299013333,25.866666666666664,524288.0,224393.06666666668,0.5333333333333333,300.6,152.0,1.4
1378313642,1,2399.999729,532.799939838,22.2,524288.0,178255.2,23.533333333333335,268.4666666666667,125.13333333333334,1.1333333333333333
1378313942,1,2399.999729,455.99994851,19.0,524288.0,150294.4,0.26666666666666666,252.06666666666666,102.33333333333333,1.2
1378314242,1,2399.999729,527.99994038,22.0,524288.0,147847.2,10.666666666666666,285.1333333333333,129.0,1.8
1378314542,1,2399.999729,431.99995122,18.0,524288.0,157284.0,7.6,248.8,99.46666666666667,1.2666666666666666
1378314842,1,2399.999729,479.9999458,20.0,524288.0,132118.4,0.5333333333333333,256.6,107.06666666666666,2.0
1378315142,1,2399.999729,473.5999465226667,19.733333333333334,524288.0,137361.6,0.2,257.0,106.2,1.4
1378315442,1,2399.999729,463.9999476066667,19.333333333333332,524288.0,147498.93333333332,13.0,252.26666666666665,99.0,1.3333333333333333
1378315742,1,2399.999729,430.3999514006667,17.933333333333334,524288.0,147498.4,0.3333333333333333,246.4666666666667,97.26666666666667,1.4666666666666666
1378316042,1,2399.999729,476.79994616133337,19.866666666666667,524288.0,143304.0,0.13333333333333333,261.8,106.86666666666666,1.2666666666666666
1378316342,1,2399.999729,476.79994616133337,19.866666666666667,524288.0,158682.93333333332,2.2666666666666666,254.13333333333333,101.86666666666666,1.4666666666666666
1378316642,1,2399.999729,465.59994742599997,19.4,524288.0,139460.0,0.13333333333333333,249.06666666666666,100.06666666666666,1.3333333333333333
1378316942,1,2399.999729,459.19994814866664,19.133333333333333,524288.0,148197.33333333334,0.13333333333333333,242.40000000000003,99.06666666666666,1.2666666666666666
1378317242,1,2399.999729,463.9999476066667,19.333333333333332,524288.0,156934.66666666666,0.6000000000000001,254.60000000000002,107.66666666666667,1.4
1378317542,1,2399.999729,446.3999495940001,18.6,524288.0,140857.33333333334,0.26666666666666666,245.60000000000002,97.93333333333334,1.3333333333333333
1378317842,1,2399.999729,511.9999421866667,21.333333333333336,524288.0,147847.2,7.2,284.46666666666664,129.4,1.8
1378318142,1,2399.999729,443.1999499553334,18.46666666666667,524288.0,149594.93333333332,1.1333333333333333,250.33333333333334,97.73333333333333,1.4
1378318442,1,2399.999729,457.59994832933336,19.066666666666666,524288.0,133167.46666666667,0.13333333333333333,246.0,99.6,1.8
1378318742,1,2399.999729,465.59994742599997,19.4,524288.0,128972.26666666666,0.06666666666666667,252.2,101.0,1.4
1378319042,1,2399.999729,435.1999508586667,18.133333333333333,524288.0,140157.86666666667,0.2,247.06666666666666,96.73333333333333,1.2
1378319342,1,2399.999729,449.5999492326667,18.733333333333334,524288.0,134915.46666666667,0.13333333333333333,247.39999999999998,96.13333333333334,1.3333333333333333
1378319642,1,2399.999729,460.79994796799997,19.2,524288.0,137362.13333333333,0.2,254.46666666666664,103.46666666666667,1.2666666666666666
1378319942,1,2399.999729,444.7999497746667,18.53333333333333,524288.0,139458.4,2.1333333333333333,249.79999999999998,96.33333333333333,1.4
1378320243,1,2399.999729,439.9999503166666,18.333333333333332,524288.0,117439.2,0.26666666666666666,246.06666666666666,97.4,1.4
1378320543,1,2399.999729,545.5999383926668,22.733333333333334,524288.0,119536.0,0.06666666666666667,264.2,113.06666666666666,1.4
1378320843,1,2399.999729,569.5999356826667,23.733333333333334,524288.0,146449.6,0.6666666666666667,264.2,116.2,1.2
1378321143,1,2399.999729,494.39994417400004,20.6,524288.0,116390.66666666667,0.0,252.2,103.0,1.2666666666666666
1378321443,1,2399.999729,519.9999412833333,21.666666666666664,524288.0,132818.93333333332,7.066666666666666,299.8,138.66666666666666,1.6666666666666667
1378321743,1,2399.999729,457.59994832933336,19.066666666666666,524288.0,168819.2,0.5333333333333333,252.73333333333335,100.06666666666666,1.2666666666666666
1378322043,1,2399.999729,452.7999488713334,18.866666666666667,524288.0,137012.0,0.7999999999999999,251.86666666666667,100.2,1.8
1378322343,1,2399.999729,484.799945258,20.2,524288.0,148196.53333333333,0.0,251.86666666666667,100.8,1.3333333333333333
1378322643,1,2399.999729,439.9999503166666,18.333333333333332,524288.0,154139.2,0.26666666666666666,262.33333333333337,102.06666666666666,1.3333333333333333
1378322943,1,2399.999729,489.599944716,20.4,524288.0,151341.6,0.4,263.66666666666663,102.6,1.4666666666666666
1378323243,1,2399.999729,470.3999468840001,19.6,524288.0,153090.4,0.2,254.60000000000002,102.53333333333333,1.6
1378323543,1,2399.999729,467.19994724533336,19.46666666666667,524288.0,138410.13333333333,2.3333333333333335,249.93333333333334,98.33333333333333,1.4
1378323843,1,2399.999729,436.799950678,18.2,524288.0,149245.06666666668,0.13333333333333333,248.33333333333331,97.8,1.2666666666666666
1378324143,1,2399.999729,444.7999497746667,18.53333333333333,524288.0,147846.4,0.13333333333333333,245.4666666666667,97.0,1.4
1378324443,1,2399.999729,435.1999508586667,18.133333333333333,524288.0,142254.4,0.9333333333333333,247.13333333333333,99.6,1.4666666666666666
1378324743,1,2399.999729,455.99994851,19.0,524288.0,139808.26666666666,0.06666666666666667,244.93333333333334,98.13333333333334,1.1333333333333333
1378325043,1,2399.999729,507.19994272866677,21.133333333333336,524288.0,162528.0,7.133333333333334,283.8666666666667,129.2,1.9333333333333333
1378325343,1,2399.999729,454.3999486906667,18.933333333333334,524288.0,150993.6,0.4666666666666667,248.66666666666666,99.2,1.3333333333333333
1378325643,1,2399.999729,470.3999468840001,19.6,524288.0,134216.8,0.13333333333333333,248.39999999999998,101.6,1.7333333333333334
1378325943,1,2399.999729,483.1999454386667,20.133333333333333,524288.0,135264.8,0.2,253.93333333333334,105.93333333333334,1.4666666666666666
1378326243,1,2399.999729,465.59994742599997,19.4,524288.0,148896.0,12.066666666666666,260.53333333333336,108.4,1.3333333333333333
1378326543,1,2399.999729,505.5999429093333,21.066666666666666,524288.0,135614.13333333333,0.5333333333333333,258.93333333333334,109.53333333333333,1.2666666666666666
1378326843,1,2399.999729,486.3999450773333,20.266666666666666,524288.0,151343.46666666667,0.26666666666666666,268.2,116.93333333333334,1.2666666666666666
1378327143,1,2399.999729,473.5999465226667,19.733333333333334,524288.0,141906.13333333333,2.1333333333333333,260.1333333333333,107.46666666666667,1.2666666666666666
1378327443,1,2399.999729,465.59994742599997,19.4,524288.0,141905.86666666667,0.2,261.4,108.26666666666667,1.4
1378327743,1,2399.999729,481.59994561933337,20.066666666666666,524288.0,129672.26666666666,0.13333333333333333,256.5333333333333,106.73333333333333,1.2
1378328043,1,2399.999729,470.3999468840001,19.6,524288.0,154488.53333333333,0.7333333333333334,262.26666666666665,109.93333333333334,1.2
1378328343,1,2399.999729,478.39994598066664,19.933333333333334,524288.0,135965.06666666668,0.26666666666666666,265.4,111.26666666666667,1.3333333333333333
1378328643,1,2399.999729,503.99994309,21.0,524288.0,156235.73333333334,8.666666666666668,289.26666666666665,131.8,1.6
1378328943,1,2399.999729,435.1999508586667,18.133333333333333,524288.0,160780.0,7.666666666666667,250.73333333333332,99.66666666666667,1.2666666666666666
1378329244,1,2399.999729,457.59994832933336,19.066666666666666,524288.0,136663.46666666667,0.2,259.4666666666667,109.2,1.7333333333333334
1378329544,1,2399.999729,473.5999465226667,19.733333333333334,524288.0,159381.33333333334,0.2,254.8,106.2,1.2666666666666666
1378329844,1,2399.999729,438.39995049733335,18.266666666666666,524288.0,145750.4,0.6666666666666667,254.93333333333334,103.2,1.1333333333333333
1378330144,1,2399.999729,454.3999486906667,18.933333333333334,524288.0,157983.2,0.06666666666666667,249.66666666666669,100.06666666666666,1.2
1378330444,1,2399.999729,446.3999495940001,18.6,524288.0,156235.46666666667,0.06666666666666667,253.60000000000002,103.8,1.2
1378330744,1,2399.999729,422.399952304,17.6,524288.0,146798.4,2.1333333333333333,249.53333333333336,97.2,1.0666666666666667
1378331044,1,2399.999729,420.7999524846666,17.53333333333333,524288.0,139458.4,0.06666666666666667,246.6,96.26666666666667,1.1333333333333333
1378331344,1,2399.999729,451.199949052,18.8,524288.0,148546.66666666666,0.13333333333333333,246.66666666666669,97.33333333333333,1.1333333333333333
1378331644,1,2399.999729,431.99995122,18.0,524288.0,149595.46666666667,0.5333333333333333,253.8,98.73333333333333,1.0666666666666667
1378331944,1,2399.999729,443.1999499553334,18.46666666666667,524288.0,127225.06666666667,0.13333333333333333,247.53333333333336,96.8,1.1333333333333333
1378332244,1,2399.999729,627.1999291786668,26.133333333333336,524288.0,167770.13333333333,13.066666666666666,344.1333333333333,197.73333333333332,1.6
1378332544,1,2399.999729,521.5999411026667,21.733333333333334,524288.0,198179.2,1.6666666666666665,300.0,126.66666666666667,1.0666666666666667
1378332844,1,2399.999729,484.799945258,20.2,524288.0,147847.2,0.2,287.1333333333333,115.86666666666666,1.6666666666666667
1378333144,1,2399.999729,447.99994941333335,18.666666666666668,524288.0,146798.4,0.0,268.0,98.46666666666667,1.2
1378333444,1,2399.999729,419.1999526653334,17.46666666666667,524288.0,156236.8,0.4,264.6,98.2,0.9333333333333333
1378333744,1,2399.999729,483.1999454386667,20.133333333333333,524288.0,138411.2,0.0,289.8666666666667,127.46666666666667,1.0666666666666667
1378334044,1,2399.999729,446.3999495940001,18.6,524288.0,149944.0,0.0,275.4,110.86666666666666,1.0666666666666667
1378334344,1,2399.999729,430.3999514006667,17.933333333333334,524288.0,139458.93333333332,2.0,260.46666666666664,96.2,1.2
1378334644,1,2399.999729,430.3999514006667,17.933333333333334,524288.0,133516.8,17.866666666666667,262.1333333333333,95.86666666666666,1.1333333333333333
1378334944,1,2399.999729,459.19994814866664,19.133333333333333,524288.0,161129.06666666668,413.1333333333333,289.93333333333334,96.4,1.2
1378335244,1,2399.999729,478.39994598066664,19.933333333333334,524288.0,246762.4,320.93333333333334,285.6,97.2,1.5333333333333334
1378335544,1,2399.999729,447.99994941333335,18.666666666666668,524288.0,184197.86666666667,0.5333333333333333,259.4,97.86666666666666,1.0
1378335844,1,2399.999729,615.9999304433333,25.666666666666664,524288.0,211460.8,766.6000000000001,421.79999999999995,147.86666666666667,1.6
1378336144,1,2399.999729,615.9999304433333,25.666666666666664,524288.0,356863.2,1073.0,493.4,114.26666666666667,1.1333333333333333
1378336444,1,2399.999729,612.7999308046667,25.533333333333335,524288.0,388320.8,1213.9333333333334,458.8666666666667,115.0,1.4666666666666666
1378336744,1,2399.999729,1774.3997996406667,73.93333333333334,524288.0,398456.8,1522.6000000000001,350.0,103.46666666666667,1.0666666666666667
1378337045,1,2399.999729,2427.199725928667,101.13333333333334,524288.0,414884.8,1715.9999999999998,322.4666666666667,99.8,0.9333333333333333
1378337345,1,2399.999729,2369.5997324326668,98.73333333333333,524288.0,418729.3333333333,1603.8666666666666,325.0666666666667,102.06666666666666,1.2
1378337645,1,2399.999729,2438.399724664,101.6,524288.0,404048.5333333333,1659.0,330.5333333333333,107.8,1.0666666666666667
1378337945,1,2399.999729,2283.199742188667,95.13333333333334,524288.0,390068.8,1812.4,311.0,100.2,0.9333333333333333
1378338245,1,2399.999729,2308.799739298,96.2,524288.0,319812.8,1781.7333333333331,325.6,99.66666666666667,0.9333333333333333
1378338545,1,2399.999729,2175.999754293333,90.66666666666666,524288.0,264239.2,1706.9333333333332,310.33333333333337,100.66666666666667,0.9333333333333333
1378338845,1,2399.999729,1983.9997759733333,82.66666666666666,524288.0,380631.2,1599.5333333333333,315.8,101.13333333333334,0.9333333333333333
1378339145,1,2399.999729,2132.7997591713333,88.86666666666666,524288.0,297794.4,1265.0666666666666,305.1333333333333,99.26666666666667,1.0
1378339445,1,2399.999729,2527.999714546667,105.33333333333334,524288.0,360708.0,1127.6666666666665,374.6,186.26666666666668,1.5333333333333334
1378339745,1,2399.999729,2628.799703164667,109.53333333333335,524288.0,387972.0,1184.3333333333333,328.5333333333333,156.2,0.9333333333333333
1378340045,1,2399.999729,2556.7997112946673,106.53333333333335,524288.0,400205.6,1157.6666666666665,324.73333333333335,144.73333333333332,1.5333333333333334
1378340345,1,2399.999729,2619.199704248667,109.13333333333334,524288.0,386573.06666666665,1213.1333333333334,284.26666666666665,105.46666666666667,1.0
1378340645,1,2399.999729,2604.799705874667,108.53333333333335,524288.0,411389.06666666665,1252.5333333333333,275.66666666666663,98.66666666666667,0.9333333333333333
1378340945,1,2399.999729,2406.3997282773335,100.26666666666667,524288.0,374689.06666666665,1687.5333333333335,333.1333333333333,99.26666666666667,1.0
1378341245,1,2399.999729,2455.9997226766673,102.33333333333334,524288.0,279268.5333333333,1941.4666666666667,350.8666666666667,105.26666666666667,1.0666666666666667
1378341545,1,2399.999729,2452.799723038,102.2,524288.0,270531.2,1963.3333333333335,320.46666666666664,94.73333333333333,1.0
1378341845,1,2399.999729,2484.7997194246673,103.53333333333335,524288.0,326105.6,2726.533333333333,400.66666666666663,97.06666666666666,1.0
1378342145,1,2399.999729,2499.199717798667,104.13333333333334,524288.0,405098.13333333336,2811.8,416.1333333333333,101.6,1.1333333333333333
1378342445,1,2399.999729,2515.199715992,104.8,524288.0,402652.26666666666,2722.733333333333,397.5333333333333,100.4,1.1333333333333333
1378342745,1,2399.999729,2468.7997212313335,102.86666666666666,524288.0,423973.3333333333,2519.2666666666664,382.5333333333333,98.73333333333333,1.0666666666666667
1378343045,1,2399.999729,1409.5998408326666,58.73333333333333,524288.0,398806.13333333336,811.7333333333333,344.0,134.53333333333333,1.6666666666666667
1378343345,1,2399.999729,342.39996133733337,14.266666666666667,524288.0,246063.73333333334,0.39999999999999997,279.4666666666667,100.26666666666667,1.2
1378343645,1,2399.999729,355.19995989200004,14.8,524288.0,157983.73333333334,0.39999999999999997,270.20000000000005,104.66666666666667,1.6666666666666667
1378343945,1,2399.999729,343.9999611566667,14.333333333333332,524288.0,140857.6,0.06666666666666667,273.0666666666666,104.26666666666667,1.2666666666666666
1378344245,1,2399.999729,343.9999611566667,14.333333333333332,524288.0,138061.06666666668,24.8,268.1333333333333,98.93333333333334,1.2
1378344545,1,2399.999729,332.7999624213333,13.866666666666667,524288.0,131768.53333333333,0.2,264.4,99.26666666666667,1.1333333333333333
1378344845,1,2399.999729,348.7999606146667,14.533333333333333,524288.0,141207.2,0.06666666666666667,267.8,102.66666666666667,1.3333333333333333
1378345145,1,2399.999729,339.19996169866664,14.133333333333333,524288.0,120234.4,2.9333333333333336,262.4,98.46666666666667,1.2666666666666666
1378345445,1,2399.999729,342.39996133733337,14.266666666666667,524288.0,135962.66666666666,0.0,264.4666666666667,100.53333333333333,1.2
1378345745,1,2399.999729,332.7999624213333,13.866666666666667,524288.0,136313.6,0.06666666666666667,263.8666666666667,98.8,1.2
1378346045,1,2399.999729,343.9999611566667,14.333333333333332,524288.0,135265.6,0.13333333333333333,268.4,101.86666666666666,1.2
1378346345,1,2399.999729,331.199962602,13.8,524288.0,116389.6,0.0,267.1333333333333,99.26666666666667,1.2
1378346645,1,2399.999729,603.1999318886668,25.133333333333336,524288.0,173012.8,572.6666666666667,354.73333333333335,132.06666666666666,1.9333333333333333
1378346945,1,2399.999729,686.3999224940001,28.6,524288.0,339736.8,858.2666666666667,476.4,114.66666666666667,1.6
1378347245,1,2399.999729,441.59995013599996,18.4,524288.0,313871.73333333334,5.6,292.2,110.73333333333333,1.5333333333333334
1378347545,1,2399.999729,553.5999374893333,23.066666666666666,524288.0,216703.2,0.4666666666666667,314.6,112.6,1.0666666666666667
1378347845,1,2399.999729,550.3999378506667,22.933333333333334,524288.0,197828.8,36.733333333333334,313.53333333333336,107.26666666666667,1.0
1378348145,1,2399.999729,574.3999351406667,23.933333333333334,524288.0,178954.93333333332,0.26666666666666666,311.06666666666666,102.6,1.0
1378348445,1,2399.999729,353.59996007266665,14.733333333333333,524288.0,166372.26666666666,0.4,277.0666666666667,107.86666666666666,1.0666666666666667
1378348745,1,2399.999729,331.199962602,13.8,524288.0,160429.33333333334,2.3333333333333335,262.93333333333334,97.66666666666667,1.0
1378349045,1,2399.999729,319.99996386666663,13.333333333333332,524288.0,155537.06666666668,0.13333333333333333,256.4666666666667,95.66666666666667,0.9333333333333333
1378349345,1,2399.999729,324.7999633246667,13.533333333333333,524288.0,133168.0,0.26666666666666666,264.5333333333333,97.86666666666666,0.9333333333333333
1378349645,1,2399.999729,331.199962602,13.8,524288.0,149245.06666666668,1.0,269.1333333333333,100.8,0.9333333333333333
1378349945,1,2399.999729,313.5999645893334,13.066666666666668,524288.0,143653.06666666668,0.06666666666666667,252.26666666666665,93.73333333333333,0.8666666666666667
1378350245,1,2399.999729,359.99995935,15.0,524288.0,166022.93333333332,15.666666666666666,297.4,121.8,1.5333333333333334
1378350545,1,2399.999729,308.79996513133335,12.866666666666667,524288.0,168818.4,0.0,247.86666666666667,90.93333333333334,0.8666666666666667
1378350845,1,2399.999729,329.5999627826667,13.733333333333333,524288.0,142255.73333333334,0.06666666666666667,259.4,100.0,1.4
1378351145,1,2399.999729,329.5999627826667,13.733333333333333,524288.0,150642.66666666666,0.0,255.53333333333333,99.66666666666667,1.0
1378351445,1,2399.999729,334.39996224066664,13.933333333333332,524288.0,153439.2,0.26666666666666666,259.4666666666667,97.4,1.1333333333333333
1378351745,1,2399.999729,315.1999644086667,13.133333333333333,524288.0,138409.86666666667,0.13333333333333333,257.1333333333333,95.93333333333334,0.9333333333333333
1378352046,1,2399.999729,342.39996133733337,14.266666666666667,524288.0,144352.53333333333,0.0,266.1333333333333,101.73333333333333,1.2
1378352346,1,2399.999729,318.39996404733336,13.266666666666667,524288.0,140157.33333333334,2.0,259.4666666666667,95.73333333333333,0.8666666666666667
1378352646,1,2399.999729,324.7999633246667,13.533333333333333,524288.0,133167.73333333334,0.0,260.93333333333334,97.13333333333334,0.8
1378352946,1,2399.999729,351.9999602533334,14.666666666666668,524288.0,136661.6,0.0,261.73333333333335,96.73333333333333,1.0
1378353246,1,2399.999729,391.99995573666666,16.333333333333332,524288.0,134215.2,0.39999999999999997,265.8,98.33333333333333,1.0
1378353546,1,2399.999729,385.5999564593333,16.066666666666666,524288.0,130720.8,0.0,261.8666666666667,97.4,0.9333333333333333
1378353846,1,2399.999729,665.5999248426666,27.733333333333334,524288.0,177207.2,195.33333333333334,349.8,174.06666666666666,1.7333333333333334
1378354146,1,2399.999729,483.1999454386667,20.133333333333333,524288.0,205519.2,0.26666666666666666,274.26666666666665,111.6,0.8666666666666667
1378354446,1,2399.999729,572.7999353213334,23.866666666666664,524288.0,137361.86666666667,0.0,291.3333333333333,128.6,1.3333333333333333
1378354746,1,2399.999729,459.19994814866664,19.133333333333333,524288.0,138410.4,0.06666666666666667,279.0,117.4,1.0
1378355046,1,2399.999729,411.1999535686667,17.133333333333333,524288.0,149245.33333333334,15.066666666666666,272.8666666666667,104.4,0.9333333333333333
1378355346,1,2399.999729,420.7999524846666,17.53333333333333,524288.0,149245.06666666668,0.33333333333333337,277.0,105.53333333333333,0.9333333333333333
1378355646,1,2399.999729,407.99995393000006,17.0,524288.0,140857.33333333334,0.2,266.6,102.0,0.9333333333333333
1378355946,1,2399.999729,407.99995393000006,17.0,524288.0,137012.8,3.8,253.8,94.4,0.9333333333333333
1378356246,1,2399.999729,385.5999564593333,16.066666666666666,524288.0,138759.46666666667,0.0,256.53333333333336,97.13333333333334,0.9333333333333333
1378356546,1,2399.999729,388.79995609799994,16.2,524288.0,155187.2,0.13333333333333333,257.93333333333334,95.6,0.9333333333333333
1378356846,1,2399.999729,387.19995627866666,16.133333333333333,524288.0,146798.93333333332,0.13333333333333333,261.06666666666666,98.06666666666666,1.0
1378357146,1,2399.999729,406.39995411066667,16.933333333333334,524288.0,135615.2,0.06666666666666667,261.6,97.86666666666666,0.9333333333333333
1378357446,1,2399.999729,438.39995049733335,18.266666666666666,524288.0,133166.66666666666,8.333333333333332,289.8666666666667,119.2,1.5333333333333334
1378357746,1,2399.999729,387.19995627866666,16.133333333333333,524288.0,143304.0,0.4,259.0,93.66666666666667,1.0
1378358046,1,2399.999729,396.7999551946666,16.53333333333333,524288.0,130719.73333333334,0.8,257.2,101.53333333333333,1.4666666666666666
1378358346,1,2399.999729,419.1999526653334,17.46666666666667,524288.0,135264.0,0.0,255.79999999999998,100.8,1.0666666666666667
1378358646,1,2399.999729,396.7999551946666,16.53333333333333,524288.0,130022.4,13.733333333333334,261.3333333333333,98.0,1.0666666666666667
1378358947,1,2399.999729,404.79995429133334,16.866666666666667,524288.0,126876.0,0.13333333333333333,251.73333333333335,95.2,0.9333333333333333
1378359247,1,2399.999729,423.99995212333334,17.666666666666668,524288.0,112196.8,0.2,262.5333333333333,106.4,1.0666666666666667
1378359547,1,2399.999729,406.39995411066667,16.933333333333334,524288.0,145750.4,1.9333333333333333,254.0,96.0,1.1333333333333333
1378359847,1,2399.999729,401.5999546526667,16.733333333333334,524288.0,135264.8,0.0,254.06666666666666,101.33333333333333,1.0666666666666667
1378360147,1,2399.999729,404.79995429133334,16.866666666666667,524288.0,155188.0,0.13333333333333333,253.13333333333333,95.2,1.0
1378360447,1,2399.999729,407.99995393000006,17.0,524288.0,161478.93333333332,0.5333333333333333,258.5333333333333,101.26666666666667,1.0
1378360747,1,2399.999729,449.5999492326667,18.733333333333334,524288.0,140857.86666666667,0.06666666666666667,250.0,97.0,1.0666666666666667
1378361047,1,2399.999729,487.99994489666665,20.333333333333332,524288.0,141556.26666666666,7.133333333333333,285.1333333333333,122.6,1.5333333333333334
1378361347,1,2399.999729,419.1999526653334,17.46666666666667,524288.0,154837.6,8.2,256.20000000000005,93.86666666666666,1.0
1378361647,1,2399.999729,447.99994941333335,18.666666666666668,524288.0,129673.06666666667,0.13333333333333333,265.5333333333333,105.66666666666667,1.4666666666666666
1378361947,1,2399.999729,483.1999454386667,20.133333333333333,524288.0,155188.0,0.0,277.6,113.73333333333333,1.0
1378362247,1,2399.999729,433.5999510393333,18.066666666666666,524288.0,155886.4,0.5333333333333333,274.5333333333333,112.33333333333333,1.0
1378362547,1,2399.999729,467.19994724533336,19.46666666666667,524288.0,141905.33333333334,0.2,263.0,97.4,1.2666666666666666
1378362847,1,2399.999729,446.3999495940001,18.6,524288.0,143303.73333333334,0.06666666666666667,267.0,102.93333333333334,1.2
1378363147,1,2399.999729,457.59994832933336,19.066666666666666,524288.0,150643.73333333334,2.533333333333333,260.4,98.53333333333333,1.1333333333333333
1378363447,1,2399.999729,441.59995013599996,18.4,524288.0,146100.26666666666,0.0,256.4,98.13333333333334,1.0666666666666667
1378363747,1,2399.999729,452.7999488713334,18.866666666666667,524288.0,136662.4,0.0,257.46666666666664,101.0,0.9333333333333333
1378364047,1,2399.999729,809.5999085826667,33.733333333333334,524288.0,151342.66666666666,0.33333333333333337,487.26666666666665,340.0,2.8666666666666667
1378364347,1,2399.999729,1284.7998549246668,53.53333333333333,524288.0,208664.0,0.5333333333333333,671.5999999999999,526.4,2.4
1378364647,1,2399.999729,1310.399852034,54.6,524288.0,297793.6,248.2,688.5333333333333,524.7333333333333,3.6666666666666665
1378364947,1,2399.999729,1201.5998643193334,50.06666666666667,524288.0,256549.33333333334,8.8,667.6,524.3333333333334,2.7333333333333334
1378365247,1,2399.999729,897.599898646,37.4,524288.0,217402.66666666666,0.6,492.8666666666667,331.8666666666667,2.6
1378365547,1,2399.999729,807.9999087633333,33.666666666666664,524288.0,223694.4,812.8000000000001,470.0666666666666,285.8,1.8
1378365847,1,2399.999729,660.7999253846667,27.533333333333335,524288.0,325405.06666666665,155.6,380.33333333333337,196.53333333333333,1.3333333333333333
1378366147,1,2399.999729,543.9999385733332,22.666666666666664,524288.0,202372.53333333333,1.7999999999999998,321.73333333333335,149.8,2.3333333333333335
1378366447,1,2399.999729,548.7999380313333,22.866666666666664,524288.0,148545.86666666667,0.6,282.6666666666667,117.6,2.933333333333333
1378366747,1,2399.999729,449.5999492326667,18.733333333333334,524288.0,140856.8,0.7333333333333334,275.8666666666667,106.53333333333333,1.2666666666666666
1378367047,1,2399.999729,486.3999450773333,20.266666666666666,524288.0,138411.2,0.06666666666666667,268.4,103.86666666666666,1.2
1378367347,1,2399.999729,454.3999486906667,18.933333333333334,524288.0,136313.6,0.13333333333333333,274.1333333333333,105.13333333333334,1.4666666666666666
1378367647,1,2399.999729,503.99994309,21.0,524288.0,149944.0,2.1333333333333333,280.1333333333333,112.8,2.2
1378367947,1,2399.999729,454.3999486906667,18.933333333333334,524288.0,129672.26666666666,0.13333333333333333,274.8666666666667,102.66666666666667,1.2666666666666666
1378368247,1,2399.999729,547.199938212,22.8,524288.0,198178.4,245.73333333333335,298.93333333333334,125.73333333333333,1.8
1378368547,1,2399.999729,508.79994254800005,21.2,524288.0,186295.46666666667,8.333333333333332,287.93333333333334,129.53333333333333,1.1333333333333333
1378368848,1,2399.999729,494.39994417400004,20.6,524288.0,150294.4,0.0,265.1333333333333,105.0,1.6
1378369148,1,2399.999729,502.3999432706667,20.933333333333334,524288.0,111496.53333333334,0.0,266.93333333333334,107.06666666666666,1.0666666666666667
1378369448,1,2399.999729,465.59994742599997,19.4,524288.0,138410.4,13.8,264.06666666666666,103.33333333333333,1.2
1378369748,1,2399.999729,468.79994706466664,19.53333333333333,524288.0,143303.46666666667,0.2,266.26666666666665,102.73333333333333,1.2666666666666666
1378370048,1,2399.999729,492.7999443546667,20.533333333333335,524288.0,130021.86666666667,0.06666666666666667,268.66666666666663,106.46666666666667,1.3333333333333333
1378370348,1,2399.999729,470.3999468840001,19.6,524288.0,124778.4,2.9333333333333336,268.0,104.13333333333334,1.1333333333333333
1378370648,1,2399.999729,556.799937128,23.2,524288.0,126176.8,0.0,295.8666666666667,104.6,1.2666666666666666
1378370948,1,2399.999729,641.5999275526667,26.733333333333334,524288.0,166022.93333333332,0.13333333333333333,296.2,110.66666666666667,1.2666666666666666
1378371248,1,2399.999729,471.9999467033334,19.666666666666668,524288.0,140857.06666666668,11.4,275.8666666666667,107.0,1.2
1378371548,1,2399.999729,457.59994832933336,19.066666666666666,524288.0,143303.73333333334,0.0,268.26666666666665,105.33333333333333,1.2666666666666666
1378371848,1,2399.999729,548.7999380313333,22.866666666666664,524288.0,204470.93333333332,177.46666666666667,304.33333333333337,129.13333333333333,1.9333333333333333
1378372148,1,2399.999729,441.59995013599996,18.4,524288.0,203421.6,1.2666666666666666,262.26666666666665,102.46666666666667,1.4
1378372448,1,2399.999729,484.799945258,20.2,524288.0,149944.8,0.13333333333333333,274.8,111.26666666666667,1.8666666666666667
1378372748,1,2399.999729,470.3999468840001,19.6,524288.0,146798.4,0.0,266.0,104.8,1.5333333333333334
1378373047,1,2399.999729,635.1999282753333,26.466666666666665,524288.0,153090.4,10.333333333333334,340.66666666666663,183.86666666666667,1.2666666666666666
1378373347,1,2399.999729,1052.7998811213336,43.86666666666667,524288.0,184547.2,0.06666666666666667,485.4,338.3333333333333,1.3333333333333333
1378373647,1,2399.999729,894.3998990073333,37.266666666666666,524288.0,183848.26666666666,0.4,440.66666666666663,286.73333333333335,1.2666666666666666
1378373947,1,2399.999729,991.9998879866666,41.33333333333333,524288.0,189789.86666666667,4.2,476.2,325.73333333333335,1.3333333333333333
1378374247,1,2399.999729,887.99989973,37.0,524288.0,185246.66666666666,0.5333333333333333,453.06666666666666,303.6,1.4666666666666666
1378374547,1,2399.999729,1121.5998733526667,46.73333333333333,524288.0,204818.93333333332,0.26666666666666666,497.0,346.53333333333336,1.4666666666666666
1378374847,1,2399.999729,958.3998917806668,39.93333333333334,524288.0,186644.0,30.0,486.73333333333335,334.6666666666667,1.2666666666666666
1378375147,1,2399.999729,921.5998959359999,38.4,524288.0,192935.46666666667,0.4666666666666667,446.4,291.06666666666666,1.2
1378375447,1,2399.999729,940.7998937680002,39.2,524288.0,239772.26666666666,252.53333333333333,481.46666666666664,312.4,1.6
1378375747,1,2399.999729,871.9999015366667,36.333333333333336,524288.0,223693.06666666668,8.4,454.8666666666667,313.26666666666665,1.3333333333333333
1378376047,1,2399.999729,1081.5998778693333,45.06666666666667,524288.0,199227.2,1.4,512.8666666666667,368.0,1.6666666666666667
1378376347,1,2399.999729,873.599901356,36.4,524288.0,208664.8,0.3333333333333333,432.7333333333333,289.8666666666667,1.3333333333333333
1378376648,1,2399.999729,1019.1998849153334,42.46666666666667,524288.0,220549.33333333334,25.06666666666667,516.6,373.53333333333336,1.1333333333333333
1378376948,1,2399.999729,1017.5998850960001,42.4,524288.0,233131.73333333334,0.5333333333333333,516.0,360.0,1.3333333333333333
1378377248,1,2399.999729,996.7998874446666,41.53333333333333,524288.0,228587.46666666667,0.6666666666666666,526.8666666666667,385.8666666666667,1.3333333333333333
1378377548,1,2399.999729,1044.7998820246667,43.53333333333333,524288.0,259696.26666666666,9.399999999999999,567.1333333333334,393.6666666666667,1.4
1378377848,1,2399.999729,974.3998899740001,40.6,524288.0,255152.26666666666,0.33333333333333337,485.06666666666666,336.6,1.2666666666666666
1378378148,1,2399.999729,972.7998901546666,40.53333333333333,524288.0,203072.0,0.13333333333333333,470.6,328.6,1.3333333333333333
1378378448,1,2399.999729,878.3999008140001,36.6,524288.0,222295.73333333334,38.93333333333333,449.66666666666663,298.1333333333333,1.3333333333333333
1378378748,1,2399.999729,819.1999074986667,34.13333333333333,524288.0,195732.8,0.33333333333333337,436.8666666666667,287.0,1.2666666666666666
1378379048,1,2399.999729,1806.3997960273334,75.26666666666667,524288.0,270880.5333333333,449.46666666666664,742.7333333333333,421.3333333333333,16.333333333333332
1378379348,1,2399.999729,1254.3998583573336,52.26666666666667,524288.0,354766.13333333336,665.0,623.4000000000001,293.2,2.1333333333333333
1378379648,1,2399.999729,964.7998910580001,40.2,524288.0,347426.6666666667,866.5333333333333,644.5333333333333,317.1333333333333,3.8
1378379948,1,2399.999729,972.7998901546666,40.53333333333333,524288.0,401254.13333333336,1069.7333333333333,599.2666666666667,287.26666666666665,2.2
1378380248,1,2399.999729,913.5998968393333,38.06666666666666,524288.0,394961.86666666664,905.6666666666666,538.6,281.2,1.5333333333333334
1378380548,1,2399.999729,1383.9998437233337,57.66666666666667,524288.0,376436.5333333333,546.6666666666667,679.2666666666667,297.73333333333335,19.933333333333334
1378380848,1,2399.999729,1265.5998570926668,52.73333333333333,524288.0,374339.73333333334,643.1333333333333,647.0666666666666,352.93333333333334,1.8
1378381148,1,2399.999729,1491.1998316186666,62.13333333333333,524288.0,393563.73333333334,681.0666666666667,727.2666666666667,445.4,1.6
1378381448,1,2399.999729,982.3998890706669,40.93333333333334,524288.0,394262.13333333336,739.2666666666667,568.9333333333334,303.46666666666664,1.6
1378381748,1,2399.999729,1215.9998626933336,50.66666666666667,524288.0,396360.0,758.8666666666668,598.3333333333334,349.2,1.6666666666666667
1378382048,1,2399.999729,1044.7998820246667,43.53333333333333,524288.0,393215.2,779.8666666666667,571.2,321.2,1.5333333333333334
1378382348,1,2399.999729,998.3998872640001,41.6,524288.0,364203.73333333334,146.53333333333333,497.6,302.73333333333335,3.533333333333333
1378382648,1,2399.999729,918.3998962973333,38.266666666666666,524288.0,310725.6,13.0,445.4,285.2,1.7333333333333334
1378382948,1,2399.999729,505.5999429093333,21.066666666666666,524288.0,261443.2,8.4,273.26666666666665,110.93333333333334,1.2666666666666666
1378383248,1,2399.999729,601.5999320693334,25.066666666666666,524288.0,222994.66666666666,0.5333333333333333,321.66666666666663,169.8,1.5333333333333334
1378383548,1,2399.999729,980.7998892513334,40.86666666666667,524288.0,290103.73333333334,250.86666666666667,459.73333333333335,308.8,1.2666666666666666
1378383848,1,2399.999729,1060.7998802180002,44.2,524288.0,267384.26666666666,15.733333333333333,513.6666666666666,366.2,1.2666666666666666
1378384149,1,2399.999729,940.7998937680002,39.2,524288.0,237674.66666666666,0.6000000000000001,471.4666666666667,318.46666666666664,1.2666666666666666
1378384449,1,2399.999729,1179.1998668486667,49.13333333333333,524288.0,238024.8,0.6,542.0,393.06666666666666,1.3333333333333333
1378384749,1,2399.999729,1046.399881844,43.6,524288.0,241170.4,8.466666666666667,519.4,360.26666666666665,1.3333333333333333
1378385049,1,2399.999729,963.1998912386667,40.13333333333333,524288.0,230684.8,0.39999999999999997,468.8,314.53333333333336,1.3333333333333333
1378385349,1,2399.999729,1084.799877508,45.2,524288.0,211810.4,0.4666666666666667,514.6,366.46666666666664,1.3333333333333333
1378385649,1,2399.999729,1089.599876966,45.4,524288.0,246413.06666666668,24.73333333333333,505.66666666666663,348.6,1.3333333333333333
1378385949,1,2399.999729,1033.5998832893335,43.06666666666667,524288.0,219499.46666666667,0.26666666666666666,501.0,351.93333333333334,1.2666666666666666
1378386249,1,2399.999729,1046.399881844,43.6,524288.0,234180.8,12.466666666666665,510.06666666666666,353.8,1.6666666666666667
1378386549,1,2399.999729,1076.7998784113333,44.86666666666667,524288.0,242568.8,8.6,505.4,361.06666666666666,1.1333333333333333
1378386849,1,2399.999729,1108.799874798,46.2,524288.0,214256.53333333333,0.26666666666666666,501.1333333333333,355.3333333333333,1.7333333333333334
1378387149,1,2399.999729,1343.9998482400001,56.0,524288.0,276822.13333333336,254.2,612.1999999999999,457.1333333333333,2.8
1378387449,1,2399.999729,1311.9998518533334,54.66666666666667,524288.0,283113.6,15.866666666666665,598.7333333333333,448.2,1.3333333333333333
1378387749,1,2399.999729,1406.3998411940001,58.6,524288.0,245365.6,0.7333333333333333,623.1333333333334,475.73333333333335,1.1333333333333333
1378388049,1,2399.999729,1212.7998630546667,50.53333333333333,524288.0,244316.0,0.4666666666666667,576.0,434.4,1.2666666666666666
1378388349,1,2399.999729,1371.1998451686668,57.13333333333333,524288.0,247461.6,5.466666666666667,594.8666666666667,447.53333333333336,1.2
1378388649,1,2399.999729,1115.1998740753336,46.46666666666667,524288.0,218800.8,0.5333333333333333,546.8666666666667,401.8666666666667,1.1333333333333333
1378388949,1,2399.999729,1222.3998619706667,50.93333333333333,524288.0,206917.6,0.5333333333333333,545.7333333333333,399.0,1.1333333333333333
1378389249,1,2399.999729,1009.5998859993335,42.06666666666667,524288.0,222995.46666666667,27.066666666666666,494.59999999999997,339.73333333333335,1.1333333333333333
1378389549,1,2399.999729,995.1998876253333,41.46666666666667,524288.0,212509.06666666668,0.6,471.06666666666666,322.0,1.2
1378389849,1,2399.999729,1740.7998034346667,72.53333333333333,524288.0,243617.6,399.4,717.0,374.73333333333335,16.133333333333333
1378390149,1,2399.999729,2207.99975068,92.0,524288.0,400553.6,427.06666666666666,864.4,489.46666666666664,11.533333333333333
1378390449,1,2399.999729,1329.599849866,55.4,524288.0,384825.6,646.6,720.0,382.73333333333335,4.333333333333333
1378390749,1,2399.999729,1148.7998702813334,47.86666666666667,524288.0,396709.6,951.4666666666667,725.6,423.53333333333336,1.8
1378391049,1,2399.999729,1174.3998673906667,48.93333333333333,524288.0,398457.86666666664,677.9333333333333,675.4000000000001,421.26666666666665,1.6
1378391349,1,2399.999729,1214.399862874,50.6,524288.0,398805.6,841.4666666666667,651.3333333333334,377.2,1.5333333333333334
1378391649,1,2399.999729,1150.3998701006667,47.93333333333333,524288.0,392165.86666666664,761.8666666666667,617.2666666666667,370.0,1.4
1378391949,1,2399.999729,1134.3998719073336,47.26666666666667,524288.0,391816.26666666666,727.0666666666666,662.1333333333333,338.4,1.5333333333333334
1378392249,1,2399.999729,1523.1998280053335,63.46666666666667,524288.0,388321.06666666665,560.6,757.2,502.46666666666664,1.5333333333333334
1378392549,1,2399.999729,1257.599857996,52.4,524288.0,368048.8,586.6,661.0666666666667,387.1333333333333,1.3333333333333333
1378392849,1,2399.999729,1214.399862874,50.6,524288.0,381680.0,603.4000000000001,611.2666666666668,363.46666666666664,1.2666666666666666
1378393149,1,2399.999729,1287.9998545633334,53.66666666666667,524288.0,390068.8,559.4666666666667,646.8000000000001,427.6,1.2
1378393449,1,2399.999729,1300.799853118,54.2,524288.0,384475.73333333334,665.8666666666667,624.4000000000001,388.4,1.6666666666666667
1378393749,1,2399.999729,1486.3998321606666,61.93333333333333,524288.0,397408.26666666666,492.26666666666665,702.8,391.26666666666665,14.666666666666666
1378394050,1,2399.999729,1491.1998316186666,62.13333333333333,524288.0,380981.3333333333,553.5333333333333,723.8666666666667,363.8,12.2
1378394350,1,2399.999729,1297.5998534793334,54.06666666666667,524288.0,382728.5333333333,654.0666666666666,674.2666666666667,399.6666666666667,1.3333333333333333
1378394650,1,2399.999729,1239.9998599833334,51.66666666666667,524288.0,392514.93333333335,711.8666666666668,653.4,375.3333333333333,1.2
1378394950,1,2399.999729,1649.5998137326667,68.73333333333333,524288.0,392166.4,603.2,822.1333333333333,566.4666666666667,1.3333333333333333
1378395250,1,2399.999729,1388.7998431813332,57.86666666666667,524288.0,399505.6,761.8666666666666,626.6,395.6,1.2666666666666666
1378395550,1,2399.999729,1406.3998411940001,58.6,524288.0,376436.8,683.6666666666667,639.9333333333334,382.53333333333336,2.7333333333333334
1378395850,1,2399.999729,1417.5998399293335,59.06666666666667,524288.0,386922.6666666667,643.2666666666667,699.2666666666667,332.2,10.533333333333333
1378396150,1,2399.999729,1158.3998691973334,48.26666666666667,524288.0,379933.06666666665,715.3333333333333,612.8666666666667,322.3333333333333,1.3333333333333333
1378396450,1,2399.999729,1167.9998681133336,48.66666666666667,524288.0,385873.86666666664,707.8,566.4,310.73333333333335,1.2
1378396750,1,2399.999729,1534.3998267406669,63.93333333333333,524288.0,393912.8,818.4,710.8666666666667,453.3333333333333,1.2666666666666666
1378397050,1,2399.999729,1254.3998583573336,52.26666666666667,524288.0,396709.6,771.6,602.9333333333334,350.93333333333334,1.7333333333333334
1378397350,1,2399.999729,1297.5998534793334,54.06666666666667,524288.0,372941.86666666664,301.2,556.6666666666667,370.0,1.8666666666666667
1378397650,1,2399.999729,1156.799869378,48.2,524288.0,341834.4,0.9333333333333333,491.4666666666667,355.6666666666667,1.6
1378397950,1,2399.999729,1207.9998635966665,50.33333333333333,524288.0,299541.6,0.7999999999999999,488.59999999999997,350.6666666666667,1.2666666666666666
1378398250,1,2399.999729,1161.599868836,48.4,524288.0,300240.5333333333,34.6,506.40000000000003,358.06666666666666,1.4
1378398550,1,2399.999729,1207.9998635966665,50.33333333333333,524288.0,269132.5333333333,0.4666666666666667,491.06666666666666,346.1333333333333,1.1333333333333333
1378398850,1,2399.999729,1366.3998457106666,56.93333333333333,524288.0,242568.8,0.6666666666666667,625.3333333333334,495.93333333333334,2.6666666666666665
1378399150,1,2399.999729,1873.5997884393332,78.06666666666666,524288.0,307230.13333333336,13.666666666666666,904.9333333333333,826.2,2.933333333333333
1378399450,1,2399.999729,1612.799817888,67.2,524288.0,333445.06666666665,0.9333333333333333,757.3333333333333,649.8,2.4
1378399750,1,2399.999729,838.3999053306668,34.93333333333334,524288.0,244316.8,0.6000000000000001,393.4666666666667,252.26666666666668,1.8
1378400050,1,2399.999729,743.99991599,31.0,524288.0,190838.4,38.93333333333334,346.33333333333337,195.86666666666667,1.6
1378400350,1,2399.999729,678.3999233973333,28.266666666666666,524288.0,156935.2,0.5333333333333333,303.3333333333333,156.2,1.3333333333333333
1378400650,1,2399.999729,559.9999367666667,23.333333333333336,524288.0,150993.86666666667,9.933333333333334,293.33333333333337,129.73333333333332,1.6666666666666667
1378400950,1,2399.999729,503.99994309,21.0,524288.0,141905.33333333334,7.4,256.93333333333334,101.0,1.4
1378401250,1,2399.999729,516.7999416446668,21.533333333333335,524288.0,134915.2,0.3333333333333333,259.6,106.53333333333333,1.6666666666666667
1378401550,1,2399.999729,591.9999331533334,24.666666666666664,524288.0,132119.46666666667,0.0,263.6666666666667,107.4,1.2666666666666666
1378401850,1,2399.999729,529.5999401993333,22.066666666666666,524288.0,144702.4,11.466666666666667,266.6,110.93333333333334,1.2
1378402150,1,2399.999729,481.59994561933337,20.066666666666666,524288.0,138061.6,0.06666666666666667,253.33333333333334,100.33333333333333,1.1333333333333333
1378402450,1,2399.999729,494.39994417400004,20.6,524288.0,140157.86666666667,0.0,265.3333333333333,112.26666666666667,1.4
1378402750,1,2399.999729,607.9999313466668,25.333333333333336,524288.0,153438.93333333332,3.8666666666666667,293.4,134.8,1.2666666666666666
1378403050,1,2399.999729,483.1999454386667,20.133333333333333,524288.0,159380.8,0.2,253.73333333333335,104.0,1.2
1378403350,1,2399.999729,463.9999476066667,19.333333333333332,524288.0,142604.8,0.13333333333333333,252.0,105.33333333333333,1.2
1378403651,1,2399.999729,460.79994796799997,19.2,524288.0,171964.8,0.4,259.06666666666666,102.73333333333333,1.2666666666666666
1378403951,1,2399.999729,473.5999465226667,19.733333333333334,524288.0,139459.2,0.0,252.33333333333334,101.86666666666666,1.2
1378404251,1,2399.999729,535.9999394766668,22.333333333333336,524288.0,147847.2,7.2,290.8,131.73333333333332,1.6666666666666667
1378404551,1,2399.999729,483.1999454386667,20.133333333333333,524288.0,170915.2,0.7333333333333333,251.60000000000002,97.66666666666667,1.2666666666666666
1378404851,1,2399.999729,497.59994381266665,20.733333333333334,524288.0,165324.0,0.06666666666666667,259.8,105.93333333333334,1.5333333333333334
1378405151,1,2399.999729,500.7999434513333,20.866666666666664,524288.0,140857.06666666668,0.0,252.8,103.06666666666666,1.3333333333333333
1378405451,1,2399.999729,478.39994598066664,19.933333333333334,524288.0,125128.26666666666,0.06666666666666667,258.06666666666666,104.86666666666666,0.9333333333333333
1378405750,1,2399.999729,476.79994616133337,19.866666666666667,524288.0,146100.26666666666,0.06666666666666667,247.8,102.2,1.0666666666666667
1378406050,1,2399.999729,510.3999423673333,21.266666666666666,524288.0,141905.86666666667,0.26666666666666666,259.2,111.33333333333333,1.2666666666666666
1378406350,1,2399.999729,500.7999434513333,20.866666666666664,524288.0,153789.86666666667,3.7333333333333334,255.46666666666667,106.13333333333334,1.2
1378406650,1,2399.999729,479.9999458,20.0,524288.0,145050.93333333332,0.13333333333333333,251.0666666666667,102.26666666666667,1.1333333333333333
1378406950,1,2399.999729,591.9999331533334,24.666666666666664,524288.0,142605.06666666668,0.06666666666666667,267.06666666666666,122.2,1.4
1378407250,1,2399.999729,623.99992954,26.0,524288.0,162178.4,0.3333333333333333,270.93333333333334,120.06666666666666,1.2666666666666666
1378407550,1,2399.999729,531.1999400186668,22.133333333333336,524288.0,148896.26666666666,0.06666666666666667,257.33333333333337,110.0,1.4
1378407850,1,2399.999729,583.9999340566668,24.333333333333336,524288.0,156584.8,7.0,303.73333333333335,140.6,1.5333333333333334
1378408150,1,2399.999729,468.79994706466664,19.53333333333333,524288.0,161478.4,0.3333333333333333,252.6,101.73333333333333,1.2
1378408450,1,2399.999729,476.79994616133337,19.866666666666667,524288.0,143653.6,0.0,257.5333333333333,106.53333333333333,1.5333333333333334
1378408751,1,2399.999729,497.59994381266665,20.733333333333334,524288.0,127924.8,0.26666666666666666,262.26666666666665,108.26666666666667,1.4
1378409051,1,2399.999729,535.9999394766668,22.333333333333336,524288.0,153090.4,0.13333333333333333,257.46666666666664,107.6,1.3333333333333333
1378409351,1,2399.999729,494.39994417400004,20.6,524288.0,136662.66666666666,0.0,272.6,113.13333333333334,1.1333333333333333
1378409651,1,2399.999729,478.39994598066664,19.933333333333334,524288.0,151343.2,0.06666666666666667,280.6,118.33333333333333,1.3333333333333333
1378409951,1,2399.999729,470.3999468840001,19.6,524288.0,157285.06666666668,3.5333333333333337,276.5333333333333,112.93333333333334,1.2
1378410251,1,2399.999729,447.99994941333335,18.666666666666668,524288.0,143303.46666666667,0.0,257.1333333333333,107.13333333333334,1.1333333333333333
1378410551,1,2399.999729,438.39995049733335,18.266666666666666,524288.0,143653.33333333334,0.06666666666666667,252.33333333333331,104.66666666666667,1.2666666666666666
1378410851,1,2399.999729,425.59995194266673,17.733333333333334,524288.0,146100.26666666666,0.5333333333333333,255.26666666666668,104.4,1.0
1378411151,1,2399.999729,441.59995013599996,18.4,524288.0,140857.06666666668,0.13333333333333333,250.66666666666669,102.33333333333333,1.1333333333333333
1378411451,1,2399.999729,516.7999416446668,21.533333333333335,524288.0,154837.6,6.933333333333334,290.6666666666667,131.06666666666666,1.5333333333333334
1378411751,1,2399.999729,443.1999499553334,18.46666666666667,524288.0,164274.13333333333,0.7333333333333334,251.93333333333334,102.4,1.2
1378412051,1,2399.999729,463.9999476066667,19.333333333333332,524288.0,136663.46666666667,0.8,262.5333333333333,111.26666666666667,1.8666666666666667
1378412351,1,2399.999729,483.1999454386667,20.133333333333333,524288.0,121632.8,0.06666666666666667,265.6,115.93333333333334,1.3333333333333333
1378412651,1,2399.999729,487.99994489666665,20.333333333333332,524288.0,127225.33333333333,13.4,261.3333333333333,114.86666666666666,1.2
1378412951,1,2399.999729,495.9999439933333,20.666666666666664,524288.0,120583.2,0.13333333333333333,259.8666666666667,113.06666666666666,1.2
1378413251,1,2399.999729,508.79994254800005,21.2,524288.0,138410.66666666666,0.06666666666666667,264.5333333333333,119.6,1.1333333333333333
1378413551,1,2399.999729,518.3999414640001,21.6,524288.0,142604.0,2.0,259.66666666666663,112.6,1.2666666666666666
1378413851,1,2399.999729,487.99994489666665,20.333333333333332,524288.0,132118.4,0.13333333333333333,257.8666666666667,111.6,1.0
1378414151,1,2399.999729,500.7999434513333,20.866666666666664,524288.0,137361.6,0.0,254.8,110.53333333333333,1.1333333333333333
1378414451,1,2399.999729,500.7999434513333,20.866666666666664,524288.0,153788.8,0.4666666666666667,262.5333333333333,112.66666666666667,1.1333333333333333
1378414751,1,2399.999729,510.3999423673333,21.266666666666666,524288.0,129322.66666666667,19.133333333333333,267.06666666666666,110.0,1.2
1378415051,1,2399.999729,564.7999362246668,23.533333333333335,524288.0,210063.2,519.0,313.26666666666665,132.33333333333334,2.0
1378415351,1,2399.999729,515.1999418253333,21.466666666666665,524288.0,264588.26666666666,227.33333333333334,265.6,104.0,1.6
1378415651,1,2399.999729,500.7999434513333,20.866666666666664,524288.0,181751.2,0.3333333333333333,256.5333333333333,109.4,1.5333333333333334
1378415951,1,2399.999729,478.39994598066664,19.933333333333334,524288.0,148197.33333333334,0.2,255.93333333333334,106.4,1.0
1378416251,1,2399.999729,484.799945258,20.2,524288.0,146448.8,25.866666666666667,260.3333333333333,107.46666666666667,0.9333333333333333
1378416551,1,2399.999729,475.19994634200003,19.8,524288.0,140158.93333333332,0.13333333333333333,253.4,104.6,1.1333333333333333
1378416851,1,2399.999729,497.59994381266665,20.733333333333334,524288.0,134565.6,0.06666666666666667,258.1333333333333,109.66666666666667,0.9333333333333333
1378417152,1,2399.999729,481.59994561933337,20.066666666666666,524288.0,124079.46666666666,0.6666666666666666,260.73333333333335,104.73333333333333,1.1333333333333333
1378417452,1,2399.999729,476.79994616133337,19.866666666666667,524288.0,150643.46666666667,0.0,251.46666666666667,100.46666666666667,1.2
1378417752,1,2399.999729,441.59995013599996,18.4,524288.0,139459.46666666667,0.26666666666666666,254.93333333333334,100.73333333333333,1.2
1378418052,1,2399.999729,495.9999439933333,20.666666666666664,524288.0,134915.2,0.39999999999999997,259.0,102.46666666666667,1.2
1378418352,1,2399.999729,459.19994814866664,19.133333333333333,524288.0,132818.93333333332,0.0,252.53333333333333,101.86666666666666,1.2666666666666666
1378418652,1,2399.999729,622.3999297206667,25.933333333333334,524288.0,141556.8,10.066666666666666,303.2,167.4,1.5333333333333334
1378418952,1,2399.999729,486.3999450773333,20.266666666666666,524288.0,183499.2,0.8666666666666667,279.3333333333333,124.8,1.0666666666666667
1378419252,1,2399.999729,529.5999401993333,22.066666666666666,524288.0,164624.0,0.26666666666666666,268.0666666666667,110.6,1.6
1378419552,1,2399.999729,487.99994489666665,20.333333333333332,524288.0,140508.0,0.0,259.6,107.93333333333334,1.1333333333333333
1378419852,1,2399.999729,462.39994778733336,19.266666666666666,524288.0,141556.8,0.5333333333333333,256.26666666666665,103.4,1.0
1378420152,1,2399.999729,446.3999495940001,18.6,524288.0,138410.4,0.0,262.26666666666665,109.2,0.9333333333333333
1378420452,1,2399.999729,535.9999394766668,22.333333333333336,524288.0,131420.0,0.06666666666666667,273.8666666666667,124.46666666666667,1.0666666666666667
1378420752,1,2399.999729,475.19994634200003,19.8,524288.0,143652.26666666666,2.266666666666667,268.8,117.13333333333334,0.9333333333333333
1378421052,1,2399.999729,503.99994309,21.0,524288.0,140856.53333333333,0.0,261.93333333333334,111.6,1.1333333333333333
1378421352,1,2399.999729,447.99994941333335,18.666666666666668,524288.0,139109.33333333334,0.0,248.66666666666669,103.0,1.1333333333333333
1378421652,1,2399.999729,470.3999468840001,19.6,524288.0,155885.86666666667,0.6666666666666666,258.06666666666666,106.0,1.0
1378421952,1,2399.999729,451.199949052,18.8,524288.0,140158.93333333332,0.06666666666666667,254.13333333333333,104.53333333333333,1.0666666666666667
1378422252,1,2399.999729,643.199927372,26.8,524288.0,191887.2,621.1333333333333,394.66666666666663,153.86666666666667,1.4666666666666666
1378422552,1,2399.999729,619.199930082,25.8,524288.0,330299.2,948.0666666666666,463.1333333333333,122.6,1.0
1378422852,1,2399.999729,676.7999235780001,28.2,524288.0,363504.5333333333,981.4666666666667,442.8666666666667,118.0,1.3333333333333333
1378423152,1,2399.999729,750.3999152673334,31.266666666666666,524288.0,373990.6666666667,1139.4,374.8666666666667,108.4,0.9333333333333333
1378423452,1,2399.999729,2247.9997461633334,93.66666666666666,524288.0,357563.2,1698.9333333333334,296.33333333333337,107.86666666666666,0.9333333333333333
1378423752,1,2399.999729,2230.399748150667,92.93333333333334,524288.0,334493.6,1578.0666666666668,312.1333333333333,107.4,0.9333333333333333
1378424052,1,2399.999729,2257.5997450793334,94.06666666666666,524288.0,257947.2,1772.5333333333333,309.0,112.0,0.9333333333333333
1378424352,1,2399.999729,2278.3997427306667,94.93333333333334,524288.0,358611.2,1841.1333333333332,304.93333333333334,103.86666666666666,0.9333333333333333
1378424653,1,2399.999729,2260.7997447180005,94.2,524288.0,320862.4,1284.5333333333333,297.46666666666664,106.73333333333333,0.9333333333333333
1378424953,1,2399.999729,2377.5997315293334,99.06666666666666,524288.0,338688.0,1047.6666666666667,272.53333333333336,106.2,1.0
1378425253,1,2399.999729,2374.3997318906668,98.93333333333334,524288.0,384825.86666666664,1076.3333333333333,275.46666666666664,107.66666666666667,1.0666666666666667
1378425553,1,2399.999729,2295.9997407433334,95.66666666666666,524288.0,363854.4,1024.6000000000001,272.6,104.86666666666666,1.0666666666666667
1378425853,1,2399.999729,2383.9997308066672,99.33333333333334,524288.0,365252.26666666666,1029.0666666666666,317.6,152.93333333333334,1.6
1378426153,1,2399.999729,2425.5997261093335,101.06666666666666,524288.0,353018.4,1103.7333333333333,247.66666666666669,99.33333333333333,1.0666666666666667
1378426453,1,2399.999729,2271.9997434533334,94.66666666666666,524288.0,331697.3333333333,1618.2666666666667,308.26666666666665,104.06666666666666,1.5333333333333334
1378426753,1,2399.999729,2124.799760074667,88.53333333333335,524288.0,238024.53333333333,1670.4666666666667,320.26666666666665,117.33333333333333,1.0666666666666667
1378427053,1,2399.999729,2303.99973984,96.0,524288.0,309677.6,1707.1333333333332,290.8666666666667,103.26666666666667,1.1333333333333333
1378427353,1,2399.999729,2201.5997514026667,91.73333333333333,524288.0,278569.06666666665,1598.6666666666667,290.1333333333333,102.53333333333333,1.0666666666666667
1378427653,1,2399.999729,2348.7997347813334,97.86666666666666,524288.0,317716.5333333333,2542.6666666666665,381.4666666666667,110.93333333333334,1.0666666666666667
1378427953,1,2399.999729,2244.799746524667,93.53333333333335,524288.0,413486.4,2240.2,355.33333333333337,99.13333333333334,0.9333333333333333
1378428253,1,2399.999729,2252.7997456213334,93.86666666666666,524288.0,406846.6666666667,2252.2666666666664,356.6,101.53333333333333,0.9333333333333333
1378428553,1,2399.999729,2271.9997434533334,94.66666666666666,524288.0,419777.6,2225.4666666666667,358.0,100.93333333333334,1.0666666666666667
1378428853,1,2399.999729,2115.1997611586667,88.13333333333334,524288.0,422574.4,1625.5333333333333,321.40000000000003,104.86666666666666,1.0
1378429153,1,2399.999729,459.19994814866664,19.133333333333333,524288.0,282414.4,0.8,258.06666666666666,103.8,1.0
1378429453,1,2399.999729,519.9999412833333,21.666666666666664,524288.0,167420.26666666666,10.200000000000001,290.06666666666666,131.66666666666666,1.5333333333333334
1378429753,1,2399.999729,484.799945258,20.2,524288.0,149944.8,0.4666666666666666,256.93333333333334,102.46666666666667,1.1333333333333333
1378430053,1,2399.999729,463.9999476066667,19.333333333333332,524288.0,135265.6,0.8,262.06666666666666,107.0,1.6666666666666667
1378430353,1,2399.999729,503.99994309,21.0,524288.0,142605.6,0.06666666666666667,256.66666666666663,108.93333333333334,1.1333333333333333
1378430653,1,2399.999729,495.9999439933333,20.666666666666664,524288.0,152041.6,0.6,259.6,108.06666666666666,1.0
1378430953,1,2399.999729,460.79994796799997,19.2,524288.0,139459.2,0.0,254.13333333333333,102.26666666666667,1.1333333333333333
1378431253,1,2399.999729,499.19994363200004,20.8,524288.0,127225.33333333333,0.06666666666666667,260.93333333333334,108.8,0.9333333333333333
1378431553,1,2399.999729,470.3999468840001,19.6,524288.0,122681.6,3.1333333333333337,251.2,103.06666666666666,1.0666666666666667
1378431853,1,2399.999729,478.39994598066664,19.933333333333334,524288.0,147846.13333333333,0.06666666666666667,246.2,100.46666666666667,0.9333333333333333
1378432153,1,2399.999729,467.19994724533336,19.46666666666667,524288.0,130020.53333333334,0.06666666666666667,248.2,102.66666666666667,1.0
1378432453,1,2399.999729,462.39994778733336,19.266666666666666,524288.0,139808.8,0.5333333333333333,256.93333333333334,103.66666666666667,1.0666666666666667
1378432753,1,2399.999729,460.79994796799997,19.2,524288.0,138061.06666666668,0.0,253.66666666666666,103.13333333333334,1.0
1378433054,1,2399.999729,891.1998993686667,37.13333333333333,524288.0,169518.13333333333,582.4,334.0,131.8,1.8
1378433354,1,2399.999729,791.9999105700001,33.0,524288.0,252005.86666666667,702.0,408.6,101.0,1.2666666666666666
1378433654,1,2399.999729,654.3999261073334,27.266666666666666,524288.0,353368.8,162.0,306.3333333333333,102.66666666666667,1.6666666666666667
1378433954,1,2399.999729,831.9999060533332,34.666666666666664,524288.0,245016.0,0.5333333333333333,322.1333333333333,107.93333333333334,1.2666666666666666
1378434254,1,2399.999729,537.599939296,22.4,524288.0,197829.06666666668,36.4,276.8666666666667,107.53333333333333,1.1333333333333333
1378434554,1,2399.999729,561.599936586,23.4,524288.0,191537.86666666667,0.0,285.93333333333334,105.66666666666667,1.1333333333333333
1378434854,1,2399.999729,441.59995013599996,18.4,524288.0,189790.4,0.13333333333333333,265.3333333333333,108.13333333333334,1.0666666666666667
1378435154,1,2399.999729,420.7999524846666,17.53333333333333,524288.0,187692.8,2.066666666666667,253.26666666666665,101.4,1.0
1378435454,1,2399.999729,425.59995194266673,17.733333333333334,524288.0,159380.8,0.2,245.0,99.46666666666667,0.9333333333333333
1378435754,1,2399.999729,430.3999514006667,17.933333333333334,524288.0,170915.2,0.0,247.46666666666664,101.93333333333334,0.8666666666666667
1378436054,1,2399.999729,441.59995013599996,18.4,524288.0,147847.2,1.1333333333333333,252.59999999999997,102.93333333333334,0.9333333333333333
1378436354,1,2399.999729,415.9999530266666,17.333333333333332,524288.0,147846.93333333332,0.2,244.46666666666667,100.26666666666667,0.9333333333333333
1378436654,1,2399.999729,462.39994778733336,19.266666666666666,524288.0,162876.8,15.666666666666666,285.0,123.8,1.4
1378436954,1,2399.999729,399.9999548333334,16.666666666666668,524288.0,146798.93333333332,0.0,242.93333333333334,93.93333333333334,1.0
1378437254,1,2399.999729,451.199949052,18.8,524288.0,143303.73333333334,0.06666666666666667,255.93333333333334,107.6,1.4
1378437554,1,2399.999729,515.1999418253333,21.466666666666665,524288.0,147149.06666666668,0.0,255.26666666666668,115.2,1.0
1378437854,1,2399.999729,534.3999396573333,22.266666666666666,524288.0,156236.0,0.4,260.93333333333334,119.8,0.8666666666666667
1378438154,1,2399.999729,553.5999374893333,23.066666666666666,524288.0,188392.8,924.2,296.8,115.0,1.0666666666666667
1378438454,1,2399.999729,572.7999353213334,23.866666666666664,524288.0,263190.6666666667,3.1333333333333333,271.1333333333333,122.73333333333333,1.0
1378438754,1,2399.999729,505.5999429093333,21.066666666666666,524288.0,156935.2,11.399999999999999,254.39999999999998,112.46666666666667,1.0
1378439054,1,2399.999729,539.1999391153333,22.466666666666665,524288.0,136663.46666666667,0.3333333333333333,254.8,107.86666666666666,0.9333333333333333
1378439354,1,2399.999729,435.1999508586667,18.133333333333333,524288.0,152390.66666666666,0.26666666666666666,244.2,101.6,0.9333333333333333
1378439654,1,2399.999729,452.7999488713334,18.866666666666667,524288.0,154837.6,20.8,260.0,106.0,0.9333333333333333
1378439954,1,2399.999729,441.59995013599996,18.4,524288.0,154488.0,0.06666666666666667,246.73333333333335,103.06666666666666,1.0
1378440254,1,2399.999729,678.3999233973333,28.266666666666666,524288.0,173712.53333333333,7.466666666666667,328.73333333333335,173.73333333333332,1.4666666666666666
1378440554,1,2399.999729,473.5999465226667,19.733333333333334,524288.0,165672.8,0.6,258.06666666666666,110.73333333333333,0.9333333333333333
1378440854,1,2399.999729,524.7999407413332,21.866666666666664,524288.0,171965.6,0.06666666666666667,281.73333333333335,131.33333333333334,1.4666666666666666
1378441154,1,2399.999729,503.99994309,21.0,524288.0,144351.73333333334,0.26666666666666666,273.2,124.2,1.0666666666666667
1378441454,1,2399.999729,553.5999374893333,23.066666666666666,524288.0,150643.73333333334,12.799999999999999,275.93333333333334,121.26666666666667,1.0666666666666667
1378441754,1,2399.999729,547.199938212,22.8,524288.0,139109.06666666668,0.13333333333333333,275.06666666666666,121.33333333333333,0.9333333333333333
1378442054,1,2399.999729,596.7999326113332,24.866666666666664,524288.0,142603.73333333334,0.13333333333333333,276.4,126.53333333333333,1.0
1378442354,1,2399.999729,587.1999336953334,24.466666666666665,524288.0,145749.6,3.5333333333333337,268.6666666666667,119.93333333333334,1.0
1378442654,1,2399.999729,563.1999364053333,23.466666666666665,524288.0,137012.26666666666,0.0,267.5333333333333,114.46666666666667,1.0666666666666667
1378442954,1,2399.999729,481.59994561933337,20.066666666666666,524288.0,134216.26666666666,0.0,257.2,108.26666666666667,0.9333333333333333
1378443254,1,2399.999729,494.39994417400004,20.6,524288.0,149245.33333333334,1.1333333333333333,261.93333333333334,108.26666666666667,0.8666666666666667
1378443554,1,2399.999729,483.1999454386667,20.133333333333333,524288.0,160429.6,0.06666666666666667,259.53333333333336,106.06666666666666,1.0
1378443854,1,2399.999729,521.5999411026667,21.733333333333334,524288.0,152390.93333333332,202.6,287.3333333333333,124.2,1.6
1378444154,1,2399.999729,427.19995176200007,17.8,524288.0,210413.06666666668,0.2,242.5333333333333,97.73333333333333,1.0
1378444454,1,2399.999729,459.19994814866664,19.133333333333333,524288.0,153789.06666666668,0.2,248.86666666666667,103.66666666666667,1.3333333333333333
1378444754,1,2399.999729,459.19994814866664,19.133333333333333,524288.0,131768.8,0.13333333333333333,243.13333333333333,102.4,1.0
1378445054,1,2399.999729,441.59995013599996,18.4,524288.0,168120.0,13.666666666666666,249.13333333333333,100.8,0.8
1378445354,1,2399.999729,470.3999468840001,19.6,524288.0,155186.66666666666,0.0,246.73333333333335,98.8,1.0
1378445654,1,2399.999729,478.39994598066664,19.933333333333334,524288.0,140507.2,0.06666666666666667,254.93333333333334,110.06666666666666,1.1333333333333333
1378445954,1,2399.999729,446.3999495940001,18.6,524288.0,140507.2,2.0,253.33333333333331,102.06666666666666,1.0
1378446254,1,2399.999729,457.59994832933336,19.066666666666666,524288.0,142604.0,0.0,250.86666666666667,102.4,0.9333333333333333
1378446554,1,2399.999729,451.199949052,18.8,524288.0,137362.4,0.0,253.66666666666669,102.4,1.0
1378446855,1,2399.999729,444.7999497746667,18.53333333333333,524288.0,133516.8,1.2666666666666666,256.93333333333334,103.73333333333333,1.0
1378447155,1,2399.999729,454.3999486906667,18.933333333333334,524288.0,127575.46666666666,0.06666666666666667,253.8,101.73333333333333,1.0
1378447455,1,2399.999729,502.3999432706667,20.933333333333334,524288.0,153789.86666666667,7.533333333333334,283.4,123.8,1.4666666666666666
1378447755,1,2399.999729,460.79994796799997,19.2,524288.0,169518.4,0.4666666666666667,247.0,100.2,1.0
1378448055,1,2399.999729,473.5999465226667,19.733333333333334,524288.0,150293.33333333334,0.6666666666666666,261.8666666666667,107.73333333333333,1.5333333333333334
1378448355,1,2399.999729,513.599942006,21.4,524288.0,131420.26666666666,0.13333333333333333,249.66666666666666,105.2,1.0
1378448655,1,2399.999729,455.99994851,19.0,524288.0,151692.53333333333,0.6000000000000001,256.8,104.6,1.0
1378448955,1,2399.999729,463.9999476066667,19.333333333333332,524288.0,154138.4,0.06666666666666667,249.26666666666668,100.46666666666667,1.0666666666666667
1378449255,1,2399.999729,459.19994814866664,19.133333333333333,524288.0,150294.4,0.13333333333333333,261.2,108.0,1.2
1378449555,1,2399.999729,475.19994634200003,19.8,524288.0,125827.2,2.2,254.60000000000002,102.26666666666667,1.2
1378449855,1,2399.999729,452.7999488713334,18.866666666666667,524288.0,135962.93333333332,0.2,257.8,104.33333333333333,1.0666666666666667
1378450155,1,2399.999729,473.5999465226667,19.733333333333334,524288.0,134216.0,0.06666666666666667,252.46666666666664,102.46666666666667,1.2
1378450455,1,2399.999729,740.7999163513332,30.866666666666664,524288.0,169866.93333333332,0.4,407.06666666666666,264.8,2.6
1378450755,1,2399.999729,1233.599860706,51.4,524288.0,188740.8,0.2,639.6666666666666,514.7333333333333,3.533333333333333
1378451055,1,2399.999729,1401.5998417360001,58.4,524288.0,283113.6,252.53333333333336,740.4,590.0,3.2
1378451355,1,2399.999729,812.7999082213333,33.86666666666667,524288.0,261442.66666666666,8.866666666666667,421.20000000000005,279.53333333333336,1.6666666666666667
1378451655,1,2399.999729,475.19994634200003,19.8,524288.0,192936.0,0.5333333333333333,264.6,111.2,1.6
1378451955,1,2399.999729,774.3999125573333,32.266666666666666,524288.0,221597.06666666668,149.13333333333333,333.59999999999997,109.86666666666666,1.4666666666666666
1378452255,1,2399.999729,551.99993767,23.0,524288.0,200625.86666666667,16.066666666666666,264.26666666666665,109.66666666666667,1.3333333333333333
1378452555,1,2399.999729,478.39994598066664,19.933333333333334,524288.0,148197.06666666668,0.2,266.6,109.6,1.3333333333333333
1378452855,1,2399.999729,489.599944716,20.4,524288.0,133866.66666666666,0.26666666666666666,259.6666666666667,110.93333333333334,1.4666666666666666
1378453155,1,2399.999729,470.3999468840001,19.6,524288.0,126874.93333333333,3.4000000000000004,257.26666666666665,104.66666666666667,1.1333333333333333
1378453455,1,2399.999729,439.9999503166666,18.333333333333332,524288.0,139808.0,0.06666666666666667,255.4,104.6,0.9333333333333333
1378453755,1,2399.999729,457.59994832933336,19.066666666666666,524288.0,138409.6,0.2,253.73333333333335,104.4,1.0666666666666667
1378454055,1,2399.999729,467.19994724533336,19.46666666666667,524288.0,138060.26666666666,0.4666666666666667,258.5333333333333,107.2,1.1333333333333333
1378454355,1,2399.999729,449.5999492326667,18.733333333333334,524288.0,134216.53333333333,0.0,252.93333333333334,102.73333333333333,1.0
1378454655,1,2399.999729,486.3999450773333,20.266666666666666,524288.0,149944.0,6.733333333333333,282.5333333333333,127.26666666666667,1.6666666666666667
1378454955,1,2399.999729,462.39994778733336,19.266666666666666,524288.0,150992.8,1.6,260.1333333333333,113.26666666666667,1.1333333333333333
1378455255,1,2399.999729,531.1999400186668,22.133333333333336,524288.0,149944.0,0.0,287.8666666666667,139.86666666666667,1.6
1378455555,1,2399.999729,475.19994634200003,19.8,524288.0,203421.6,182.2,266.4,106.86666666666666,1.3333333333333333
1378455855,1,2399.999729,662.399925204,27.6,524288.0,175459.73333333334,12.866666666666667,361.8666666666667,220.86666666666667,1.1333333333333333
1378456156,1,2399.999729,889.5998995493334,37.06666666666666,524288.0,188392.53333333333,0.0,468.8,331.6666666666667,1.3333333333333333
1378456456,1,2399.999729,1121.5998733526667,46.73333333333333,524288.0,200975.2,0.2,509.26666666666665,372.3333333333333,1.4666666666666666
1378456756,1,2399.999729,891.1998993686667,37.13333333333333,524288.0,199227.46666666667,4.066666666666666,454.66666666666663,313.4,1.2666666666666666
1378457056,1,2399.999729,836.7999055113333,34.86666666666667,524288.0,197829.6,0.0,430.8,284.93333333333334,1.4
1378457356,1,2399.999729,811.199908402,33.8,524288.0,202024.26666666666,0.26666666666666666,432.06666666666666,291.0,1.4666666666666666
1378457656,1,2399.999729,1065.599879676,44.4,524288.0,189091.73333333334,22.799999999999997,520.2666666666667,384.73333333333335,1.2
1378457956,1,2399.999729,1214.399862874,50.6,524288.0,241519.46666666667,0.6,586.3333333333333,455.8666666666667,1.4
1378458256,1,2399.999729,1054.3998809406667,43.93333333333333,524288.0,234879.2,16.733333333333334,535.5333333333333,353.46666666666664,1.6
1378458556,1,2399.999729,1126.3998728106667,46.93333333333333,524288.0,242220.0,8.266666666666667,536.0,332.2,1.2
1378458856,1,2399.999729,884.7999000913334,36.86666666666667,524288.0,219149.6,0.3333333333333333,459.93333333333334,313.6666666666667,1.8
1378459156,1,2399.999729,1299.1998532986668,54.13333333333333,524288.0,267385.06666666665,249.13333333333335,576.0,418.06666666666666,1.2666666666666666
1378459456,1,2399.999729,1030.3998836506667,42.93333333333333,524288.0,265986.93333333335,20.06666666666667,518.8666666666667,378.46666666666664,1.4666666666666666
1378459756,1,2399.999729,891.1998993686667,37.13333333333333,524288.0,230335.46666666667,0.4666666666666667,466.79999999999995,329.06666666666666,1.2666666666666666
1378460056,1,2399.999729,833.5999058726667,34.733333333333334,524288.0,200276.26666666666,0.5333333333333333,454.3333333333333,312.6666666666667,1.5333333333333334
1378460356,1,2399.999729,876.7999009946667,36.53333333333333,524288.0,182100.0,5.8,449.26666666666665,310.06666666666666,1.4666666666666666
1378460656,1,2399.999729,1191.9998654033336,49.66666666666667,524288.0,193284.26666666666,0.5333333333333333,602.9333333333333,473.06666666666666,1.2
1378460956,1,2399.999729,852.7999037046667,35.53333333333333,524288.0,224392.53333333333,0.3333333333333333,472.33333333333337,332.3333333333333,1.2
1378461256,1,2399.999729,867.1999020786666,36.13333333333333,524288.0,202022.93333333332,23.53333333333333,464.8666666666667,324.2,1.1333333333333333
1378461556,1,2399.999729,1083.1998776886667,45.13333333333333,524288.0,207964.8,0.5333333333333333,557.1333333333333,422.8,1.2
1378461856,1,2399.999729,911.99989702,38.0,524288.0,209712.0,12.666666666666668,492.8666666666667,340.8,1.6
1378462156,1,2399.999729,1139.1998713653334,47.46666666666667,524288.0,223344.8,8.733333333333333,572.4,442.73333333333335,1.2666666666666666
1378462456,1,2399.999729,929.5998950326667,38.733333333333334,524288.0,212859.2,0.4666666666666667,478.93333333333334,339.46666666666664,1.8
1378462756,1,2399.999729,867.1999020786666,36.13333333333333,524288.0,264239.2,254.2,460.8,310.93333333333334,1.3333333333333333
1378463056,1,2399.999729,862.3999026206668,35.93333333333334,524288.0,227888.0,15.2,456.93333333333334,315.6666666666667,1.2666666666666666
1378463356,1,2399.999729,1351.9998473366668,56.33333333333333,524288.0,221946.66666666666,0.6666666666666667,598.8,468.53333333333336,1.6
1378463657,1,2399.999729,1036.7998829280002,43.2,524288.0,207266.93333333332,0.2,474.26666666666665,334.6,1.4
1378463957,1,2399.999729,1003.199886722,41.8,524288.0,206566.66666666666,5.533333333333333,478.06666666666666,330.8,1.2666666666666666
1378464257,1,2399.999729,1012.7998856380001,42.2,524288.0,201324.8,0.4,488.06666666666666,347.93333333333334,1.2666666666666666
1378464557,1,2399.999729,1239.9998599833334,51.66666666666667,524288.0,242568.26666666666,0.26666666666666666,553.4,417.6,1.3333333333333333
1378464857,1,2399.999729,1006.3998863606665,41.93333333333333,524288.0,219150.93333333332,20.866666666666664,469.20000000000005,328.53333333333336,1.2
1378465157,1,2399.999729,1163.1998686553334,48.46666666666667,524288.0,211810.4,0.6,508.73333333333335,371.46666666666664,1.1333333333333333
1378465457,1,2399.999729,1465.5998345093335,61.06666666666667,524288.0,241171.2,418.0,518.9333333333334,143.26666666666668,12.066666666666666
1378465757,1,2399.999729,972.7998901546666,40.53333333333333,524288.0,360359.73333333334,740.4666666666667,499.20000000000005,122.6,7.133333333333334
1378466057,1,2399.999729,620.7999299013333,25.866666666666664,524288.0,351270.4,874.6,448.26666666666665,116.8,2.2666666666666666
1378466357,1,2399.999729,659.1999255653334,27.466666666666665,524288.0,388320.5333333333,1156.5333333333333,431.8,122.86666666666666,2.466666666666667
1378466657,1,2399.999729,595.199932792,24.8,524288.0,382379.4666666667,993.0,400.9333333333333,110.6,2.6666666666666665
1378466957,1,2399.999729,1073.5998787726667,44.73333333333333,524288.0,362105.6,609.0666666666666,541.4000000000001,132.33333333333334,18.533333333333335
1378467257,1,2399.999729,689.5999221326667,28.733333333333334,524288.0,390768.5333333333,755.4,442.0,131.0,1.8666666666666667
1378467557,1,2399.999729,611.1999309853334,25.466666666666665,524288.0,384126.4,665.8,384.4666666666667,110.33333333333333,1.6666666666666667
1378467857,1,2399.999729,609.599931166,25.4,524288.0,379932.0,840.5333333333333,400.4,120.66666666666667,1.4666666666666666
1378468157,1,2399.999729,630.3999288173334,26.266666666666666,524288.0,396010.6666666667,818.0666666666667,379.4666666666667,114.93333333333334,1.6666666666666667
1378468457,1,2399.999729,569.5999356826667,23.733333333333334,524288.0,380981.06666666665,260.2,316.1333333333333,115.13333333333334,3.6666666666666665
1378468757,1,2399.999729,500.7999434513333,20.866666666666664,524288.0,293599.2,0.7333333333333334,263.3333333333333,110.66666666666667,1.4
1378469057,1,2399.999729,561.599936586,23.4,524288.0,253752.8,8.0,293.0,133.2,1.8
1378469357,1,2399.999729,508.79994254800005,21.2,524288.0,246413.6,8.533333333333333,263.06666666666666,110.6,1.3333333333333333
1378469657,1,2399.999729,563.1999364053333,23.466666666666665,524288.0,228588.0,0.5333333333333333,279.73333333333335,126.86666666666666,1.6666666666666667
1378469957,1,2399.999729,547.199938212,22.8,524288.0,273676.8,250.26666666666668,285.3333333333333,123.46666666666667,1.4666666666666666
1378470257,1,2399.999729,590.3999333340001,24.6,524288.0,224393.6,16.266666666666666,293.4,121.13333333333334,1.2666666666666666
1378470557,1,2399.999729,527.99994038,22.0,524288.0,174761.06666666668,0.2,280.0,119.26666666666667,1.2666666666666666
1378470857,1,2399.999729,545.5999383926668,22.733333333333334,524288.0,173712.53333333333,0.26666666666666666,294.4,132.06666666666666,1.4
1378471157,1,2399.999729,513.599942006,21.4,524288.0,182450.13333333333,3.6,283.73333333333335,122.2,1.4
1378471457,1,2399.999729,535.9999394766668,22.333333333333336,524288.0,162526.93333333332,0.26666666666666666,277.4,117.73333333333333,1.4666666666666666
1378471757,1,2399.999729,521.5999411026667,21.733333333333334,524288.0,162526.93333333332,0.06666666666666667,281.26666666666665,121.8,1.4
1378472057,1,2399.999729,542.399938754,22.6,524288.0,137361.86666666667,2.066666666666667,279.93333333333334,123.93333333333334,1.3333333333333333
1378472357,1,2399.999729,510.3999423673333,21.266666666666666,524288.0,149595.73333333334,0.2,277.46666666666664,120.8,1.4666666666666666
1378472657,1,2399.999729,572.7999353213334,23.866666666666664,524288.0,148546.93333333332,8.799999999999999,312.6,156.4,1.6666666666666667
1378472957,1,2399.999729,526.3999405606668,21.933333333333334,524288.0,169168.26666666666,1.8,291.1333333333333,138.13333333333333,1.3333333333333333
1378473257,1,2399.999729,543.9999385733332,22.666666666666664,524288.0,170217.06666666668,0.2,281.73333333333335,130.66666666666666,1.9333333333333333
1378473557,1,2399.999729,879.9999006333333,36.666666666666664,524288.0,236626.4,172.13333333333333,359.79999999999995,188.06666666666666,3.3333333333333335
1378473857,1,2399.999729,948.7998928646666,39.53333333333333,524288.0,227539.2,2.533333333333333,401.79999999999995,252.93333333333334,1.6
1378474157,1,2399.999729,1062.3998800373336,44.26666666666667,524288.0,186644.0,0.33333333333333337,432.5333333333333,289.1333333333333,1.4
1378474457,1,2399.999729,1049.5998814826664,43.73333333333333,524288.0,176159.2,0.4666666666666667,409.20000000000005,264.06666666666666,1.4
1378474757,1,2399.999729,926.399895394,38.6,524288.0,170917.6,4.2666666666666675,393.06666666666666,244.93333333333334,1.4
1378475057,1,2399.999729,519.9999412833333,21.666666666666664,524288.0,157982.93333333332,0.3333333333333333,274.2,116.33333333333333,1.1333333333333333
1378475358,1,2399.999729,534.3999396573333,22.266666666666666,524288.0,134216.53333333333,0.26666666666666666,286.6,130.6,1.4666666666666666
1378475658,1,2399.999729,587.1999336953334,24.466666666666665,524288.0,168120.26666666666,8.4,322.93333333333334,167.4,1.5333333333333334
1378475958,1,2399.999729,507.19994272866677,21.133333333333336,524288.0,159032.53333333333,0.2,282.8666666666667,124.0,1.3333333333333333
1378476258,1,2399.999729,1577.5998218626669,65.73333333333333,524288.0,210761.6,367.1333333333333,544.4000000000001,173.4,11.333333333333334
1378476558,1,2399.999729,1550.399824934,64.6,524288.0,412437.6,1145.2,631.0666666666666,169.13333333333333,16.333333333333332
1378476858,1,2399.999729,927.9998952133334,38.666666666666664,524288.0,425720.0,617.1333333333333,460.73333333333335,156.93333333333334,3.533333333333333
1378477158,1,2399.999729,862.3999026206668,35.93333333333334,524288.0,390068.0,901.6,506.8666666666667,197.2,3.3333333333333335
1378477458,1,2399.999729,735.9999168933333,30.666666666666664,524288.0,405796.8,791.6,461.8666666666667,172.93333333333334,1.9333333333333333
1378477758,1,2399.999729,734.3999170740001,30.6,524288.0,367000.0,843.1999999999999,413.1333333333333,153.26666666666668,1.5333333333333334
1378478058,1,2399.999729,777.5999121959999,32.4,524288.0,373641.06666666665,839.8,475.4,174.13333333333333,1.5333333333333334
1378478358,1,2399.999729,819.1999074986667,34.13333333333333,524288.0,376787.2,716.9333333333334,460.79999999999995,147.73333333333332,1.6
1378478658,1,2399.999729,857.5999031626667,35.733333333333334,524288.0,378185.3333333333,710.1333333333333,497.06666666666666,187.46666666666667,1.2666666666666666
1378478958,1,2399.999729,750.3999152673334,31.266666666666666,524288.0,372591.4666666667,776.1333333333332,418.0666666666667,137.93333333333334,1.5333333333333334
1378479258,1,2399.999729,723.1999183386667,30.133333333333336,524288.0,378534.13333333336,810.9333333333334,386.4,133.53333333333333,1.2666666666666666
1378479558,1,2399.999729,1038.3998827473335,43.26666666666667,524288.0,367698.6666666667,691.3333333333334,471.6,230.26666666666668,2.3333333333333335
1378479858,1,2399.999729,1540.799826018,64.2,524288.0,352669.06666666665,443.1333333333334,702.9333333333334,241.6,25.266666666666666
1378480158,1,2399.999729,959.9998916,40.0,524288.0,356514.4,801.0666666666666,522.0666666666667,210.0,1.2
1378480458,1,2399.999729,964.7998910580001,40.2,524288.0,370145.6,680.9333333333333,486.4666666666667,219.53333333333333,1.6
1378480758,1,2399.999729,991.9998879866666,41.33333333333333,524288.0,359660.0,770.2,484.4666666666667,194.33333333333334,1.4
1378481058,1,2399.999729,991.9998879866666,41.33333333333333,524288.0,378884.26666666666,822.4666666666667,438.20000000000005,191.8,1.8
1378481358,1,2399.999729,987.1998885286666,41.13333333333333,524288.0,385525.06666666665,789.2666666666667,546.6,150.06666666666666,12.466666666666667
1378481658,1,2399.999729,849.599904066,35.4,524288.0,388322.13333333336,759.4666666666666,468.2,166.06666666666666,3.933333333333333
1378481958,1,2399.999729,755.1999147253333,31.466666666666665,524288.0,383427.2,708.2666666666667,406.93333333333334,133.2,1.3333333333333333
1378482258,1,2399.999729,711.9999196033333,29.666666666666664,524288.0,371543.2,842.4,407.06666666666666,122.6,1.2666666666666666
1378482558,1,2399.999729,715.1999192420001,29.8,524288.0,370495.2,1009.5333333333334,389.93333333333334,121.73333333333333,1.4
1378482858,1,2399.999729,619.199930082,25.8,524288.0,362456.0,228.66666666666669,314.4,118.46666666666667,2.0
1378483158,1,2399.999729,574.3999351406667,23.933333333333334,524288.0,288356.0,0.4666666666666667,272.73333333333335,115.86666666666666,1.4
1378483459,1,2399.999729,647.99992683,27.0,524288.0,255850.4,8.466666666666667,303.79999999999995,144.0,1.6666666666666667
1378483759,1,2399.999729,569.5999356826667,23.733333333333334,524288.0,255851.2,8.266666666666667,264.06666666666666,112.2,1.3333333333333333
1378484059,1,2399.999729,585.599933876,24.4,524288.0,221247.2,0.7333333333333333,271.9333333333333,116.93333333333334,1.6
1378484359,1,2399.999729,598.3999324306667,24.933333333333334,524288.0,218451.2,0.26666666666666666,271.2,120.93333333333334,1.6
1378484659,1,2399.999729,580.799934418,24.2,524288.0,218450.93333333332,25.933333333333334,282.73333333333335,124.93333333333334,1.6666666666666667
1378484959,1,2399.999729,545.5999383926668,22.733333333333334,524288.0,188741.33333333334,0.26666666666666666,268.93333333333334,116.86666666666666,1.1333333333333333
1378485259,1,2399.999729,886.3998999106668,36.93333333333334,524288.0,199926.66666666666,0.3333333333333333,447.0,328.3333333333333,2.933333333333333
1378485559,1,2399.999729,1783.9997985566667,74.33333333333333,524288.0,264240.0,4.533333333333333,817.2,719.7333333333333,3.6666666666666665
1378485859,1,2399.999729,1343.9998482400001,56.0,524288.0,276122.6666666667,0.7333333333333333,618.1333333333333,499.3333333333333,2.533333333333333
1378486159,1,2399.999729,726.3999179773334,30.266666666666666,524288.0,222296.0,0.4,325.0,180.13333333333333,1.7333333333333334
1378486459,1,2399.999729,559.9999367666667,23.333333333333336,524288.0,190839.2,23.53333333333333,271.73333333333335,116.33333333333333,1.2666666666666666
1378486759,1,2399.999729,580.799934418,24.2,524288.0,162178.13333333333,0.3333333333333333,276.40000000000003,129.66666666666666,1.2666666666666666
1378487059,1,2399.999729,631.9999286366667,26.333333333333336,524288.0,173712.53333333333,11.0,311.5333333333333,151.93333333333334,1.6666666666666667
1378487359,1,2399.999729,556.799937128,23.2,524288.0,158333.6,8.4,270.66666666666663,118.73333333333333,1.3333333333333333
1378487659,1,2399.999729,582.3999342373334,24.266666666666666,524288.0,149245.33333333334,0.13333333333333333,280.3333333333333,127.46666666666667,1.9333333333333333
1378487959,1,2399.999729,535.9999394766668,22.333333333333336,524288.0,133168.0,0.13333333333333333,268.1333333333333,119.86666666666666,1.4666666666666666
1378488259,1,2399.999729,499.19994363200004,20.8,524288.0,149595.73333333334,12.933333333333334,270.0,113.26666666666667,1.4
1378488559,1,2399.999729,494.39994417400004,20.6,524288.0,135615.46666666667,0.13333333333333333,269.4,117.06666666666666,1.3333333333333333
1378488859,1,2399.999729,575.99993496,24.0,524288.0,142255.46666666667,0.0,289.4,132.73333333333332,1.4666666666666666
1378489159,1,2399.999729,553.5999374893333,23.066666666666666,524288.0,145750.13333333333,2.6,282.6,124.86666666666666,1.6666666666666667
1378489459,1,2399.999729,526.3999405606668,21.933333333333334,524288.0,133167.2,0.2,273.33333333333337,115.33333333333333,1.4666666666666666
1378489759,1,2399.999729,511.9999421866667,21.333333333333336,524288.0,134565.86666666667,0.2,272.5333333333333,116.46666666666667,1.4
1378490059,1,2399.999729,550.3999378506667,22.933333333333334,524288.0,176857.6,1.0,266.1333333333333,114.33333333333333,1.4
1378490359,1,2399.999729,455.99994851,19.0,524288.0,159381.06666666668,0.26666666666666666,264.6,112.26666666666667,1.2
1378490659,1,2399.999729,542.399938754,22.6,524288.0,144701.6,7.066666666666666,299.6,139.8,1.6
1378490959,1,2399.999729,443.1999499553334,18.46666666666667,524288.0,137362.4,1.6666666666666667,263.26666666666665,107.86666666666666,1.4
1378491259,1,2399.999729,516.7999416446668,21.533333333333335,524288.0,140507.2,0.06666666666666667,268.4,114.93333333333334,1.6
1378491559,1,2399.999729,467.19994724533336,19.46666666666667,524288.0,139459.2,0.06666666666666667,269.4666666666667,114.66666666666667,1.4666666666666666
1378491859,1,2399.999729,483.1999454386667,20.133333333333333,524288.0,157284.8,0.6666666666666666,273.0,115.06666666666666,1.2666666666666666
1378492159,1,2399.999729,446.3999495940001,18.6,524288.0,147847.46666666667,0.26666666666666666,266.3333333333333,109.8,1.3333333333333333
1378492459,1,2399.999729,500.7999434513333,20.866666666666664,524288.0,138760.0,0.0,271.06666666666666,120.33333333333333,1.4666666666666666
1378492759,1,2399.999729,459.19994814866664,19.133333333333333,524288.0,158333.06666666668,2.6,269.2,114.0,1.3333333333333333
1378493059,1,2399.999729,497.59994381266665,20.733333333333334,524288.0,128273.33333333333,0.06666666666666667,265.4666666666667,113.53333333333333,1.4
1378493360,1,2399.999729,556.799937128,23.2,524288.0,139459.2,0.06666666666666667,277.73333333333335,130.26666666666668,1.2666666666666666
1378493660,1,2399.999729,651.1999264686667,27.133333333333336,524288.0,166022.4,0.8,285.66666666666663,135.46666666666667,1.2666666666666666
1378493960,1,2399.999729,519.9999412833333,21.666666666666664,524288.0,167770.93333333332,0.2,269.6,118.73333333333333,1.2
1378494260,1,2399.999729,580.799934418,24.2,524288.0,152041.6,6.933333333333334,302.26666666666665,148.0,1.6666666666666667
1378494560,1,2399.999729,465.59994742599997,19.4,524288.0,164624.53333333333,3.6,261.6,109.73333333333333,1.2
1378494860,1,2399.999729,548.7999380313333,22.866666666666664,524288.0,156935.2,121.06666666666666,284.0,115.46666666666667,1.7333333333333334
1378495160,1,2399.999729,523.199940922,21.8,524288.0,236277.06666666668,495.8,297.1333333333333,112.33333333333333,2.0
1378495460,1,2399.999729,539.1999391153333,22.466666666666665,524288.0,210411.73333333334,158.8,270.4666666666667,115.26666666666667,1.2
1378495760,1,2399.999729,467.19994724533336,19.46666666666667,524288.0,158332.8,0.2,264.0,111.2,1.2666666666666666
1378496060,1,2399.999729,495.9999439933333,20.666666666666664,524288.0,139458.4,0.4666666666666667,265.4,116.2,1.5333333333333334
1378496360,1,2399.999729,486.3999450773333,20.266666666666666,524288.0,136313.6,2.2,264.8666666666667,111.53333333333333,1.2666666666666666
1378496660,1,2399.999729,491.19994453533343,20.46666666666667,524288.0,139458.4,0.2,264.4,112.33333333333333,1.2666666666666666
1378496960,1,2399.999729,455.99994851,19.0,524288.0,154139.2,0.26666666666666666,259.93333333333334,109.66666666666667,1.3333333333333333
1378497260,1,2399.999729,483.1999454386667,20.133333333333333,524288.0,152391.2,1.1333333333333333,264.1333333333333,112.33333333333333,1.2666666666666666
1378497560,1,2399.999729,462.39994778733336,19.266666666666666,524288.0,144002.93333333332,0.2,260.59999999999997,111.4,1.2
1378497860,1,2399.999729,540.7999389346667,22.533333333333335,524288.0,162877.06666666668,7.133333333333334,295.33333333333337,137.33333333333334,1.6666666666666667
1378498160,1,2399.999729,455.99994851,19.0,524288.0,170565.6,0.26666666666666666,256.0,106.8,1.2666666666666666
1378498460,1,2399.999729,537.599939296,22.4,524288.0,151691.73333333334,0.26666666666666666,266.4,115.8,1.9333333333333333
1378498760,1,2399.999729,495.9999439933333,20.666666666666664,524288.0,157633.86666666667,0.13333333333333333,271.4,120.06666666666666,1.2666666666666666
1378499060,1,2399.999729,539.1999391153333,22.466666666666665,524288.0,171265.6,14.4,273.73333333333335,119.13333333333334,1.2666666666666666
1378499360,1,2399.999729,494.39994417400004,20.6,524288.0,156584.26666666666,0.26666666666666666,270.2,119.0,1.2
1378499660,1,2399.999729,542.399938754,22.6,524288.0,140157.86666666667,0.13333333333333333,275.2,125.26666666666667,1.4
1378499960,1,2399.999729,483.1999454386667,20.133333333333333,524288.0,156585.86666666667,2.066666666666667,274.20000000000005,122.6,1.0666666666666667
1378500260,1,2399.999729,508.79994254800005,21.2,524288.0,156584.8,0.13333333333333333,269.93333333333334,118.2,1.1333333333333333
1378500560,1,2399.999729,481.59994561933337,20.066666666666666,524288.0,141905.33333333334,0.13333333333333333,270.8666666666667,120.46666666666667,1.2
1378500860,1,2399.999729,543.9999385733332,22.666666666666664,524288.0,155886.4,0.7333333333333333,273.4666666666667,121.13333333333334,1.2666666666666666
1378501160,1,2399.999729,510.3999423673333,21.266666666666666,524288.0,136662.4,0.06666666666666667,264.66666666666663,119.2,1.1333333333333333
1378501460,1,2399.999729,569.5999356826667,23.733333333333334,524288.0,146449.6,6.333333333333334,298.6666666666667,143.4,1.8
1378501760,1,2399.999729,497.59994381266665,20.733333333333334,524288.0,171963.2,0.4666666666666667,258.4,111.46666666666667,1.2666666666666666
1378502060,1,2399.999729,537.599939296,22.4,524288.0,140507.2,0.7999999999999999,266.8,118.13333333333334,1.6
1378502360,1,2399.999729,524.7999407413332,21.866666666666664,524288.0,148895.46666666667,0.2,264.93333333333334,117.13333333333334,1.3333333333333333
1378502660,1,2399.999729,510.3999423673333,21.266666666666666,524288.0,136313.06666666668,0.7333333333333333,268.5333333333333,116.26666666666667,1.3333333333333333
1378502960,1,2399.999729,492.7999443546667,20.533333333333335,524288.0,140508.0,0.13333333333333333,269.73333333333335,117.4,1.2666666666666666
1378503260,1,2399.999729,566.399936044,23.6,524288.0,137013.06666666668,0.2,269.26666666666665,120.73333333333333,1.3333333333333333
1378503560,1,2399.999729,483.1999454386667,20.133333333333333,524288.0,143302.93333333332,2.2666666666666666,266.46666666666664,112.13333333333334,1.3333333333333333
1378503860,1,2399.999729,489.599944716,20.4,524288.0,171964.26666666666,0.33333333333333337,260.33333333333337,110.93333333333334,1.2666666666666666
1378504160,1,2399.999729,444.7999497746667,18.53333333333333,524288.0,177557.86666666667,0.3333333333333333,260.73333333333335,109.4,1.2
1378504460,1,2399.999729,505.5999429093333,21.066666666666666,524288.0,178256.8,1.0,265.6666666666667,112.8,1.3333333333333333
1378504760,1,2399.999729,441.59995013599996,18.4,524288.0,155187.73333333334,0.13333333333333333,261.33333333333337,109.46666666666667,1.2
1378505060,1,2399.999729,574.3999351406667,23.933333333333334,524288.0,168120.0,12.533333333333333,294.8666666666667,148.26666666666668,1.5333333333333334
1378505360,1,2399.999729,433.5999510393333,18.066666666666666,524288.0,174759.73333333334,1.2,269.0,105.33333333333333,1.1333333333333333
1378505660,1,2399.999729,479.9999458,20.0,524288.0,142954.93333333332,0.6,280.2,111.46666666666667,1.6
1378505960,1,2399.999729,438.39995049733335,18.266666666666666,524288.0,127225.33333333333,0.13333333333333333,276.2,107.4,1.1333333333333333
1378506260,1,2399.999729,486.3999450773333,20.266666666666666,524288.0,142254.66666666666,0.7999999999999999,276.26666666666665,108.73333333333333,1.1333333333333333
1378506560,1,2399.999729,524.7999407413332,21.866666666666664,524288.0,139109.33333333334,0.06666666666666667,299.8,135.13333333333333,1.1333333333333333
1378506860,1,2399.999729,524.7999407413332,21.866666666666664,524288.0,144700.8,0.13333333333333333,287.8666666666667,122.13333333333334,1.1333333333333333
1378507160,1,2399.999729,487.99994489666665,20.333333333333332,524288.0,135265.6,2.266666666666667,286.66666666666663,120.6,1.0666666666666667
1378507460,1,2399.999729,491.19994453533343,20.46666666666667,524288.0,124428.8,0.2,271.4,110.73333333333333,1.1333333333333333
1378507761,1,2399.999729,447.99994941333335,18.666666666666668,524288.0,160430.4,0.06666666666666667,268.8,107.8,1.0
1378508061,1,2399.999729,486.3999450773333,20.266666666666666,524288.0,137361.6,0.7999999999999999,275.46666666666664,110.53333333333333,1.0666666666666667
1378508361,1,2399.999729,465.59994742599997,19.4,524288.0,120584.8,0.2,269.06666666666666,110.6,1.0
1378508661,1,2399.999729,644.7999271913333,26.866666666666664,524288.0,197828.53333333333,636.8666666666667,415.0,159.33333333333334,1.3333333333333333
1378508961,1,2399.999729,625.5999293593334,26.066666666666666,524288.0,321560.8,952.8,475.0,128.8,0.9333333333333333
1378509261,1,2399.999729,638.399927914,26.6,524288.0,338688.5333333333,912.4,443.26666666666665,124.13333333333334,1.4666666666666666
1378509561,1,2399.999729,590.3999333340001,24.6,524288.0,358960.26666666666,992.6,392.4666666666667,113.86666666666666,1.0
1378509861,1,2399.999729,2167.999755196667,90.33333333333334,524288.0,351620.8,1687.5333333333333,321.8666666666667,112.2,0.9333333333333333
1378510161,1,2399.999729,2241.599746886,93.4,524288.0,347077.06666666665,1721.1999999999998,328.8666666666667,110.6,1.0666666666666667
1378510461,1,2399.999729,2179.199753932,90.8,524288.0,273676.5333333333,1636.7333333333333,324.6,119.6,0.9333333333333333
1378510761,1,2399.999729,2228.7997483313334,92.86666666666666,524288.0,355114.93333333335,2181.0,345.73333333333335,114.06666666666666,1.0666666666666667
1378511061,1,2399.999729,2235.199747608667,93.13333333333334,524288.0,338339.4666666667,1677.7333333333331,355.8,111.13333333333334,0.9333333333333333
1378511361,1,2399.999729,2371.199732252,98.8,524288.0,385174.6666666667,1220.4,293.8666666666667,111.6,1.1333333333333333
1378511661,1,2399.999729,2332.799736588,97.2,524288.0,368397.86666666664,1098.0,287.8,114.6,0.9333333333333333
1378511961,1,2399.999729,2420.7997266513335,100.86666666666666,524288.0,346028.0,1145.7333333333333,278.0,109.4,1.1333333333333333
1378512261,1,2399.999729,2292.799741104667,95.53333333333335,524288.0,371194.4,961.7333333333332,374.66666666666663,208.06666666666666,1.4666666666666666
1378512561,1,2399.999729,2441.599724302667,101.73333333333333,524288.0,386923.2,1155.0,264.4,104.8,1.0
1378512861,1,2399.999729,2132.7997591713333,88.86666666666666,524288.0,343931.2,1576.9333333333334,327.46666666666664,107.4,1.3333333333333333
1378513161,1,2399.999729,2259.199744898667,94.13333333333334,524288.0,268432.8,1572.9333333333334,327.8666666666667,110.73333333333333,1.0
1378513461,1,2399.999729,2177.5997541126667,90.73333333333333,524288.0,327851.73333333334,1728.2,317.1333333333333,111.8,0.8666666666666667
1378513761,1,2399.999729,2286.3997418273334,95.26666666666667,524288.0,304783.4666666667,1587.4666666666667,305.6,106.73333333333333,1.1333333333333333
1378514061,1,2399.999729,2191.999752486667,91.33333333333334,524288.0,310027.2,2177.5333333333333,380.8,126.93333333333334,1.0666666666666667
1378514361,1,2399.999729,2127.9997597133333,88.66666666666666,524288.0,381680.8,2332.2,383.0,108.73333333333333,0.9333333333333333
1378514661,1,2399.999729,2268.799743814667,94.53333333333335,524288.0,413486.13333333336,2350.066666666667,376.6,108.06666666666666,0.8
1378514961,1,2399.999729,2262.3997445373334,94.26666666666667,524288.0,400205.3333333333,2401.4,381.2,110.06666666666666,1.0
1378515261,1,2399.999729,2214.3997499573334,92.26666666666667,524288.0,409642.4,1974.5333333333333,357.1333333333333,110.33333333333333,1.0
1378515561,1,2399.999729,449.5999492326667,18.733333333333334,524288.0,311424.8,1.0,268.53333333333336,108.86666666666666,1.0
1378515861,1,2399.999729,484.799945258,20.2,524288.0,186994.4,15.866666666666667,300.93333333333334,137.06666666666666,1.4
1378516161,1,2399.999729,481.59994561933337,20.066666666666666,524288.0,170915.73333333334,0.39999999999999997,271.73333333333335,109.73333333333333,1.1333333333333333
1378516461,1,2399.999729,479.9999458,20.0,524288.0,139458.66666666666,0.4666666666666667,273.1333333333333,112.93333333333334,1.5333333333333334
1378516761,1,2399.999729,513.599942006,21.4,524288.0,144352.0,0.26666666666666666,275.73333333333335,114.46666666666667,1.0666666666666667
1378517061,1,2399.999729,483.1999454386667,20.133333333333333,524288.0,149595.46666666667,22.266666666666666,275.73333333333335,112.06666666666666,1.0
1378517361,1,2399.999729,495.9999439933333,20.666666666666664,524288.0,131769.6,0.06666666666666667,270.3333333333333,109.33333333333333,1.0666666666666667
1378517661,1,2399.999729,468.79994706466664,19.53333333333333,524288.0,146797.86666666667,0.06666666666666667,276.5333333333333,113.86666666666666,1.2
1378517961,1,2399.999729,492.7999443546667,20.533333333333335,524288.0,148546.13333333333,3.0666666666666664,279.1333333333333,109.6,1.0
1378518261,1,2399.999729,467.19994724533336,19.46666666666667,524288.0,138409.6,0.2,272.46666666666664,108.66666666666667,1.0666666666666667
1378518561,1,2399.999729,606.3999315273334,25.266666666666666,524288.0,150993.6,0.06666666666666667,328.66666666666663,174.8,1.1333333333333333
1378518861,1,2399.999729,598.3999324306667,24.933333333333334,524288.0,193984.8,0.7333333333333333,318.93333333333334,160.53333333333333,1.0666666666666667
1378519161,1,2399.999729,487.99994489666665,20.333333333333332,524288.0,158332.8,0.06666666666666667,267.0,109.13333333333334,1.0
1378519461,1,2399.999729,716.7999190613333,29.866666666666664,524288.0,188042.93333333332,596.0,325.8666666666667,139.2,1.9333333333333333
1378519761,1,2399.999729,630.3999288173334,26.266666666666666,524288.0,258647.2,0.9333333333333333,291.33333333333337,112.66666666666667,1.2666666666666666
1378520061,1,2399.999729,827.1999065953335,34.46666666666667,524288.0,193984.26666666666,1.5333333333333332,342.4,111.6,1.6666666666666667
1378520362,1,2399.999729,999.9998870833334,41.66666666666667,524288.0,235927.2,261.53333333333336,481.8666666666667,136.73333333333332,1.6
1378520662,1,2399.999729,548.7999380313333,22.866666666666664,524288.0,212509.6,15.133333333333333,273.73333333333335,112.2,1.0666666666666667
1378520962,1,2399.999729,716.7999190613333,29.866666666666664,524288.0,165323.73333333334,0.4,326.93333333333334,112.6,1.0666666666666667
1378521262,1,2399.999729,447.99994941333335,18.666666666666668,524288.0,153439.2,0.06666666666666667,280.66666666666663,119.46666666666667,1.0
1378521562,1,2399.999729,403.199954472,16.8,524288.0,134216.8,2.8666666666666667,270.4666666666667,110.06666666666666,1.0
1378521862,1,2399.999729,447.99994941333335,18.666666666666668,524288.0,119186.13333333333,0.2,263.66666666666663,108.66666666666667,1.0
1378522162,1,2399.999729,420.7999524846666,17.53333333333333,524288.0,136312.8,0.2,263.8,109.2,1.0666666666666667
1378522462,1,2399.999729,452.7999488713334,18.866666666666667,524288.0,154838.13333333333,8.533333333333333,278.2,114.6,0.9333333333333333
1378522762,1,2399.999729,431.99995122,18.0,524288.0,147148.53333333333,0.13333333333333333,267.6,109.26666666666667,1.0
1378523062,1,2399.999729,470.3999468840001,19.6,524288.0,152042.66666666666,23.866666666666667,300.8,131.13333333333333,1.4
1378523362,1,2399.999729,387.19995627866666,16.133333333333333,524288.0,140857.6,0.13333333333333333,259.93333333333334,102.26666666666667,1.0
1378523662,1,2399.999729,419.1999526653334,17.46666666666667,524288.0,147848.0,0.2,266.73333333333335,109.2,1.4666666666666666
1378523962,1,2399.999729,423.99995212333334,17.666666666666668,524288.0,150992.8,0.0,267.26666666666665,107.26666666666667,1.0
1378524262,1,2399.999729,436.799950678,18.2,524288.0,135964.0,6.066666666666666,277.6,114.6,0.8666666666666667
1378524562,1,2399.999729,404.79995429133334,16.866666666666667,524288.0,143653.6,0.0,267.8,107.53333333333333,1.0
1378524862,1,2399.999729,470.3999468840001,19.6,524288.0,141556.0,0.2,274.6,114.73333333333333,1.0666666666666667
1378525162,1,2399.999729,425.59995194266673,17.733333333333334,524288.0,133167.2,2.666666666666667,266.06666666666666,108.8,0.9333333333333333
1378525462,1,2399.999729,452.7999488713334,18.866666666666667,524288.0,138411.2,0.0,263.46666666666664,109.93333333333334,1.0666666666666667
1378525762,1,2399.999729,435.1999508586667,18.133333333333333,524288.0,144002.4,0.13333333333333333,262.93333333333334,108.66666666666667,0.9333333333333333
1378526062,1,2399.999729,459.19994814866664,19.133333333333333,524288.0,144352.0,5.933333333333333,270.8666666666667,115.26666666666667,0.8666666666666667
1378526362,1,2399.999729,419.1999526653334,17.46666666666667,524288.0,155886.93333333332,0.2,260.4666666666667,110.26666666666667,0.8666666666666667
1378526662,1,2399.999729,620.7999299013333,25.866666666666664,524288.0,150294.13333333333,5.0,341.6666666666667,182.93333333333334,1.5333333333333334
1378526962,1,2399.999729,462.39994778733336,19.266666666666666,524288.0,197480.26666666666,1.0666666666666667,283.6,125.26666666666667,0.8666666666666667
1378527262,1,2399.999729,595.199932792,24.8,524288.0,144003.2,0.2,290.6666666666667,134.0,1.4666666666666666
1378527562,1,2399.999729,505.5999429093333,21.066666666666666,524288.0,164273.86666666667,0.2,285.5333333333333,129.6,1.0
1378527862,1,2399.999729,494.39994417400004,20.6,524288.0,157633.86666666667,5.6,265.4666666666667,111.8,0.8666666666666667
1378528162,1,2399.999729,459.19994814866664,19.133333333333333,524288.0,135265.06666666668,0.2,263.6,108.93333333333334,0.9333333333333333
1378528462,1,2399.999729,476.79994616133337,19.866666666666667,524288.0,157983.46666666667,0.13333333333333333,271.8666666666667,114.8,0.9333333333333333
1378528762,1,2399.999729,447.99994941333335,18.666666666666668,524288.0,140158.66666666666,2.7333333333333334,270.46666666666664,112.13333333333334,1.0
1378529062,1,2399.999729,481.59994561933337,20.066666666666666,524288.0,145050.66666666666,0.0,266.53333333333336,115.06666666666666,0.8
1378529362,1,2399.999729,446.3999495940001,18.6,524288.0,161129.06666666668,0.2,264.4,107.66666666666667,1.0
1378529662,1,2399.999729,513.599942006,21.4,524288.0,133517.06666666668,5.666666666666666,275.4666666666667,117.86666666666666,0.8
1378529963,1,2399.999729,471.9999467033334,19.666666666666668,524288.0,133167.2,0.0,266.4666666666667,107.86666666666666,1.0
1378530263,1,2399.999729,505.5999429093333,21.066666666666666,524288.0,155186.4,5.4,295.06666666666666,130.4,1.4
1378530563,1,2399.999729,438.39995049733335,18.266666666666666,524288.0,136312.8,0.26666666666666666,263.33333333333337,106.53333333333333,1.0
1378530863,1,2399.999729,468.79994706466664,19.53333333333333,524288.0,139458.4,0.06666666666666667,268.1333333333333,110.73333333333333,1.4666666666666666
1378531163,1,2399.999729,486.3999450773333,20.266666666666666,524288.0,139458.4,0.26666666666666666,274.26666666666665,120.06666666666666,1.0
1378531463,1,2399.999729,463.9999476066667,19.333333333333332,524288.0,163576.0,17.333333333333332,264.6,113.4,0.9333333333333333
1378531763,1,2399.999729,422.399952304,17.6,524288.0,134215.73333333334,0.0,258.5333333333333,108.0,1.0
1378532063,1,2399.999729,467.19994724533336,19.46666666666667,524288.0,137361.86666666667,0.0,278.93333333333334,127.86666666666666,1.0
1378532363,1,2399.999729,433.5999510393333,18.066666666666666,524288.0,137361.06666666668,2.0,257.20000000000005,108.53333333333333,1.0
1378532663,1,2399.999729,435.1999508586667,18.133333333333333,524288.0,142954.66666666666,0.2,260.4666666666667,110.8,1.0
1378532963,1,2399.999729,435.1999508586667,18.133333333333333,524288.0,136663.46666666667,0.26666666666666666,253.06666666666666,107.66666666666667,1.0
1378533263,1,2399.999729,427.19995176200007,17.8,524288.0,129322.93333333333,5.666666666666666,258.8,108.73333333333333,1.0
1378533563,1,2399.999729,430.3999514006667,17.933333333333334,524288.0,134565.33333333334,0.13333333333333333,255.53333333333336,107.93333333333334,0.9333333333333333
1378533863,1,2399.999729,473.5999465226667,19.733333333333334,524288.0,160780.0,34.86666666666667,292.53333333333336,131.33333333333334,1.4666666666666666
1378534163,1,2399.999729,403.199954472,16.8,524288.0,190489.06666666668,41.199999999999996,263.8666666666667,108.0,0.9333333333333333
1378534463,1,2399.999729,467.19994724533336,19.46666666666667,524288.0,147846.93333333332,0.33333333333333337,272.26666666666665,117.0,1.4666666666666666
1378534763,1,2399.999729,428.79995158133335,17.866666666666667,524288.0,145050.93333333332,0.06666666666666667,266.8,110.2,1.0
1378535063,1,2399.999729,428.79995158133335,17.866666666666667,524288.0,154139.46666666667,5.4,271.0666666666667,112.13333333333334,1.0666666666666667
1378535363,1,2399.999729,427.19995176200007,17.8,524288.0,136313.06666666668,0.2,269.4,112.0,0.9333333333333333
1378535663,1,2399.999729,455.99994851,19.0,524288.0,118486.4,0.06666666666666667,275.6,117.6,1.1333333333333333
1378535963,1,2399.999729,455.99994851,19.0,524288.0,138060.8,2.066666666666667,267.79999999999995,112.86666666666666,1.0666666666666667
1378536263,1,2399.999729,460.79994796799997,19.2,524288.0,137362.4,0.13333333333333333,265.06666666666666,113.93333333333334,1.0666666666666667
1378536563,1,2399.999729,441.59995013599996,18.4,524288.0,146798.4,0.13333333333333333,258.6,107.46666666666667,1.1333333333333333
1378536863,1,2399.999729,913.5998968393333,38.06666666666666,524288.0,144702.4,5.933333333333334,523.2666666666667,393.6666666666667,3.0
1378537163,1,2399.999729,1403.1998415553335,58.46666666666667,524288.0,206218.4,0.4,746.4666666666666,615.2,2.933333333333333
1378537463,1,2399.999729,1083.1998776886667,45.13333333333333,524288.0,228587.2,10.6,586.8666666666667,447.93333333333334,3.3333333333333335
1378537763,1,2399.999729,583.9999340566668,24.333333333333336,524288.0,199227.46666666667,8.2,332.73333333333335,175.46666666666667,1.5333333333333334
1378538063,1,2399.999729,513.599942006,21.4,524288.0,152391.46666666667,0.9333333333333333,290.5333333333333,135.33333333333334,1.6
1378538363,1,2399.999729,454.3999486906667,18.933333333333334,524288.0,146798.4,0.13333333333333333,268.06666666666666,109.53333333333333,1.0666666666666667
1378538663,1,2399.999729,463.9999476066667,19.333333333333332,524288.0,154489.33333333334,19.8,273.1333333333333,109.33333333333333,1.0666666666666667
1378538963,1,2399.999729,444.7999497746667,18.53333333333333,524288.0,142605.06666666668,0.13333333333333333,264.3333333333333,105.53333333333333,1.0666666666666667
1378539263,1,2399.999729,471.9999467033334,19.666666666666668,524288.0,162528.8,0.2,271.2,112.46666666666667,1.2666666666666666
1378539563,1,2399.999729,449.5999492326667,18.733333333333334,524288.0,137361.86666666667,3.933333333333333,259.3333333333333,107.46666666666667,1.0666666666666667
1378539863,1,2399.999729,463.9999476066667,19.333333333333332,524288.0,143653.6,0.06666666666666667,258.06666666666666,108.4,1.1333333333333333
1378540163,1,2399.999729,435.1999508586667,18.133333333333333,524288.0,150293.86666666667,0.0,253.0,106.46666666666667,1.2
1378540463,1,2399.999729,452.7999488713334,18.866666666666667,524288.0,144702.4,1.1333333333333333,257.4666666666667,109.6,1.0666666666666667
1378540763,1,2399.999729,446.3999495940001,18.6,524288.0,118486.4,0.2,252.46666666666667,108.26666666666667,1.2
1378541063,1,2399.999729,483.1999454386667,20.133333333333333,524288.0,151342.4,6.666666666666667,287.1333333333333,133.6,1.6
1378541363,1,2399.999729,412.799953388,17.2,524288.0,148196.53333333333,1.8666666666666667,245.13333333333333,101.86666666666666,1.2
1378541663,1,2399.999729,436.799950678,18.2,524288.0,139108.8,0.06666666666666667,253.86666666666667,109.66666666666667,1.6
1378541963,1,2399.999729,444.7999497746667,18.53333333333333,524288.0,154138.93333333332,0.0,260.73333333333335,109.2,1.2
1378542263,1,2399.999729,449.5999492326667,18.733333333333334,524288.0,130021.86666666667,14.533333333333333,264.4,107.8,1.2
1378542563,1,2399.999729,451.199949052,18.8,524288.0,146100.53333333333,0.06666666666666667,264.26666666666665,108.66666666666667,1.4
1378542863,1,2399.999729,468.79994706466664,19.53333333333333,524288.0,134566.93333333332,0.3333333333333333,274.4,118.8,1.3333333333333333
1378543163,1,2399.999729,446.3999495940001,18.6,524288.0,128973.33333333333,2.0,265.2,108.13333333333334,1.1333333333333333
1378543463,1,2399.999729,447.99994941333335,18.666666666666668,524288.0,133517.6,0.06666666666666667,263.73333333333335,108.73333333333333,1.2
1378543763,1,2399.999729,454.3999486906667,18.933333333333334,524288.0,129322.66666666667,0.06666666666666667,263.4,107.53333333333333,1.2
1378544063,1,2399.999729,452.7999488713334,18.866666666666667,524288.0,153439.46666666667,1.5333333333333332,256.8666666666667,108.73333333333333,1.2
1378544364,1,2399.999729,438.39995049733335,18.266666666666666,524288.0,141206.93333333332,0.0,253.86666666666667,105.86666666666666,1.1333333333333333
1378544664,1,2399.999729,478.39994598066664,19.933333333333334,524288.0,126177.33333333333,6.533333333333333,285.0,130.06666666666666,1.5333333333333334
1378544964,1,2399.999729,422.399952304,17.6,524288.0,132817.86666666667,1.2,249.73333333333332,101.4,1.2666666666666666
1378545264,1,2399.999729,446.3999495940001,18.6,524288.0,138060.53333333333,0.0,252.93333333333334,107.53333333333333,1.6
1378545564,1,2399.999729,459.19994814866664,19.133333333333333,524288.0,159381.6,0.26666666666666666,259.4666666666667,108.73333333333333,1.2666666666666666
1378545864,1,2399.999729,423.99995212333334,17.666666666666668,524288.0,164624.0,1.7333333333333332,261.0,107.73333333333333,1.2666666666666666
1378546164,1,2399.999729,431.99995122,18.0,524288.0,143652.8,0.26666666666666666,258.2,105.33333333333333,1.2666666666666666
1378546464,1,2399.999729,451.199949052,18.8,524288.0,135264.8,0.13333333333333333,265.3333333333333,112.06666666666666,1.2666666666666666
1378546764,1,2399.999729,446.3999495940001,18.6,524288.0,141556.8,2.3333333333333335,260.6,106.26666666666667,1.2666666666666666
1378547064,1,2399.999729,462.39994778733336,19.266666666666666,524288.0,127925.6,0.0,263.73333333333335,110.26666666666667,1.2666666666666666
1378547364,1,2399.999729,457.59994832933336,19.066666666666666,524288.0,137361.6,0.06666666666666667,262.06666666666666,107.0,1.2
1378547664,1,2399.999729,451.199949052,18.8,524288.0,139809.6,1.5333333333333332,263.53333333333336,108.0,1.2
1378547964,1,2399.999729,431.99995122,18.0,524288.0,135964.0,0.13333333333333333,261.26666666666665,107.2,1.1333333333333333
1378548264,1,2399.999729,499.19994363200004,20.8,524288.0,147846.93333333332,6.666666666666667,294.26666666666665,131.73333333333332,1.6666666666666667
1378548564,1,2399.999729,427.19995176200007,17.8,524288.0,166022.93333333332,1.2,254.33333333333331,101.8,1.2
1378548864,1,2399.999729,467.19994724533336,19.46666666666667,524288.0,153439.73333333334,0.13333333333333333,261.4,111.8,1.6666666666666667
1378549164,1,2399.999729,446.3999495940001,18.6,524288.0,151691.73333333334,0.13333333333333333,257.33333333333337,108.8,1.3333333333333333
1378549464,1,2399.999729,452.7999488713334,18.866666666666667,524288.0,159382.4,1.8,263.8666666666667,112.26666666666667,1.0
1378549764,1,2399.999729,457.59994832933336,19.066666666666666,524288.0,143304.0,0.13333333333333333,265.66666666666663,114.53333333333333,1.4
1378550064,1,2399.999729,473.5999465226667,19.733333333333334,524288.0,152041.6,0.06666666666666667,271.6,117.2,1.4
1378550364,1,2399.999729,491.19994453533343,20.46666666666667,524288.0,134217.06666666668,2.266666666666667,280.06666666666666,118.8,1.4666666666666666
1378550664,1,2399.999729,454.3999486906667,18.933333333333334,524288.0,127224.8,0.13333333333333333,262.93333333333334,107.6,1.2
1378550964,1,2399.999729,465.59994742599997,19.4,524288.0,133166.93333333332,0.2,267.73333333333335,114.93333333333334,1.2666666666666666
1378551264,1,2399.999729,462.39994778733336,19.266666666666666,524288.0,159730.66666666666,1.7333333333333334,274.6,118.86666666666666,1.2666666666666666
1378551564,1,2399.999729,439.9999503166666,18.333333333333332,524288.0,145052.0,0.2,266.26666666666665,113.66666666666667,1.2
1378551864,1,2399.999729,1356.7998467946666,56.53333333333333,524288.0,180702.4,60.46666666666667,409.53333333333336,139.6,6.533333333333333
1378552164,1,2399.999729,875.1999011753334,36.46666666666667,524288.0,236277.86666666667,653.1333333333333,480.79999999999995,109.66666666666667,9.466666666666667
1378552464,1,2399.999729,676.7999235780001,28.2,524288.0,295697.6,697.6,434.06666666666666,125.46666666666667,3.2
1378552764,1,2399.999729,643.199927372,26.8,524288.0,330649.06666666665,788.0,414.8,121.13333333333334,2.066666666666667
1378553064,1,2399.999729,671.9999241200001,28.0,524288.0,335193.06666666665,916.8000000000001,383.26666666666665,113.4,1.6666666666666667
1378553364,1,2399.999729,791.9999105700001,33.0,524288.0,344281.3333333333,644.5333333333334,374.73333333333335,118.86666666666666,2.3333333333333335
1378553664,1,2399.999729,1329.599849866,55.4,524288.0,302336.26666666666,315.2666666666667,505.19999999999993,130.0,18.333333333333332
1378553964,1,2399.999729,740.7999163513332,30.866666666666664,524288.0,309677.6,704.3333333333334,405.8,115.33333333333333,1.6666666666666667
1378554264,1,2399.999729,750.3999152673334,31.266666666666666,524288.0,340435.4666666667,749.9333333333334,406.2,110.66666666666667,1.4
1378554564,1,2399.999729,751.9999150866668,31.333333333333336,524288.0,351271.2,775.1999999999999,395.8666666666667,113.13333333333334,1.5333333333333334
1378554865,1,2399.999729,771.1999129186667,32.13333333333333,524288.0,347076.8,811.1333333333332,351.06666666666666,114.46666666666667,1.5333333333333334
1378555165,1,2399.999729,806.399908944,33.6,524288.0,350571.2,598.4,362.4,108.93333333333334,3.466666666666667
1378555465,1,2399.999729,686.3999224940001,28.6,524288.0,304084.26666666666,15.333333333333332,291.8666666666667,131.66666666666666,1.7333333333333334
1378555765,1,2399.999729,588.7999335146667,24.533333333333335,524288.0,241520.26666666666,7.933333333333334,256.66666666666663,104.2,1.2
1378556065,1,2399.999729,636.7999280946667,26.533333333333335,524288.0,212510.13333333333,1.4666666666666668,268.93333333333334,114.93333333333334,1.8666666666666667
1378556365,1,2399.999729,630.3999288173334,26.266666666666666,524288.0,220198.66666666666,0.5333333333333333,264.73333333333335,110.73333333333333,1.4666666666666666
1378556665,1,2399.999729,646.3999270106667,26.933333333333334,524288.0,204120.8,19.933333333333334,261.5333333333333,109.93333333333334,1.3333333333333333
1378556965,1,2399.999729,679.9999232166668,28.333333333333336,524288.0,199925.6,0.2,270.93333333333334,120.4,1.2666666666666666
1378557265,1,2399.999729,681.599923036,28.4,524288.0,205168.8,0.3333333333333333,272.73333333333335,119.4,1.4666666666666666
1378557565,1,2399.999729,641.5999275526667,26.733333333333334,524288.0,189441.06666666668,3.7333333333333334,264.4,111.73333333333333,1.2
1378557865,1,2399.999729,639.9999277333333,26.666666666666664,524288.0,183848.8,0.13333333333333333,266.4,114.93333333333334,1.0
1378558165,1,2399.999729,643.199927372,26.8,524288.0,164624.8,0.26666666666666666,264.5333333333333,111.46666666666667,1.0666666666666667
1378558465,1,2399.999729,654.3999261073334,27.266666666666666,524288.0,185595.2,16.933333333333334,266.6666666666667,110.4,1.2666666666666666
1378558765,1,2399.999729,630.3999288173334,26.266666666666666,524288.0,166721.33333333334,0.26666666666666666,263.8,109.73333333333333,1.0666666666666667
1378559065,1,2399.999729,694.3999215906666,28.933333333333334,524288.0,171265.86666666667,8.733333333333333,291.5333333333333,136.13333333333333,1.4666666666666666
1378559365,1,2399.999729,607.9999313466668,25.333333333333336,524288.0,164274.4,7.800000000000001,259.5333333333333,107.4,1.3333333333333333
1378559665,1,2399.999729,638.399927914,26.6,524288.0,162876.53333333333,0.26666666666666666,259.93333333333334,108.66666666666667,1.6
1378559965,1,2399.999729,1051.199881302,43.8,524288.0,162876.0,0.3333333333333333,341.33333333333337,179.66666666666666,3.1333333333333333
1378560265,1,2399.999729,1174.3998673906667,48.93333333333333,524288.0,182799.73333333334,16.666666666666668,381.0,239.6,1.5333333333333334
1378560565,1,2399.999729,1041.599882386,43.4,524288.0,164974.4,0.39999999999999997,342.4,202.26666666666668,1.2666666666666666
1378560865,1,2399.999729,931.1998948519999,38.8,524288.0,175808.8,0.26666666666666666,321.0,181.8,1.2666666666666666
1378561165,1,2399.999729,873.599901356,36.4,524288.0,158332.8,4.4,308.53333333333336,167.46666666666667,1.3333333333333333
1378561465,1,2399.999729,841.5999049693332,35.06666666666666,524288.0,180352.8,0.5333333333333333,298.6,156.2,1.5333333333333334
1378561765,1,2399.999729,825.599906776,34.4,524288.0,147847.2,0.5333333333333333,296.0,154.06666666666666,1.2666666666666666
1378562065,1,2399.999729,827.1999065953335,34.46666666666667,524288.0,156585.33333333334,19.599999999999998,298.66666666666663,152.46666666666667,1.4
1378562366,1,2399.999729,625.5999293593334,26.066666666666666,524288.0,153090.66666666666,0.06666666666666667,257.06666666666666,108.46666666666667,1.3333333333333333
1378562666,1,2399.999729,1241.5998598026665,51.73333333333333,524288.0,172662.66666666666,64.86666666666666,380.66666666666663,168.66666666666666,5.266666666666667
1378562966,1,2399.999729,1310.399852034,54.6,524288.0,270530.6666666667,198.0,446.20000000000005,170.73333333333332,11.333333333333334
1378563266,1,2399.999729,1051.199881302,43.8,524288.0,292550.93333333335,507.8666666666667,533.6666666666667,143.4,10.866666666666667
1378563566,1,2399.999729,753.5999149060001,31.4,524288.0,335542.4,726.4666666666667,479.0,172.26666666666668,2.933333333333333
1378563866,1,2399.999729,782.399911654,32.6,524288.0,348124.8,746.6,437.8666666666667,162.0,1.8666666666666667
1378564166,1,2399.999729,793.5999103893332,33.06666666666666,524288.0,349173.6,782.5333333333333,403.2,132.26666666666668,1.5333333333333334
1378564466,1,2399.999729,916.7998964780002,38.2,524288.0,344979.2,786.9333333333333,430.3333333333333,179.4,1.2666666666666666
1378564766,1,2399.999729,846.3999044273334,35.266666666666666,524288.0,358961.06666666665,751.0666666666666,442.1333333333333,128.8,1.4
1378565066,1,2399.999729,918.3998962973333,38.266666666666666,524288.0,357213.06666666665,657.4666666666666,455.4,165.86666666666667,1.4666666666666666
1378565366,1,2399.999729,863.99990244,36.0,524288.0,351970.13333333336,610.5333333333333,401.0,129.26666666666668,1.2
1378565666,1,2399.999729,876.7999009946667,36.53333333333333,524288.0,356513.6,801.9999999999999,415.73333333333335,128.0,1.6
1378565966,1,2399.999729,1047.9998816633336,43.66666666666667,524288.0,345679.4666666667,697.6,401.73333333333335,171.93333333333334,1.9333333333333333
1378566266,1,2399.999729,1087.9998771466664,45.33333333333333,524288.0,337988.0,702.3333333333334,436.4666666666667,188.86666666666667,1.8666666666666667
1378566566,1,2399.999729,1737.5998037960003,72.4,524288.0,356514.4,308.5333333333333,631.8,194.93333333333334,24.133333333333333
1378566866,1,2399.999729,1015.9998852766666,42.33333333333333,524288.0,358610.4,721.1333333333332,465.2,168.66666666666666,1.6666666666666667
1378567166,1,2399.999729,1140.7998711846667,47.53333333333333,524288.0,357213.3333333333,719.1333333333334,498.53333333333336,208.46666666666667,1.5333333333333334
1378567466,1,2399.999729,1124.7998729913334,46.86666666666667,524288.0,354417.3333333333,867.6666666666666,481.79999999999995,193.2,1.4
1378567766,1,2399.999729,1163.1998686553334,48.46666666666667,524288.0,365600.5333333333,768.6,443.3333333333333,215.8,1.4
1378568066,1,2399.999729,1047.9998816633336,43.66666666666667,524288.0,358960.26666666666,596.5333333333333,438.20000000000005,135.86666666666667,8.266666666666667
1378568366,1,2399.999729,1118.399873714,46.6,524288.0,353018.13333333336,720.6666666666667,483.40000000000003,134.66666666666666,4.8
1378568666,1,2399.999729,849.599904066,35.4,524288.0,363504.0,766.0,437.4,120.6,1.2666666666666666
1378568966,1,2399.999729,803.1999093053334,33.46666666666667,524288.0,354416.8,686.8666666666668,380.5333333333333,116.06666666666666,1.3333333333333333
1378569266,1,2399.999729,854.3999035240001,35.6,524288.0,358260.5333333333,961.8000000000001,396.0,117.73333333333333,1.4
1378569566,1,2399.999729,806.399908944,33.6,524288.0,377485.3333333333,806.5333333333334,380.06666666666666,107.8,1.8666666666666667
1378569866,1,2399.999729,699.1999210486667,29.133333333333336,524288.0,344629.6,15.2,293.2,133.6,1.6666666666666667
1378570166,1,2399.999729,646.3999270106667,26.933333333333334,524288.0,280317.3333333333,7.2,262.66666666666663,110.26666666666667,1.4666666666666666
1378570466,1,2399.999729,623.99992954,26.0,524288.0,233481.06666666668,0.4666666666666667,254.6,107.46666666666667,1.7333333333333334
1378570766,1,2399.999729,633.5999284559999,26.4,524288.0,227889.06666666668,0.6,258.1333333333333,107.0,1.4666666666666666
1378571066,1,2399.999729,687.9999223133334,28.666666666666664,524288.0,225442.66666666666,20.266666666666666,265.1333333333333,116.26666666666667,1.6
1378571366,1,2399.999729,654.3999261073334,27.266666666666666,524288.0,227888.8,0.33333333333333337,260.0,107.93333333333334,1.5333333333333334
1378571666,1,2399.999729,1006.3998863606665,41.93333333333333,524288.0,217051.73333333334,0.5333333333333333,427.06666666666666,301.2,3.0
1378571966,1,2399.999729,1919.9997832,80.0,524288.0,276821.3333333333,5.866666666666666,798.4,691.4666666666667,3.4
1378572266,1,2399.999729,1297.5998534793334,54.06666666666667,524288.0,280667.2,0.5333333333333333,541.0,404.46666666666664,2.4
1378572566,1,2399.999729,899.1998984653334,37.46666666666667,524288.0,227540.26666666666,0.6666666666666666,381.46666666666664,242.66666666666666,1.8666666666666667
1378572866,1,2399.999729,764.7999136413332,31.866666666666664,524288.0,194333.86666666667,24.46666666666667,315.0,160.86666666666667,1.5333333333333334
1378573166,1,2399.999729,649.5999266493334,27.066666666666666,524288.0,158682.93333333332,0.39999999999999997,268.6,111.86666666666666,1.4666666666666666
1378573466,1,2399.999729,681.599923036,28.4,524288.0,147148.26666666666,8.933333333333334,290.5333333333333,133.73333333333332,1.8
1378573766,1,2399.999729,617.5999302626667,25.733333333333334,524288.0,154488.8,7.133333333333333,257.6,107.26666666666667,1.4666666666666666
1378574067,1,2399.999729,643.199927372,26.8,524288.0,156236.0,1.2,256.93333333333334,107.53333333333333,1.7333333333333334
1378574367,1,2399.999729,657.5999257459999,27.4,524288.0,137362.4,0.2,255.60000000000002,109.8,1.4
1378574667,1,2399.999729,718.3999188806666,29.933333333333334,524288.0,139808.26666666666,35.93333333333334,273.2,115.0,1.2666666666666666
1378574967,1,2399.999729,707.1999201453333,29.466666666666665,524288.0,178254.93333333332,379.66666666666663,278.06666666666666,105.73333333333333,1.5333333333333334
1378575267,1,2399.999729,734.3999170740001,30.6,524288.0,239072.8,366.8,295.33333333333337,116.73333333333333,2.1333333333333333
1378575567,1,2399.999729,647.99992683,27.0,524288.0,217751.73333333334,6.4,261.73333333333335,109.73333333333333,1.4666666666666666
1378575867,1,2399.999729,619.199930082,25.8,524288.0,159731.2,0.5333333333333333,256.8666666666667,109.46666666666667,1.4666666666666666
1378576167,1,2399.999729,617.5999302626667,25.733333333333334,524288.0,147848.0,0.3333333333333333,258.8666666666667,107.53333333333333,1.4666666666666666
1378576467,1,2399.999729,622.3999297206667,25.933333333333334,524288.0,164973.86666666667,20.0,258.4666666666667,110.46666666666667,1.5333333333333334
1378576767,1,2399.999729,623.99992954,26.0,524288.0,152390.66666666666,0.4,252.53333333333336,108.4,1.3333333333333333
1378577067,1,2399.999729,689.5999221326667,28.733333333333334,524288.0,161479.2,7.199999999999999,290.33333333333337,135.0,1.8
1378577367,1,2399.999729,619.199930082,25.8,524288.0,167770.4,6.466666666666667,253.66666666666669,104.73333333333333,1.3333333333333333
1378577667,1,2399.999729,657.5999257459999,27.4,524288.0,134565.6,0.26666666666666666,258.6666666666667,109.13333333333334,1.8666666666666667
1378577967,1,2399.999729,619.199930082,25.8,524288.0,159382.4,0.13333333333333333,257.66666666666663,108.2,1.4666666666666666
1378578267,1,2399.999729,622.3999297206667,25.933333333333334,524288.0,158333.6,0.4,261.66666666666663,109.93333333333334,1.4
1378578567,1,2399.999729,619.199930082,25.8,524288.0,170217.6,0.2,254.4,105.4,1.2
1378578867,1,2399.999729,641.5999275526667,26.733333333333334,524288.0,165672.8,0.3333333333333333,264.73333333333335,114.13333333333334,1.5333333333333334
1378579167,1,2399.999729,588.7999335146667,24.533333333333335,524288.0,155187.73333333334,3.7333333333333334,262.1333333333333,108.26666666666667,1.4666666666666666
1378579467,1,2399.999729,611.1999309853334,25.466666666666665,524288.0,155536.53333333333,0.13333333333333333,255.66666666666666,104.13333333333334,1.3333333333333333
1378579767,1,2399.999729,753.5999149060001,31.4,524288.0,135614.66666666666,0.06666666666666667,270.4,122.53333333333333,1.2666666666666666
1378580067,1,2399.999729,772.7999127380001,32.2,524288.0,163226.4,0.6666666666666667,275.33333333333337,123.0,1.5333333333333334
1378580367,1,2399.999729,683.1999228553333,28.466666666666665,524288.0,142254.93333333332,0.13333333333333333,264.4666666666667,114.33333333333333,1.3333333333333333
1378580667,1,2399.999729,703.9999205066669,29.333333333333336,524288.0,166721.86666666667,7.3999999999999995,301.79999999999995,145.33333333333334,1.6
1378580967,1,2399.999729,643.199927372,26.8,524288.0,166721.6,1.7333333333333334,267.4,110.93333333333334,1.3333333333333333
1378581267,1,2399.999729,625.5999293593334,26.066666666666666,524288.0,149944.0,0.2,263.4,110.46666666666667,1.8666666666666667
1378581567,1,2399.999729,615.9999304433333,25.666666666666664,524288.0,131070.4,0.13333333333333333,260.6,108.26666666666667,1.4666666666666666
1378581867,1,2399.999729,638.399927914,26.6,524288.0,140856.26666666666,0.7333333333333334,264.3333333333333,109.33333333333333,1.1333333333333333
1378582167,1,2399.999729,615.9999304433333,25.666666666666664,524288.0,146098.93333333332,0.2,257.53333333333336,105.2,1.2
1378582467,1,2399.999729,627.1999291786668,26.133333333333336,524288.0,171615.2,0.06666666666666667,266.73333333333335,113.0,1.4
1378582767,1,2399.999729,603.1999318886668,25.133333333333336,524288.0,155886.93333333332,3.7333333333333334,263.0,107.86666666666666,1.4666666666666666
1378583067,1,2399.999729,591.9999331533334,24.666666666666664,524288.0,131420.0,0.06666666666666667,258.6,108.33333333333333,1.4666666666666666
1378583368,1,2399.999729,580.799934418,24.2,524288.0,138759.46666666667,0.6666666666666666,253.8,107.8,1.3333333333333333
1378583668,1,2399.999729,625.5999293593334,26.066666666666666,524288.0,146798.4,183.2,259.06666666666666,110.06666666666666,1.4
1378583968,1,2399.999729,681.599923036,28.4,524288.0,255501.6,746.4,304.66666666666663,109.66666666666667,1.3333333333333333
1378584268,1,2399.999729,703.9999205066669,29.333333333333336,524288.0,194334.4,13.2,288.46666666666664,134.6,2.0
1378584568,1,2399.999729,588.7999335146667,24.533333333333335,524288.0,170216.26666666666,6.6000000000000005,255.6,106.26666666666667,1.3333333333333333
1378584868,1,2399.999729,630.3999288173334,26.266666666666666,524288.0,141556.0,0.9333333333333333,258.26666666666665,109.86666666666666,1.8666666666666667
1378585168,1,2399.999729,628.799928998,26.2,524288.0,139458.4,0.4,267.4,117.73333333333333,1.4
1378585468,1,2399.999729,643.199927372,26.8,524288.0,179304.0,29.933333333333334,277.2,125.73333333333333,1.4
1378585768,1,2399.999729,636.7999280946667,26.533333333333335,524288.0,153090.13333333333,0.06666666666666667,268.6,115.93333333333334,1.3333333333333333
1378586068,1,2399.999729,676.7999235780001,28.2,524288.0,133167.2,3.4000000000000004,274.8666666666667,123.2,1.4666666666666666
1378586368,1,2399.999729,654.3999261073334,27.266666666666666,524288.0,166022.4,0.2,278.1333333333333,121.0,1.2
1378586668,1,2399.999729,638.399927914,26.6,524288.0,148896.0,0.3333333333333333,271.8,116.4,1.2
1378586968,1,2399.999729,638.399927914,26.6,524288.0,149944.0,16.266666666666666,272.93333333333334,117.73333333333333,1.2
1378587268,1,2399.999729,643.199927372,26.8,524288.0,156935.46666666667,0.2,278.8666666666667,124.0,1.3333333333333333
1378587568,1,2399.999729,627.1999291786668,26.133333333333336,524288.0,166372.53333333333,0.2,271.73333333333335,115.53333333333333,1.2
1378587868,1,2399.999729,668.7999244813333,27.866666666666664,524288.0,182800.0,6.666666666666666,297.1333333333333,136.53333333333333,1.6
1378588168,1,2399.999729,619.199930082,25.8,524288.0,170566.13333333333,2.0,264.6666666666667,111.4,1.2
1378588468,1,2399.999729,684.7999226746667,28.533333333333335,524288.0,146798.4,0.0,277.4,119.46666666666667,1.6
1378588768,1,2399.999729,665.5999248426666,27.733333333333334,524288.0,152740.26666666666,16.93333333333333,267.0,113.26666666666667,1.2
1378589068,1,2399.999729,671.9999241200001,28.0,524288.0,183499.46666666667,0.3333333333333333,273.26666666666665,115.33333333333333,1.2666666666666666
1378589368,1,2399.999729,647.99992683,27.0,524288.0,154488.8,0.4666666666666667,259.5333333333333,111.0,1.0666666666666667
1378589668,1,2399.999729,647.99992683,27.0,524288.0,155187.2,3.1999999999999997,263.8,114.8,1.2666666666666666
1378589968,1,2399.999729,601.5999320693334,25.066666666666666,524288.0,162528.0,0.13333333333333333,258.0,108.26666666666667,1.1333333333333333
1378590268,1,2399.999729,612.7999308046667,25.533333333333335,524288.0,165672.53333333333,0.2,257.66666666666663,109.0,1.2
1378590568,1,2399.999729,606.3999315273334,25.266666666666666,524288.0,156236.0,16.599999999999998,258.6666666666667,106.46666666666667,1.1333333333333333
1378590868,1,2399.999729,614.399930624,25.6,524288.0,155536.26666666666,0.06666666666666667,257.53333333333336,109.33333333333333,1.4
1378591168,1,2399.999729,604.799931708,25.2,524288.0,142603.73333333334,0.2,254.26666666666665,105.53333333333333,0.9333333333333333
1378591468,1,2399.999729,723.1999183386667,30.133333333333336,524288.0,184198.4,11.066666666666666,254.39999999999998,148.13333333333333,1.6666666666666667
1378591768,1,2399.999729,571.1999355020001,23.8,524288.0,185945.86666666667,1.5333333333333332,225.46666666666667,99.0,1.1333333333333333
1378592068,1,2399.999729,628.799928998,26.2,524288.0,178256.0,0.6666666666666666,232.86666666666667,107.06666666666666,1.7333333333333334
1378592368,1,2399.999729,630.3999288173334,26.266666666666666,524288.0,155536.8,16.333333333333332,239.13333333333333,104.8,1.0666666666666667
1378592668,1,2399.999729,639.9999277333333,26.666666666666664,524288.0,154138.66666666666,0.2,238.46666666666667,107.06666666666666,1.1333333333333333
1378592968,1,2399.999729,612.7999308046667,25.533333333333335,524288.0,143302.4,0.39999999999999997,236.86666666666667,104.73333333333333,0.9333333333333333
1378593269,1,2399.999729,638.399927914,26.6,524288.0,148895.2,3.066666666666667,249.53333333333336,114.93333333333334,1.4
1378593569,1,2399.999729,558.3999369473333,23.266666666666666,524288.0,160430.4,0.2,237.39999999999998,105.26666666666667,1.1333333333333333
1378593869,1,2399.999729,564.7999362246668,23.533333333333335,524288.0,143652.8,0.06666666666666667,237.53333333333333,105.06666666666666,1.3333333333333333
1378594169,1,2399.999729,559.9999367666667,23.333333333333336,524288.0,135264.8,16.333333333333332,236.86666666666665,103.8,1.2666666666666666
1378594469,1,2399.999729,614.399930624,25.6,524288.0,152041.6,0.06666666666666667,242.73333333333335,108.93333333333334,1.0666666666666667
1378594769,1,2399.999729,598.3999324306667,24.933333333333334,524288.0,135963.46666666667,0.0,235.06666666666666,102.93333333333334,1.0666666666666667
1378595069,1,2399.999729,836.7999055113333,34.86666666666667,524288.0,227888.8,753.4666666666667,405.06666666666666,155.73333333333332,1.6666666666666667
1378595369,1,2399.999729,804.7999091246666,33.53333333333333,524288.0,338687.4666666667,971.0000000000001,445.73333333333335,119.93333333333334,1.2
1378595669,1,2399.999729,820.799907318,34.2,524288.0,330997.86666666664,981.0666666666666,426.26666666666665,122.13333333333334,1.6
1378595969,1,2399.999729,1127.99987263,47.0,524288.0,334144.26666666666,1080.9333333333334,352.20000000000005,115.26666666666667,1.0666666666666667
1378596269,1,2399.999729,2278.3997427306667,94.93333333333334,524288.0,339037.06666666665,1282.3333333333335,270.06666666666666,111.0,1.1333333333333333
1378596569,1,2399.999729,2247.9997461633334,93.66666666666666,524288.0,322610.13333333336,1101.1333333333332,278.0,107.26666666666667,1.0
1378596869,1,2399.999729,2268.799743814667,94.53333333333335,524288.0,264240.5333333333,1248.3999999999999,281.73333333333335,116.26666666666667,1.0666666666666667
1378597169,1,2399.999729,2284.7997420080005,95.2,524288.0,243268.0,1292.8,283.8666666666667,110.2,0.9333333333333333
1378597469,1,2399.999729,2299.199740382,95.8,524288.0,308280.0,1369.8666666666666,272.1333333333333,106.4,1.0
1378597769,1,2399.999729,2254.3997454406667,93.93333333333334,524288.0,288357.6,1250.0666666666668,282.26666666666665,105.66666666666667,0.9333333333333333
1378598069,1,2399.999729,2299.199740382,95.8,524288.0,310376.5333333333,1003.6666666666667,266.1333333333333,109.53333333333333,1.0
1378598369,1,2399.999729,2321.5997378526667,96.73333333333333,524288.0,293599.2,787.1333333333334,251.06666666666666,107.46666666666667,0.8666666666666667
1378598669,1,2399.999729,2281.5997423693334,95.06666666666666,524288.0,301289.06666666665,728.5333333333333,294.46666666666664,148.13333333333333,1.5333333333333334
1378598969,1,2399.999729,2308.799739298,96.2,524288.0,316318.4,794.0000000000001,244.66666666666663,102.6,1.1333333333333333
1378599269,1,2399.999729,2305.5997396593334,96.06666666666666,524288.0,322959.2,775.6,245.86666666666667,102.93333333333334,1.6666666666666667
1378599569,1,2399.999729,2315.199738575333,96.46666666666665,524288.0,339037.3333333333,862.9333333333333,248.26666666666665,104.53333333333333,1.1333333333333333
1378599869,1,2399.999729,2351.99973442,98.0,524288.0,334843.2,772.8666666666667,245.33333333333331,108.2,1.0666666666666667
1378600169,1,2399.999729,2343.9997353233334,97.66666666666666,524288.0,318066.13333333336,799.0666666666667,244.4,104.0,1.0666666666666667
1378600469,1,2399.999729,2337.5997360460005,97.4,524288.0,308280.8,797.6,262.8,121.4,1.1333333333333333
1378600769,1,2399.999729,2233.5997477893334,93.06666666666666,524288.0,270530.93333333335,1251.9333333333332,305.73333333333335,105.93333333333334,1.0666666666666667
1378601069,1,2399.999729,2271.9997434533334,94.66666666666666,524288.0,225442.4,1352.6666666666665,304.1333333333333,107.2,1.2
1378601369,1,2399.999729,2318.399738214,96.6,524288.0,236627.73333333334,1295.2,264.4666666666667,106.53333333333333,0.9333333333333333
1378601669,1,2399.999729,2311.999738936667,96.33333333333334,524288.0,257947.46666666667,1051.4666666666667,277.93333333333334,109.73333333333333,1.0
1378601970,1,2399.999729,2315.199738575333,96.46666666666665,524288.0,284162.4,1354.3333333333333,269.33333333333337,105.8,0.9333333333333333
1378602269,1,2399.999729,2295.9997407433334,95.66666666666666,524288.0,314571.2,1781.3333333333335,376.26666666666665,144.0,1.6666666666666667
1378602569,1,2399.999729,2327.99973713,97.0,524288.0,343930.4,1716.5333333333333,347.3333333333333,104.6,1.2666666666666666
1378602869,1,2399.999729,2337.5997360460005,97.4,524288.0,367349.06666666665,1724.4666666666667,375.93333333333334,108.46666666666667,1.6666666666666667
1378603169,1,2399.999729,2355.1997340586668,98.13333333333334,524288.0,361407.4666666667,1654.4666666666667,374.3333333333333,108.53333333333333,1.0
1378603469,1,2399.999729,2334.3997364073334,97.26666666666667,524288.0,355814.93333333335,1454.9333333333334,373.0,107.86666666666666,1.0666666666666667
1378603769,1,2399.999729,2308.799739298,96.2,524288.0,362106.4,1492.1999999999998,370.1333333333333,107.53333333333333,1.1333333333333333
1378604069,1,2399.999729,2287.9997416466667,95.33333333333334,524288.0,355814.4,1117.9999999999998,343.5333333333333,110.46666666666667,1.2666666666666666
1378604369,1,2399.999729,1431.9998383033335,59.66666666666667,524288.0,291152.26666666666,184.46666666666667,369.2666666666667,107.53333333333333,1.2
1378604669,1,2399.999729,881.5999004526668,36.733333333333334,524288.0,193285.86666666667,0.8,299.5333333333333,104.2,1.0
1378604969,1,2399.999729,1222.3998619706667,50.93333333333333,524288.0,156235.73333333334,20.799999999999997,374.0,109.66666666666667,1.0666666666666667
1378605269,1,2399.999729,931.1998948519999,38.8,524288.0,171615.73333333334,0.3333333333333333,319.8666666666667,111.33333333333333,1.0666666666666667
1378605569,1,2399.999729,825.599906776,34.4,524288.0,139458.66666666666,0.6,294.8,105.53333333333333,0.9333333333333333
1378605869,1,2399.999729,1076.7998784113333,44.86666666666667,524288.0,200976.0,599.1333333333334,342.5333333333333,137.8,1.9333333333333333
1378606169,1,2399.999729,790.3999107506668,32.93333333333334,524288.0,249209.6,1.9333333333333331,329.1333333333333,109.8,1.2
1378606469,1,2399.999729,1175.99986721,49.0,524288.0,202372.8,1.0666666666666667,401.26666666666665,111.13333333333334,1.6666666666666667
1378606769,1,2399.999729,1035.1998831086667,43.13333333333333,524288.0,213908.0,17.733333333333334,370.46666666666664,116.33333333333333,1.0666666666666667
1378607069,1,2399.999729,913.5998968393333,38.06666666666666,524288.0,242218.4,14.066666666666666,350.8666666666667,118.26666666666667,1.3333333333333333
1378607369,1,2399.999729,697.5999212293334,29.066666666666666,524288.0,244316.0,0.39999999999999997,287.6,105.8,1.0
1378607669,1,2399.999729,534.3999396573333,22.266666666666666,524288.0,189790.93333333332,4.2,267.1333333333333,112.66666666666667,1.1333333333333333
1378607970,1,2399.999729,430.3999514006667,17.933333333333334,524288.0,163926.13333333333,0.26666666666666666,247.5333333333333,109.33333333333333,1.0666666666666667
1378608270,1,2399.999729,468.79994706466664,19.53333333333333,524288.0,144352.0,0.13333333333333333,259.33333333333337,104.0,1.0
1378608570,1,2399.999729,454.3999486906667,18.933333333333334,524288.0,137710.4,16.8,243.4,106.0,1.1333333333333333
1378608870,1,2399.999729,439.9999503166666,18.333333333333332,524288.0,154489.06666666668,0.0,243.66666666666666,109.2,1.0666666666666667
1378609170,1,2399.999729,571.1999355020001,23.8,524288.0,145751.46666666667,0.13333333333333333,269.73333333333335,105.46666666666667,0.8
1378609470,1,2399.999729,665.5999248426666,27.733333333333334,524288.0,180353.33333333334,23.933333333333334,312.2,134.86666666666667,1.5333333333333334
1378609770,1,2399.999729,411.1999535686667,17.133333333333333,524288.0,181402.13333333333,0.13333333333333333,231.5333333333333,100.8,0.9333333333333333
1378610070,1,2399.999729,415.9999530266666,17.333333333333332,524288.0,149943.73333333334,0.7333333333333333,232.93333333333334,105.53333333333333,1.3333333333333333
1378610370,1,2399.999729,443.1999499553334,18.46666666666667,524288.0,149595.2,16.73333333333333,238.26666666666665,106.6,0.8666666666666667
1378610670,1,2399.999729,399.9999548333334,16.666666666666668,524288.0,136313.86666666667,0.2,242.73333333333335,107.66666666666667,0.9333333333333333
1378610970,1,2399.999729,454.3999486906667,18.933333333333334,524288.0,134566.66666666666,0.13333333333333333,235.8,104.33333333333333,0.9333333333333333
1378611270,1,2399.999729,404.79995429133334,16.866666666666667,524288.0,147147.73333333334,2.2,249.46666666666667,112.33333333333333,1.0
1378611570,1,2399.999729,417.599952846,17.4,524288.0,150294.66666666666,0.26666666666666666,241.93333333333334,104.93333333333334,0.9333333333333333
1378611870,1,2399.999729,404.79995429133334,16.866666666666667,524288.0,146798.66666666666,0.3333333333333333,240.53333333333336,105.13333333333334,1.0
1378612170,1,2399.999729,420.7999524846666,17.53333333333333,524288.0,147498.13333333333,16.666666666666664,243.93333333333334,105.86666666666666,1.0
1378612470,1,2399.999729,391.99995573666666,16.333333333333332,524288.0,145750.4,0.6666666666666667,242.0,112.86666666666666,1.0
1378612770,1,2399.999729,403.199954472,16.8,524288.0,142605.33333333334,0.26666666666666666,233.86666666666667,105.33333333333333,0.9333333333333333
1378613070,1,2399.999729,633.5999284559999,26.4,524288.0,175460.53333333333,6.133333333333334,318.4666666666667,177.73333333333332,1.4
1378613370,1,2399.999729,479.9999458,20.0,524288.0,192586.93333333332,0.8,253.8,119.73333333333333,0.8666666666666667
1378613670,1,2399.999729,550.3999378506667,22.933333333333334,524288.0,168819.2,0.2,272.3333333333333,134.2,1.5333333333333334
1378613970,1,2399.999729,524.7999407413332,21.866666666666664,524288.0,158332.8,16.733333333333334,252.4,123.4,0.9333333333333333
1378614270,1,2399.999729,465.59994742599997,19.4,524288.0,173012.8,0.3333333333333333,245.46666666666664,112.73333333333333,1.0
1378614570,1,2399.999729,446.3999495940001,18.6,524288.0,153091.2,0.13333333333333333,234.33333333333334,104.66666666666667,0.9333333333333333
1378614870,1,2399.999729,447.99994941333335,18.666666666666668,524288.0,144702.4,2.3333333333333335,249.06666666666666,113.53333333333333,1.0666666666666667
1378615170,1,2399.999729,411.1999535686667,17.133333333333333,524288.0,128973.6,0.06666666666666667,244.0,107.4,0.8666666666666667
1378615470,1,2399.999729,451.199949052,18.8,524288.0,136313.6,0.33333333333333337,238.8,106.66666666666667,1.0666666666666667
1378615770,1,2399.999729,428.79995158133335,17.866666666666667,524288.0,126177.06666666667,16.73333333333333,237.93333333333334,106.06666666666666,1.0
1378616070,1,2399.999729,497.59994381266665,20.733333333333334,524288.0,148894.66666666666,0.13333333333333333,246.06666666666666,111.06666666666666,1.0
1378616370,1,2399.999729,502.3999432706667,20.933333333333334,524288.0,131070.66666666667,0.13333333333333333,238.2,106.33333333333333,0.8666666666666667
1378616670,1,2399.999729,559.9999367666667,23.333333333333336,524288.0,154488.53333333333,5.733333333333333,275.3333333333333,132.4,1.4666666666666666
1378616970,1,2399.999729,404.79995429133334,16.866666666666667,524288.0,162178.13333333333,0.26666666666666666,240.0,103.86666666666666,0.9333333333333333
1378617270,1,2399.999729,470.3999468840001,19.6,524288.0,137712.26666666666,0.13333333333333333,244.33333333333331,110.26666666666667,1.5333333333333334
1378617570,1,2399.999729,447.99994941333335,18.666666666666668,524288.0,147497.86666666667,17.0,244.0,108.53333333333333,0.9333333333333333
1378617871,1,2399.999729,478.39994598066664,19.933333333333334,524288.0,150992.26666666666,10.8,245.0,108.86666666666666,1.0
1378618171,1,2399.999729,454.3999486906667,18.933333333333334,524288.0,148547.2,0.06666666666666667,238.66666666666669,106.86666666666666,0.8666666666666667
1378618471,1,2399.999729,521.5999411026667,21.733333333333334,524288.0,133167.73333333334,2.466666666666667,247.8,117.33333333333333,1.1333333333333333
1378618771,1,2399.999729,433.5999510393333,18.066666666666666,524288.0,145051.2,0.13333333333333333,238.53333333333336,106.26666666666667,1.0
1378619071,1,2399.999729,427.19995176200007,17.8,524288.0,141905.86666666667,0.13333333333333333,240.06666666666666,105.0,1.0666666666666667
1378619371,1,2399.999729,404.79995429133334,16.866666666666667,524288.0,129672.53333333334,16.866666666666664,241.26666666666665,106.26666666666667,1.0
1378619671,1,2399.999729,420.7999524846666,17.53333333333333,524288.0,153438.93333333332,0.2,241.60000000000002,108.86666666666666,1.0
1378619971,1,2399.999729,428.79995158133335,17.866666666666667,524288.0,136313.6,0.0,237.0,105.06666666666666,0.8666666666666667
1378620271,1,2399.999729,510.3999423673333,21.266666666666666,524288.0,159731.73333333334,6.266666666666667,268.1333333333333,128.26666666666668,1.4
1378620571,1,2399.999729,409.59995374933334,17.066666666666666,524288.0,154138.4,0.4,240.13333333333333,104.2,0.9333333333333333
1378620871,1,2399.999729,412.799953388,17.2,524288.0,146798.4,0.2,242.13333333333333,108.0,1.4666666666666666
1378621171,1,2399.999729,435.1999508586667,18.133333333333333,524288.0,139458.4,16.8,248.53333333333333,107.8,0.9333333333333333
1378621471,1,2399.999729,516.7999416446668,21.533333333333335,524288.0,136314.4,0.33333333333333337,246.33333333333331,109.2,0.9333333333333333
1378621771,1,2399.999729,607.9999313466668,25.333333333333336,524288.0,130371.73333333334,0.2,239.0,103.53333333333333,0.9333333333333333
1378622071,1,2399.999729,548.7999380313333,22.866666666666664,524288.0,127575.2,3.8,241.46666666666667,111.8,1.2
1378622371,1,2399.999729,527.99994038,22.0,524288.0,152390.93333333332,0.2,242.66666666666669,107.73333333333333,1.1333333333333333
1378622671,1,2399.999729,513.599942006,21.4,524288.0,142953.6,0.13333333333333333,234.5333333333333,105.2,1.1333333333333333
1378622971,1,2399.999729,510.3999423673333,21.266666666666666,524288.0,138410.93333333332,16.8,239.06666666666666,105.6,1.1333333333333333
1378623271,1,2399.999729,1073.5998787726667,44.73333333333333,524288.0,149245.6,0.6,468.40000000000003,366.3333333333333,2.933333333333333
1378623571,1,2399.999729,1796.7997971113334,74.86666666666667,524288.0,231033.6,0.26666666666666666,728.2,640.3333333333334,3.4
1378623871,1,2399.999729,1275.1998560086668,53.13333333333333,524288.0,254801.6,41.733333333333334,559.3333333333334,437.6,3.066666666666667
1378624171,1,2399.999729,729.599917616,30.4,524288.0,242918.4,56.8,305.8666666666667,177.13333333333333,1.6666666666666667
1378624472,1,2399.999729,662.399925204,27.6,524288.0,193635.2,0.5333333333333333,269.6,133.33333333333334,1.7333333333333334
1378624772,1,2399.999729,587.1999336953334,24.466666666666665,524288.0,155886.93333333332,18.866666666666667,245.8,107.06666666666666,1.2
1378625072,1,2399.999729,579.1999345986667,24.133333333333336,524288.0,177208.0,0.5333333333333333,245.4666666666667,106.66666666666667,1.1333333333333333
1378625372,1,2399.999729,571.1999355020001,23.8,524288.0,154487.46666666667,0.13333333333333333,243.06666666666666,102.53333333333333,1.1333333333333333
1378625672,1,2399.999729,572.7999353213334,23.866666666666664,524288.0,163924.8,4.0,248.2,110.66666666666667,1.2666666666666666
1378625972,1,2399.999729,574.3999351406667,23.933333333333334,524288.0,180702.4,0.06666666666666667,244.13333333333333,104.53333333333333,1.2
1378626272,1,2399.999729,579.1999345986667,24.133333333333336,524288.0,149594.66666666666,0.39999999999999997,242.66666666666666,104.06666666666666,1.1333333333333333
1378626572,1,2399.999729,574.3999351406667,23.933333333333334,524288.0,158683.2,1.8,246.2,103.53333333333333,1.1333333333333333
1378626872,1,2399.999729,558.3999369473333,23.266666666666666,524288.0,135264.8,0.26666666666666666,246.0,108.06666666666666,1.3333333333333333
1378627172,1,2399.999729,551.99993767,23.0,524288.0,154138.66666666666,0.06666666666666667,243.2,102.33333333333333,1.0
1378627472,1,2399.999729,625.5999293593334,26.066666666666666,524288.0,173013.6,6.533333333333333,272.46666666666664,133.06666666666666,1.6666666666666667
1378627772,1,2399.999729,543.9999385733332,22.666666666666664,524288.0,160081.06666666668,1.6666666666666667,228.60000000000002,99.06666666666666,1.0
1378628072,1,2399.999729,569.5999356826667,23.733333333333334,524288.0,167421.33333333334,0.7333333333333333,235.73333333333332,105.0,1.8
1378628372,1,2399.999729,598.3999324306667,24.933333333333334,524288.0,153439.2,2.533333333333333,234.53333333333336,105.0,1.2666666666666666
1378628672,1,2399.999729,567.9999358633333,23.666666666666664,524288.0,166371.46666666667,12.933333333333334,240.73333333333335,106.93333333333334,1.4
1378628972,1,2399.999729,556.799937128,23.2,524288.0,163925.33333333334,0.06666666666666667,235.0,101.6,1.2
1378629272,1,2399.999729,567.9999358633333,23.666666666666664,524288.0,150294.4,2.2,239.73333333333335,109.73333333333333,1.3333333333333333
1378629572,1,2399.999729,580.799934418,24.2,524288.0,150644.26666666666,0.0,241.4,109.0,1.2666666666666666
1378629872,1,2399.999729,583.9999340566668,24.333333333333336,524288.0,138409.6,0.13333333333333333,235.06666666666666,102.46666666666667,1.2
1378630172,1,2399.999729,595.199932792,24.8,524288.0,152740.26666666666,2.4,238.93333333333334,105.53333333333333,1.2
1378630472,1,2399.999729,595.199932792,24.8,524288.0,156585.06666666668,0.13333333333333333,240.06666666666666,106.46666666666667,1.2666666666666666
1378630772,1,2399.999729,566.399936044,23.6,524288.0,147846.4,0.06666666666666667,237.2,103.33333333333333,1.0666666666666667
1378631073,1,2399.999729,609.599931166,25.4,524288.0,174411.2,5.266666666666667,260.0,126.06666666666666,1.7333333333333334
1378631373,1,2399.999729,537.599939296,22.4,524288.0,167072.0,1.2,232.0,100.8,1.2666666666666666
1378631673,1,2399.999729,579.1999345986667,24.133333333333336,524288.0,153439.73333333334,0.13333333333333333,237.93333333333334,105.2,1.9333333333333333
1378631973,1,2399.999729,545.5999383926668,22.733333333333334,524288.0,147847.73333333334,2.4,235.8,103.6,1.2
1378632273,1,2399.999729,575.99993496,24.0,524288.0,161828.53333333333,0.3333333333333333,235.86666666666667,105.6,1.4
1378632573,1,2399.999729,555.1999373086668,23.133333333333336,524288.0,138409.86666666667,0.06666666666666667,237.2,102.8,1.1333333333333333
1378632873,1,2399.999729,582.3999342373334,24.266666666666666,524288.0,133168.26666666666,2.0,237.66666666666669,109.53333333333333,1.4666666666666666
1378633173,1,2399.999729,561.599936586,23.4,524288.0,146799.2,0.13333333333333333,234.4666666666667,103.4,1.3333333333333333
1378633473,1,2399.999729,571.1999355020001,23.8,524288.0,131768.8,0.06666666666666667,237.33333333333331,104.46666666666667,1.3333333333333333
1378633773,1,2399.999729,566.399936044,23.6,524288.0,133516.8,2.2,237.93333333333334,104.93333333333334,1.4
1378634073,1,2399.999729,571.1999355020001,23.8,524288.0,151692.53333333333,0.06666666666666667,243.0,108.33333333333333,1.3333333333333333
1378634373,1,2399.999729,583.9999340566668,24.333333333333336,524288.0,156236.0,0.2,236.8,103.86666666666666,1.0
1378634673,1,2399.999729,606.3999315273334,25.266666666666666,524288.0,155188.0,6.133333333333333,274.73333333333335,130.53333333333333,1.7333333333333334
1378634973,1,2399.999729,543.9999385733332,22.666666666666664,524288.0,150993.6,1.2,235.26666666666665,101.8,1.1333333333333333
1378635273,1,2399.999729,599.99993225,25.0,524288.0,148895.2,0.13333333333333333,240.66666666666666,110.0,1.6666666666666667
1378635573,1,2399.999729,607.9999313466668,25.333333333333336,524288.0,142604.26666666666,2.1333333333333333,241.8,105.06666666666666,1.3333333333333333
1378635873,1,2399.999729,595.199932792,24.8,524288.0,165673.6,0.13333333333333333,235.13333333333333,106.33333333333333,1.3333333333333333
1378636173,1,2399.999729,561.599936586,23.4,524288.0,136313.86666666667,0.0,235.53333333333333,101.8,1.4666666666666666
1378636473,1,2399.999729,599.99993225,25.0,524288.0,167421.06666666668,2.0,244.73333333333332,112.6,1.4666666666666666
1378636773,1,2399.999729,614.399930624,25.6,524288.0,139458.66666666666,0.06666666666666667,262.73333333333335,121.13333333333334,1.2666666666666666
1378637073,1,2399.999729,614.399930624,25.6,524288.0,131420.8,0.13333333333333333,242.33333333333331,106.66666666666667,1.2666666666666666
1378637373,1,2399.999729,609.599931166,25.4,524288.0,132118.13333333333,2.4,235.33333333333331,104.2,1.2
1378637673,1,2399.999729,614.399930624,25.6,524288.0,149244.26666666666,0.2,247.53333333333336,111.6,1.2666666666666666
1378637973,1,2399.999729,574.3999351406667,23.933333333333334,524288.0,161478.4,0.13333333333333333,236.73333333333332,104.66666666666667,1.2666666666666666
1378638273,1,2399.999729,1158.3998691973334,48.26666666666667,524288.0,199227.2,71.8,394.5333333333333,146.93333333333334,12.866666666666667
1378638573,1,2399.999729,899.1998984653334,37.46666666666667,524288.0,287657.86666666664,994.6666666666667,482.6666666666667,112.26666666666667,3.066666666666667
1378638873,1,2399.999729,635.1999282753333,26.466666666666665,524288.0,319115.4666666667,1050.3333333333333,433.06666666666666,110.46666666666667,2.4
1378639173,1,2399.999729,691.199921952,28.8,524288.0,342183.4666666667,1237.5333333333333,406.73333333333335,111.8,1.7333333333333334
1378639473,1,2399.999729,785.5999112926667,32.733333333333334,524288.0,349522.93333333335,443.26666666666665,409.93333333333334,115.66666666666667,15.6
1378639773,1,2399.999729,947.1998930453334,39.46666666666667,524288.0,334143.73333333334,849.0666666666666,466.6,121.33333333333333,5.8
1378640073,1,2399.999729,793.5999103893332,33.06666666666666,524288.0,353018.13333333336,830.9333333333334,424.06666666666666,124.4,1.8666666666666667
1378640373,1,2399.999729,747.1999156286668,31.133333333333336,524288.0,360708.8,972.8,388.8666666666667,106.2,1.6666666666666667
1378640673,1,2399.999729,785.5999112926667,32.733333333333334,524288.0,372241.86666666664,1085.2666666666667,370.73333333333335,115.26666666666667,1.6666666666666667
1378640973,1,2399.999729,713.5999194226667,29.733333333333334,524288.0,359660.26666666666,228.0,283.5333333333333,107.33333333333333,3.6
1378641273,1,2399.999729,612.7999308046667,25.533333333333335,524288.0,285211.2,0.4,241.46666666666664,109.4,1.6666666666666667
1378641573,1,2399.999729,590.3999333340001,24.6,524288.0,229636.8,0.7333333333333333,237.06666666666666,104.66666666666667,1.2666666666666666
1378641873,1,2399.999729,667.1999246620002,27.8,524288.0,243268.0,8.066666666666666,266.4,129.93333333333334,1.7333333333333334
1378642173,1,2399.999729,585.599933876,24.4,524288.0,254802.13333333333,7.933333333333334,236.2,102.86666666666666,1.2
1378642473,1,2399.999729,628.799928998,26.2,524288.0,226140.26666666666,0.39999999999999997,240.13333333333333,109.33333333333333,1.7333333333333334
1378642774,1,2399.999729,611.1999309853334,25.466666666666665,524288.0,227538.93333333332,19.533333333333335,242.73333333333335,108.06666666666666,1.4
1378643074,1,2399.999729,603.1999318886668,25.133333333333336,524288.0,222995.2,0.2,240.6,107.33333333333333,1.3333333333333333
1378643374,1,2399.999729,633.5999284559999,26.4,524288.0,198877.6,0.33333333333333337,254.06666666666666,114.46666666666667,1.2666666666666666
1378643674,1,2399.999729,623.99992954,26.0,524288.0,180353.33333333334,4.0,252.0,119.6,1.4666666666666666
1378643974,1,2399.999729,630.3999288173334,26.266666666666666,524288.0,180703.2,0.3333333333333333,250.0,111.53333333333333,1.3333333333333333
1378644274,1,2399.999729,593.5999329726667,24.733333333333334,524288.0,160779.46666666667,0.26666666666666666,239.86666666666667,105.26666666666667,1.5333333333333334
1378644574,1,2399.999729,579.1999345986667,24.133333333333336,524288.0,174410.66666666666,16.73333333333333,242.6,104.06666666666666,1.2666666666666666
1378644874,1,2399.999729,580.799934418,24.2,524288.0,187692.0,0.13333333333333333,242.2,107.2,1.4
1378645174,1,2399.999729,599.99993225,25.0,524288.0,166720.8,0.2,238.0,102.8,1.2666666666666666
1378645474,1,2399.999729,643.199927372,26.8,524288.0,154837.33333333334,8.533333333333333,274.2,135.46666666666667,1.6666666666666667
1378645774,1,2399.999729,564.7999362246668,23.533333333333335,524288.0,167770.93333333332,8.0,233.6,100.26666666666667,1.3333333333333333
1378646074,1,2399.999729,614.399930624,25.6,524288.0,147148.53333333333,0.8,236.73333333333332,106.53333333333333,1.7333333333333334
1378646374,1,2399.999729,1095.9998762433336,45.66666666666667,524288.0,159381.6,16.666666666666664,336.8,192.93333333333334,3.0
1378646674,1,2399.999729,1367.9998455300001,57.0,524288.0,211111.2,0.26666666666666666,409.6666666666667,288.0,1.4
1378646974,1,2399.999729,1086.3998773273336,45.26666666666667,524288.0,206567.2,0.13333333333333333,345.8,220.93333333333334,1.0
1378647274,1,2399.999729,1110.3998746173336,46.26666666666667,524288.0,188043.2,4.6000000000000005,343.8666666666667,216.53333333333333,1.2
1378647574,1,2399.999729,991.9998879866666,41.33333333333333,524288.0,178256.0,0.4666666666666667,316.0,182.86666666666667,1.0666666666666667
1378647874,1,2399.999729,580.799934418,24.2,524288.0,157284.26666666666,0.13333333333333333,236.26666666666665,104.2,1.3333333333333333
1378648174,1,2399.999729,668.7999244813333,27.866666666666664,524288.0,171964.8,17.2,250.93333333333334,118.33333333333333,1.2666666666666666
1378648474,1,2399.999729,585.599933876,24.4,524288.0,168819.2,0.2,243.33333333333331,107.86666666666666,1.2666666666666666
1378648774,1,2399.999729,561.599936586,23.4,524288.0,163926.13333333333,0.06666666666666667,234.4666666666667,103.66666666666667,1.2
1378649074,1,2399.999729,1129.5998724493336,47.06666666666667,524288.0,186994.13333333333,70.86666666666667,361.6,168.33333333333334,5.666666666666667
1378649374,1,2399.999729,1289.5998543826665,53.73333333333333,524288.0,267385.06666666665,210.4,468.66666666666663,187.06666666666666,13.266666666666667
1378649674,1,2399.999729,980.7998892513334,40.86666666666667,524288.0,308629.3333333333,578.6,528.2,146.2,10.6
1378649974,1,2399.999729,782.399911654,32.6,524288.0,345678.6666666667,786.0666666666667,450.8666666666667,166.46666666666667,1.8
1378650274,1,2399.999729,703.9999205066669,29.333333333333336,524288.0,359309.86666666664,745.5333333333333,394.1333333333333,139.86666666666667,1.4
1378650574,1,2399.999729,820.799907318,34.2,524288.0,339037.86666666664,772.4000000000001,394.1333333333333,163.53333333333333,1.3333333333333333
1378650874,1,2399.999729,803.1999093053334,33.46666666666667,524288.0,347076.0,782.6666666666666,374.73333333333335,137.06666666666666,1.4
1378651174,1,2399.999729,966.3998908773334,40.266666666666666,524288.0,342881.6,786.2666666666667,475.20000000000005,167.4,1.2666666666666666
1378651474,1,2399.999729,849.599904066,35.4,524288.0,358610.13333333336,704.4,402.5333333333333,125.4,1.2666666666666666
1378651775,1,2399.999729,1156.799869378,48.2,524288.0,339386.4,612.0666666666667,421.33333333333337,216.53333333333333,1.2
1378652075,1,2399.999729,1070.399879134,44.6,524288.0,351969.3333333333,657.4666666666666,443.20000000000005,187.0,1.7333333333333334
1378652375,1,2399.999729,1259.1998578153334,52.46666666666667,524288.0,336590.93333333335,681.6,432.06666666666666,234.26666666666668,1.5333333333333334
1378652675,1,2399.999729,1289.5998543826665,53.73333333333333,524288.0,356862.6666666667,687.1333333333333,461.40000000000003,243.06666666666666,1.6
1378652975,1,2399.999729,1683.1998099386665,70.13333333333333,524288.0,355815.4666666667,354.66666666666663,566.1333333333333,173.66666666666666,24.2
1378653275,1,2399.999729,921.5998959359999,38.4,524288.0,347076.8,744.8666666666667,428.73333333333335,144.53333333333333,1.8
1378653575,1,2399.999729,775.9999123766668,32.333333333333336,524288.0,343931.2,735.9333333333333,387.66666666666663,120.93333333333334,1.4666666666666666
1378653875,1,2399.999729,782.399911654,32.6,524288.0,347776.5333333333,790.8666666666667,368.73333333333335,113.26666666666667,1.4
1378654175,1,2399.999729,692.7999217713333,28.866666666666664,524288.0,350920.8,838.2666666666665,324.93333333333334,102.8,1.2
1378654475,1,2399.999729,801.599909486,33.4,524288.0,341483.4666666667,592.2666666666667,367.06666666666666,112.93333333333334,6.333333333333333
1378654775,1,2399.999729,1035.1998831086667,43.13333333333333,524288.0,343581.06666666665,613.3333333333333,433.0,107.73333333333333,6.333333333333333
1378655075,1,2399.999729,723.1999183386667,30.133333333333336,524288.0,343232.26666666666,1054.2,393.66666666666663,106.46666666666667,1.4
1378655375,1,2399.999729,780.7999118346667,32.53333333333333,524288.0,357213.6,1064.9333333333334,377.3333333333333,105.33333333333333,1.8
1378655675,1,2399.999729,735.9999168933333,30.666666666666664,524288.0,360707.73333333334,800.0666666666666,364.8,106.8,1.2666666666666666
1378655975,1,2399.999729,751.9999150866668,31.333333333333336,524288.0,341484.0,841.8666666666667,329.6,107.0,1.2
1378656275,1,2399.999729,750.3999152673334,31.266666666666666,524288.0,350222.4,779.8666666666667,339.0,133.46666666666667,2.2
1378656575,1,2399.999729,633.5999284559999,26.4,524288.0,367000.0,560.2,275.1333333333333,100.8,1.3333333333333333
1378656875,1,2399.999729,691.199921952,28.8,524288.0,267034.93333333335,2.0,241.2,107.0,2.0
1378657175,1,2399.999729,614.399930624,25.6,524288.0,224393.6,23.46666666666667,235.73333333333335,104.06666666666666,1.2666666666666666
1378657475,1,2399.999729,612.7999308046667,25.533333333333335,524288.0,195382.93333333332,0.5333333333333333,236.66666666666666,106.73333333333333,1.6666666666666667
1378657775,1,2399.999729,692.7999217713333,28.866666666666664,524288.0,169518.4,0.4,240.0,111.4,1.2666666666666666
1378658076,1,2399.999729,1214.399862874,50.6,524288.0,183498.93333333332,3.1333333333333333,502.4,403.26666666666665,3.1333333333333333
1378658376,1,2399.999729,1987.1997756120002,82.8,524288.0,314570.4,4.066666666666666,830.8,758.2,3.4
1378658676,1,2399.999729,1260.7998576346668,52.53333333333333,524288.0,281016.8,1.5333333333333332,513.9333333333334,400.6,2.3333333333333335
1378658976,1,2399.999729,705.599920326,29.4,524288.0,224044.53333333333,26.333333333333336,250.66666666666666,123.2,1.2
1378659276,1,2399.999729,644.7999271913333,26.866666666666664,524288.0,181401.86666666667,0.26666666666666666,241.8,108.2,1.4
1378659576,1,2399.999729,633.5999284559999,26.4,524288.0,153788.53333333333,0.26666666666666666,240.53333333333336,108.2,1.2
1378659876,1,2399.999729,679.9999232166668,28.333333333333336,524288.0,171614.4,8.600000000000001,269.0,132.4,1.8
1378660176,1,2399.999729,575.99993496,24.0,524288.0,188392.0,7.199999999999999,232.33333333333334,100.8,1.2666666666666666
1378660476,1,2399.999729,630.3999288173334,26.266666666666666,524288.0,167770.93333333332,0.2,239.46666666666667,107.06666666666666,1.7333333333333334
1378660776,1,2399.999729,587.1999336953334,24.466666666666665,524288.0,166371.46666666667,18.4,242.6,105.06666666666666,1.2666666666666666
1378661076,1,2399.999729,601.5999320693334,25.066666666666666,524288.0,163926.4,12.466666666666665,243.2,108.46666666666667,1.3333333333333333
1378661376,1,2399.999729,575.99993496,24.0,524288.0,152041.06666666668,0.13333333333333333,231.53333333333336,101.4,1.2
1378661676,1,2399.999729,646.3999270106667,26.933333333333334,524288.0,144700.8,2.4,247.26666666666665,115.6,1.4666666666666666
1378661976,1,2399.999729,607.9999313466668,25.333333333333336,524288.0,159381.6,0.2,233.8,104.4,1.3333333333333333
1378662276,1,2399.999729,611.1999309853334,25.466666666666665,524288.0,127225.6,0.26666666666666666,235.0,103.8,1.4
1378662576,1,2399.999729,588.7999335146667,24.533333333333335,524288.0,138061.33333333334,16.599999999999998,233.4,103.33333333333333,1.4
1378662876,1,2399.999729,571.1999355020001,23.8,524288.0,161829.06666666668,0.06666666666666667,242.2,107.0,1.3333333333333333
1378663176,1,2399.999729,591.9999331533334,24.666666666666664,524288.0,168121.06666666668,0.13333333333333333,233.26666666666668,101.13333333333334,1.2
1378663476,1,2399.999729,641.5999275526667,26.733333333333334,524288.0,162178.13333333333,6.933333333333334,269.4666666666667,132.93333333333334,1.5333333333333334
1378663776,1,2399.999729,563.1999364053333,23.466666666666665,524288.0,171964.0,0.9333333333333333,225.0,99.33333333333333,1.2666666666666666
1378664076,1,2399.999729,625.5999293593334,26.066666666666666,524288.0,150993.06666666668,0.7333333333333333,234.2,106.6,1.6666666666666667
1378664376,1,2399.999729,615.9999304433333,25.666666666666664,524288.0,144003.2,16.53333333333333,235.53333333333333,108.53333333333333,1.2666666666666666
1378664676,1,2399.999729,582.3999342373334,24.266666666666666,524288.0,144352.8,0.13333333333333333,229.66666666666669,103.26666666666667,1.4
1378664976,1,2399.999729,583.9999340566668,24.333333333333336,524288.0,141556.0,0.06666666666666667,230.33333333333331,102.66666666666667,1.3333333333333333
1378665276,1,2399.999729,601.5999320693334,25.066666666666666,524288.0,152041.6,2.066666666666667,244.66666666666669,112.73333333333333,1.4
1378665576,1,2399.999729,547.199938212,22.8,524288.0,145750.13333333333,0.2,229.86666666666667,102.06666666666666,1.1333333333333333
1378665876,1,2399.999729,566.399936044,23.6,524288.0,132119.2,0.0,232.86666666666667,104.06666666666666,1.2666666666666666
1378666176,1,2399.999729,719.9999187,30.0,524288.0,141555.46666666667,16.599999999999998,252.6,125.6,1.2
1378666476,1,2399.999729,687.9999223133334,28.666666666666664,524288.0,156585.33333333334,0.13333333333333333,247.53333333333336,117.33333333333333,1.2666666666666666
1378666776,1,2399.999729,593.5999329726667,24.733333333333334,524288.0,142254.4,0.13333333333333333,239.59999999999997,109.8,1.2
1378667077,1,2399.999729,649.5999266493334,27.066666666666666,524288.0,152391.73333333334,6.733333333333333,273.4,136.66666666666666,1.6666666666666667
1378667377,1,2399.999729,550.3999378506667,22.933333333333334,524288.0,159032.53333333333,0.6000000000000001,231.66666666666669,100.06666666666666,1.3333333333333333
1378667677,1,2399.999729,606.3999315273334,25.266666666666666,524288.0,159032.0,0.2,240.6,106.26666666666667,1.8
1378667976,1,2399.999729,590.3999333340001,24.6,524288.0,145749.86666666667,16.4,241.26666666666668,105.26666666666667,1.4
1378668276,1,2399.999729,593.5999329726667,24.733333333333334,524288.0,167770.4,0.06666666666666667,236.6,106.0,1.3333333333333333
1378668576,1,2399.999729,590.3999333340001,24.6,524288.0,147498.4,0.26666666666666666,238.46666666666664,105.13333333333334,1.2666666666666666
1378668876,1,2399.999729,611.1999309853334,25.466666666666665,524288.0,147148.0,2.3333333333333335,241.66666666666669,108.53333333333333,1.3333333333333333
1378669176,1,2399.999729,585.599933876,24.4,524288.0,152042.4,0.2,236.73333333333335,102.8,1.0
1378669476,1,2399.999729,585.599933876,24.4,524288.0,139459.2,0.06666666666666667,236.60000000000002,103.2,1.2666666666666666
1378669776,1,2399.999729,563.1999364053333,23.466666666666665,524288.0,143653.6,13.733333333333333,237.93333333333334,103.53333333333333,1.1333333333333333
1378670076,1,2399.999729,607.9999313466668,25.333333333333336,524288.0,169517.33333333334,0.06666666666666667,241.66666666666669,105.8,1.2
1378670376,1,2399.999729,572.7999353213334,23.866666666666664,524288.0,162876.53333333333,0.13333333333333333,234.60000000000002,103.53333333333333,1.2
1378670676,1,2399.999729,679.9999232166668,28.333333333333336,524288.0,167070.4,6.6000000000000005,273.06666666666666,134.6,1.8
1378670976,1,2399.999729,574.3999351406667,23.933333333333334,524288.0,167070.66666666666,0.4666666666666667,231.8,100.46666666666667,1.2666666666666666
1378671276,1,2399.999729,609.599931166,25.4,524288.0,157634.66666666666,0.0,240.46666666666667,107.46666666666667,1.8
1378671576,1,2399.999729,606.3999315273334,25.266666666666666,524288.0,146449.6,14.0,245.86666666666667,114.06666666666666,1.2
1378671876,1,2399.999729,615.9999304433333,25.666666666666664,524288.0,160430.13333333333,10.666666666666666,248.73333333333335,117.4,1.2666666666666666
1378672176,1,2399.999729,622.3999297206667,25.933333333333334,524288.0,141206.4,0.2,242.46666666666667,109.46666666666667,1.3333333333333333
1378672477,1,2399.999729,635.1999282753333,26.466666666666665,524288.0,152741.06666666668,2.1333333333333333,249.93333333333334,120.13333333333334,1.5333333333333334
1378672777,1,2399.999729,622.3999297206667,25.933333333333334,524288.0,152041.6,0.13333333333333333,246.73333333333335,113.66666666666667,1.4
1378673077,1,2399.999729,606.3999315273334,25.266666666666666,524288.0,145750.4,0.3333333333333333,241.53333333333333,112.8,1.3333333333333333
1378673377,1,2399.999729,620.7999299013333,25.866666666666664,524288.0,161129.6,14.266666666666666,243.33333333333331,109.8,1.3333333333333333
1378673677,1,2399.999729,614.399930624,25.6,524288.0,167769.86666666667,0.06666666666666667,247.6,116.53333333333333,1.1333333333333333
1378673977,1,2399.999729,612.7999308046667,25.533333333333335,524288.0,156585.6,0.06666666666666667,241.46666666666664,112.0,1.2
1378674277,1,2399.999729,659.1999255653334,27.466666666666665,524288.0,171964.26666666666,6.533333333333333,268.2,133.53333333333333,1.6666666666666667
1378674577,1,2399.999729,577.5999347793334,24.066666666666666,524288.0,178955.46666666667,0.7333333333333334,240.33333333333331,106.93333333333334,1.0666666666666667
1378674877,1,2399.999729,649.5999266493334,27.066666666666666,524288.0,135614.66666666666,0.06666666666666667,244.13333333333333,111.2,1.5333333333333334
1378675177,1,2399.999729,598.3999324306667,24.933333333333334,524288.0,141906.4,14.333333333333334,244.53333333333336,110.0,1.2
1378675477,1,2399.999729,622.3999297206667,25.933333333333334,524288.0,167421.06666666668,0.26666666666666666,243.4,112.46666666666667,1.2
1378675777,1,2399.999729,582.3999342373334,24.266666666666666,524288.0,144701.06666666668,0.2,238.33333333333334,104.13333333333334,1.2666666666666666
1378676077,1,2399.999729,550.3999378506667,22.933333333333334,524288.0,148547.46666666667,3.8666666666666667,248.40000000000003,114.2,1.1333333333333333
1378676377,1,2399.999729,636.7999280946667,26.533333333333335,524288.0,152041.6,0.26666666666666666,242.6,110.0,1.1333333333333333
1378676677,1,2399.999729,631.9999286366667,26.333333333333336,524288.0,134217.6,0.0,241.66666666666669,109.73333333333333,1.2
1378676977,1,2399.999729,611.1999309853334,25.466666666666665,524288.0,143652.0,14.333333333333334,239.06666666666666,104.0,1.2
1378677277,1,2399.999729,607.9999313466668,25.333333333333336,524288.0,139808.53333333333,0.2,242.53333333333336,107.66666666666667,1.1333333333333333
1378677577,1,2399.999729,614.399930624,25.6,524288.0,138410.13333333333,0.0,232.59999999999997,104.53333333333333,1.0666666666666667
1378677877,1,2399.999729,771.1999129186667,32.13333333333333,524288.0,186295.2,12.333333333333332,285.66666666666663,152.86666666666667,1.4666666666666666
1378678177,1,2399.999729,577.5999347793334,24.066666666666666,524288.0,177207.46666666667,1.7999999999999998,259.73333333333335,98.6,0.9333333333333333
1378678477,1,2399.999729,588.7999335146667,24.533333333333335,524288.0,170566.4,0.8,269.93333333333334,104.33333333333333,1.7333333333333334
1378678777,1,2399.999729,607.9999313466668,25.333333333333336,524288.0,155537.06666666668,14.133333333333333,271.8666666666667,105.53333333333333,1.2
1378679077,1,2399.999729,601.5999320693334,25.066666666666666,524288.0,146099.46666666667,0.26666666666666666,270.6,106.86666666666666,1.2
1378679377,1,2399.999729,569.5999356826667,23.733333333333334,524288.0,135964.8,0.2,269.1333333333333,102.0,1.1333333333333333
1378679677,1,2399.999729,620.7999299013333,25.866666666666664,524288.0,127226.13333333333,4.066666666666666,294.33333333333337,129.33333333333334,1.0666666666666667
1378679977,1,2399.999729,620.7999299013333,25.866666666666664,524288.0,154837.06666666668,0.06666666666666667,280.93333333333334,113.13333333333334,1.0
1378680277,1,2399.999729,614.399930624,25.6,524288.0,127924.8,0.06666666666666667,284.6666666666667,118.26666666666667,1.1333333333333333
1378680577,1,2399.999729,579.1999345986667,24.133333333333336,524288.0,159382.4,14.266666666666667,274.3333333333333,105.46666666666667,1.0666666666666667
1378680877,1,2399.999729,572.7999353213334,23.866666666666664,524288.0,171965.6,0.13333333333333333,273.1333333333333,106.06666666666666,1.1333333333333333
1378681178,1,2399.999729,567.9999358633333,23.666666666666664,524288.0,188742.4,0.06666666666666667,268.0,102.4,1.0666666666666667
1378681478,1,2399.999729,801.599909486,33.4,524288.0,218451.73333333334,649.4666666666666,422.93333333333334,155.06666666666666,1.3333333333333333
1378681778,1,2399.999729,716.7999190613333,29.866666666666664,524288.0,314920.0,945.7333333333333,469.26666666666665,109.6,0.9333333333333333
1378682078,1,2399.999729,795.1999102086667,33.13333333333333,524288.0,320862.4,1007.4666666666666,452.0,111.66666666666667,1.6666666666666667
1378682378,1,2399.999729,846.3999044273334,35.266666666666666,524288.0,330300.0,996.1333333333334,396.2,114.26666666666667,0.9333333333333333
1378682678,1,2399.999729,2271.9997434533334,94.66666666666666,524288.0,322609.3333333333,1290.7333333333333,312.73333333333335,109.73333333333333,1.0
1378682978,1,2399.999729,2281.5997423693334,95.06666666666666,524288.0,310377.3333333333,1189.4666666666667,313.06666666666666,104.26666666666667,1.0
1378683278,1,2399.999729,2265.599744176,94.4,524288.0,267036.0,1216.9333333333332,315.93333333333334,116.73333333333333,1.2
1378683578,1,2399.999729,2260.7997447180005,94.2,524288.0,257248.8,1268.4,310.6666666666667,107.2,1.0
1378683878,1,2399.999729,2291.1997412853334,95.46666666666665,524288.0,312473.86666666664,1364.3999999999999,301.0,109.6,1.0
1378684178,1,2399.999729,2222.399749054,92.6,524288.0,313872.26666666666,1152.9333333333334,312.8666666666667,106.93333333333334,1.1333333333333333
1378684478,1,2399.999729,2332.799736588,97.2,524288.0,285210.4,863.1333333333333,278.73333333333335,107.46666666666667,1.1333333333333333
1378684778,1,2399.999729,2307.199739478667,96.13333333333334,524288.0,318765.6,799.5333333333333,273.8666666666667,105.0,1.0666666666666667
1378685078,1,2399.999729,2308.799739298,96.2,524288.0,322959.2,747.2666666666667,322.73333333333335,142.73333333333332,1.5333333333333334
1378685378,1,2399.999729,2331.199736768667,97.13333333333334,524288.0,315619.2,835.7333333333332,269.6666666666667,101.13333333333334,0.9333333333333333
1378685678,1,2399.999729,2335.999736226667,97.33333333333334,524288.0,314920.26666666666,800.0,280.8,108.86666666666666,1.6
1378685978,1,2399.999729,2321.5997378526667,96.73333333333333,524288.0,299541.06666666665,818.5333333333334,278.06666666666666,103.06666666666666,1.0
1378686278,1,2399.999729,2363.199733155333,98.46666666666665,524288.0,325055.73333333334,796.9333333333333,275.8666666666667,106.86666666666666,1.1333333333333333
1378686578,1,2399.999729,2324.7997374913334,96.86666666666666,524288.0,297793.06666666665,823.1333333333333,276.26666666666665,101.53333333333333,0.9333333333333333
1378686878,1,2399.999729,2214.3997499573334,92.26666666666667,524288.0,288006.93333333335,1137.1333333333334,332.73333333333335,114.73333333333333,1.0666666666666667
1378687178,1,2399.999729,2307.199739478667,96.13333333333334,524288.0,270880.8,1168.7333333333333,276.8,102.8,1.0
1378687478,1,2399.999729,2257.5997450793334,94.06666666666666,524288.0,289404.5333333333,1289.7333333333333,305.8,102.6,1.0
1378687778,1,2399.999729,2275.199743092,94.8,524288.0,248510.66666666666,1252.4666666666667,291.6,104.73333333333333,1.2
1378688078,1,2399.999729,2292.799741104667,95.53333333333335,524288.0,301289.3333333333,1066.5333333333333,300.3333333333333,108.4,0.9333333333333333
1378688378,1,2399.999729,2292.799741104667,95.53333333333335,524288.0,283463.4666666667,1227.2666666666667,288.8666666666667,104.46666666666667,1.0666666666666667
1378688678,1,2399.999729,2260.7997447180005,94.2,524288.0,309328.0,1637.5333333333335,381.06666666666666,136.8,1.6666666666666667
1378688978,1,2399.999729,2313.599738756,96.4,524288.0,320863.2,1923.4666666666667,361.8666666666667,104.13333333333334,1.0666666666666667
1378689278,1,2399.999729,2299.199740382,95.8,524288.0,362804.8,1798.8,365.1333333333333,108.13333333333334,1.6
1378689578,1,2399.999729,2307.199739478667,96.13333333333334,524288.0,350221.6,1747.2,357.20000000000005,105.4,1.2
1378689878,1,2399.999729,2283.199742188667,95.13333333333334,524288.0,350221.6,1664.4666666666667,356.4666666666667,110.4,1.0666666666666667
1378690178,1,2399.999729,2220.799749234667,92.53333333333335,524288.0,370494.4,1554.8,341.3333333333333,103.53333333333333,1.0
1378690478,1,2399.999729,1683.1998099386665,70.13333333333333,524288.0,326455.73333333334,708.6,302.8666666666667,110.53333333333333,1.2666666666666666
1378690778,1,2399.999729,561.599936586,23.4,524288.0,214257.06666666668,3.8000000000000003,266.93333333333334,104.4,1.0
1378691079,1,2399.999729,585.599933876,24.4,524288.0,151691.73333333334,0.4,263.4666666666667,102.6,1.1333333333333333
1378691379,1,2399.999729,567.9999358633333,23.666666666666664,524288.0,144701.6,21.2,270.33333333333337,105.2,1.2
1378691679,1,2399.999729,559.9999367666667,23.333333333333336,524288.0,157284.8,0.3333333333333333,272.40000000000003,107.46666666666667,1.0
1378691979,1,2399.999729,572.7999353213334,23.866666666666664,524288.0,140506.66666666666,0.3333333333333333,274.59999999999997,108.93333333333334,0.9333333333333333
1378692279,1,2399.999729,977.5998896126667,40.733333333333334,524288.0,191537.86666666667,603.2,340.4666666666667,134.93333333333334,2.066666666666667
1378692579,1,2399.999729,870.3999017173334,36.266666666666666,524288.0,250258.4,1.7333333333333334,342.6,100.73333333333333,1.2
1378692879,1,2399.999729,543.9999385733332,22.666666666666664,524288.0,172664.26666666666,0.5333333333333333,275.93333333333334,108.0,1.5333333333333334
1378693179,1,2399.999729,665.5999248426666,27.733333333333334,524288.0,162876.8,17.066666666666666,307.3333333333333,107.53333333333333,1.0666666666666667
1378693479,1,2399.999729,675.1999237586667,28.133333333333336,524288.0,184548.0,12.4,308.8,112.86666666666666,1.2
1378693779,1,2399.999729,820.799907318,34.2,524288.0,170916.0,0.5333333333333333,329.8666666666667,104.53333333333333,0.9333333333333333
1378694079,1,2399.999729,595.199932792,24.8,524288.0,135264.8,4.8,278.73333333333335,111.8,1.1333333333333333
1378694379,1,2399.999729,534.3999396573333,22.266666666666666,524288.0,145749.6,0.2,272.40000000000003,105.46666666666667,1.0666666666666667
1378694679,1,2399.999729,550.3999378506667,22.933333333333334,524288.0,129671.46666666666,0.0,266.2,102.86666666666666,0.9333333333333333
1378694979,1,2399.999729,531.1999400186668,22.133333333333336,524288.0,151692.53333333333,0.8,269.3333333333333,103.66666666666667,0.9333333333333333
1378695279,1,2399.999729,526.3999405606668,21.933333333333334,524288.0,138760.26666666666,0.13333333333333333,267.6666666666667,107.13333333333334,1.0
1378695579,1,2399.999729,537.599939296,22.4,524288.0,153789.86666666667,0.13333333333333333,269.73333333333335,102.26666666666667,1.0
1378695879,1,2399.999729,569.5999356826667,23.733333333333334,524288.0,160080.0,14.333333333333334,302.93333333333334,128.73333333333332,1.5333333333333334
1378696179,1,2399.999729,508.79994254800005,21.2,524288.0,162876.53333333333,0.2,261.26666666666665,100.93333333333334,1.0666666666666667
1378696479,1,2399.999729,547.199938212,22.8,524288.0,134216.26666666666,0.13333333333333333,267.33333333333337,103.2,1.6666666666666667
1378696779,1,2399.999729,499.19994363200004,20.8,524288.0,144701.06666666668,1.0666666666666667,262.26666666666665,100.93333333333334,0.8666666666666667
1378697079,1,2399.999729,553.5999374893333,23.066666666666666,524288.0,149944.26666666666,0.13333333333333333,266.26666666666665,105.86666666666666,1.0666666666666667
1378697379,1,2399.999729,524.7999407413332,21.866666666666664,524288.0,148196.8,0.33333333333333337,266.53333333333336,100.6,0.9333333333333333
1378697679,1,2399.999729,558.3999369473333,23.266666666666666,524288.0,138759.46666666667,2.8666666666666667,279.3333333333333,111.53333333333333,1.0666666666666667
1378697979,1,2399.999729,529.5999401993333,22.066666666666666,524288.0,146449.33333333334,0.26666666666666666,271.1333333333333,104.53333333333333,0.9333333333333333
1378698279,1,2399.999729,564.7999362246668,23.533333333333335,524288.0,142953.86666666667,0.2,271.0,104.6,1.0666666666666667
1378698579,1,2399.999729,527.99994038,22.0,524288.0,155186.4,1.1333333333333333,275.06666666666666,105.2,0.9333333333333333
1378698879,1,2399.999729,422.399952304,17.6,524288.0,168819.2,0.13333333333333333,273.4,107.13333333333334,1.0666666666666667
1378699180,1,2399.999729,529.5999401993333,22.066666666666666,524288.0,148545.6,0.3333333333333333,273.8666666666667,106.06666666666666,0.9333333333333333
1378699480,1,2399.999729,647.99992683,27.0,524288.0,166022.66666666666,5.333333333333334,348.73333333333335,177.2,1.6666666666666667
1378699780,1,2399.999729,491.19994453533343,20.46666666666667,524288.0,181402.4,0.3333333333333333,292.26666666666665,120.4,0.9333333333333333
1378700080,1,2399.999729,511.9999421866667,21.333333333333336,524288.0,159031.73333333334,0.7333333333333333,303.5333333333333,128.53333333333333,1.4
1378700380,1,2399.999729,500.7999434513333,20.866666666666664,524288.0,188742.13333333333,1.2,296.3333333333333,123.8,1.0666666666666667
1378700679,1,2399.999729,420.7999524846666,17.53333333333333,524288.0,154488.26666666666,0.39999999999999997,277.4,108.0,1.0666666666666667
1378700979,1,2399.999729,430.3999514006667,17.933333333333334,524288.0,137712.0,0.13333333333333333,276.0,103.26666666666667,1.0
1378701279,1,2399.999729,409.59995374933334,17.066666666666666,524288.0,130021.06666666667,2.666666666666667,284.06666666666666,109.26666666666667,1.1333333333333333
1378701579,1,2399.999729,411.1999535686667,17.133333333333333,524288.0,142254.93333333332,0.2,271.6,102.2,0.9333333333333333
1378701879,1,2399.999729,412.799953388,17.2,524288.0,133168.53333333333,0.13333333333333333,272.06666666666666,107.13333333333334,1.0
1378702179,1,2399.999729,404.79995429133334,16.866666666666667,524288.0,155887.2,1.0,273.4666666666667,102.93333333333334,0.9333333333333333
1378702479,1,2399.999729,420.7999524846666,17.53333333333333,524288.0,134217.06666666668,0.26666666666666666,269.3333333333333,106.33333333333333,1.0
1378702779,1,2399.999729,436.799950678,18.2,524288.0,126526.4,0.26666666666666666,264.2,103.0,0.8
1378703079,1,2399.999729,462.39994778733336,19.266666666666666,524288.0,160431.2,6.266666666666667,298.4,127.53333333333333,1.4666666666666666
1378703379,1,2399.999729,406.39995411066667,16.933333333333334,524288.0,147498.13333333333,0.4,266.26666666666665,100.46666666666667,0.9333333333333333
1378703680,1,2399.999729,471.9999467033334,19.666666666666668,524288.0,123730.4,0.26666666666666666,271.93333333333334,105.6,1.5333333333333334
1378703980,1,2399.999729,436.799950678,18.2,524288.0,117438.13333333333,1.0,281.26666666666665,107.93333333333334,0.9333333333333333
1378704280,1,2399.999729,446.3999495940001,18.6,524288.0,152041.33333333334,11.866666666666667,270.4,103.66666666666667,1.2
1378704580,1,2399.999729,431.99995122,18.0,524288.0,153090.4,0.2,272.06666666666666,101.33333333333333,0.9333333333333333
1378704880,1,2399.999729,481.59994561933337,20.066666666666666,524288.0,144701.6,2.2,288.4666666666667,115.93333333333334,1.1333333333333333
1378705180,1,2399.999729,428.79995158133335,17.866666666666667,524288.0,162177.33333333334,0.3333333333333333,273.66666666666663,103.8,1.0
1378705480,1,2399.999729,470.3999468840001,19.6,524288.0,139458.66666666666,0.06666666666666667,274.4666666666667,107.4,1.0
1378705780,1,2399.999729,427.19995176200007,17.8,524288.0,161828.53333333333,1.2,275.33333333333337,106.06666666666666,1.0
1378706080,1,2399.999729,441.59995013599996,18.4,524288.0,166371.2,0.13333333333333333,274.93333333333334,106.86666666666666,1.0666666666666667
1378706380,1,2399.999729,438.39995049733335,18.266666666666666,524288.0,148545.86666666667,0.2,276.33333333333337,104.73333333333333,1.1333333333333333
1378706680,1,2399.999729,483.1999454386667,20.133333333333333,524288.0,177206.93333333332,6.2,306.26666666666665,131.2,1.6666666666666667
1378706980,1,2399.999729,427.19995176200007,17.8,524288.0,160780.0,0.4,267.93333333333334,102.13333333333334,1.2
1378707280,1,2399.999729,505.5999429093333,21.066666666666666,524288.0,172313.33333333334,0.4,271.26666666666665,109.86666666666666,1.7333333333333334
1378707580,1,2399.999729,447.99994941333335,18.666666666666668,524288.0,145749.86666666667,1.1333333333333333,270.73333333333335,106.86666666666666,1.2666666666666666
1378707880,1,2399.999729,470.3999468840001,19.6,524288.0,139458.93333333332,0.6,276.73333333333335,106.0,1.1333333333333333
1378708180,1,2399.999729,431.99995122,18.0,524288.0,138061.33333333334,0.06666666666666667,272.73333333333335,101.06666666666666,1.1333333333333333
1378708480,1,2399.999729,470.3999468840001,19.6,524288.0,149594.93333333332,3.4,285.26666666666665,113.4,1.4
1378708780,1,2399.999729,436.799950678,18.2,524288.0,137712.26666666666,0.26666666666666666,277.93333333333334,107.0,1.1333333333333333
1378709080,1,2399.999729,452.7999488713334,18.866666666666667,524288.0,164624.0,0.26666666666666666,277.6,105.06666666666666,1.3333333333333333
1378709380,1,2399.999729,459.19994814866664,19.133333333333333,524288.0,155187.2,1.2,282.06666666666666,107.13333333333334,1.3333333333333333
1378709680,1,2399.999729,999.9998870833334,41.66666666666667,524288.0,163576.0,0.4666666666666667,574.0,427.6,3.066666666666667
1378709980,1,2399.999729,1454.3998357740002,60.6,524288.0,243268.8,0.5333333333333333,773.1333333333333,624.6,3.4
1378710280,1,2399.999729,924.7998955746667,38.53333333333333,524288.0,249209.06666666668,29.733333333333334,502.9333333333333,322.46666666666664,2.8
1378710580,1,2399.999729,550.3999378506667,22.933333333333334,524288.0,212159.73333333334,8.666666666666668,322.33333333333337,151.46666666666667,1.4666666666666666
1378710880,1,2399.999729,465.59994742599997,19.4,524288.0,163225.6,0.7333333333333333,291.4,114.8,1.8666666666666667
1378711180,1,2399.999729,470.3999468840001,19.6,524288.0,168119.46666666667,2.0,280.53333333333336,109.6,1.2666666666666666
1378711481,1,2399.999729,451.199949052,18.8,524288.0,171614.93333333332,0.3333333333333333,276.8666666666667,108.06666666666666,1.5333333333333334
1378711781,1,2399.999729,487.99994489666665,20.333333333333332,524288.0,149245.6,0.4666666666666667,276.8,105.73333333333333,1.4666666666666666
1378712081,1,2399.999729,479.9999458,20.0,524288.0,151692.26666666666,4.933333333333334,291.3333333333333,117.6,1.6
1378712381,1,2399.999729,459.19994814866664,19.133333333333333,524288.0,134915.2,0.4666666666666667,278.4,108.86666666666666,1.2
1378712681,1,2399.999729,465.59994742599997,19.4,524288.0,159729.86666666667,0.2,282.2,111.0,1.4
1378712981,1,2399.999729,478.39994598066664,19.933333333333334,524288.0,166721.6,6.6,286.5333333333333,109.06666666666666,1.3333333333333333
1378713281,1,2399.999729,470.3999468840001,19.6,524288.0,158332.8,0.26666666666666666,290.8,117.4,1.4
1378713581,1,2399.999729,459.19994814866664,19.133333333333333,524288.0,152042.4,0.3333333333333333,283.6666666666667,108.53333333333333,1.2
1378713881,1,2399.999729,697.5999212293334,29.066666666666666,524288.0,193984.8,34.0,428.06666666666666,246.86666666666667,3.2666666666666666
1378714181,1,2399.999729,491.19994453533343,20.46666666666667,524288.0,213907.2,62.06666666666666,283.5333333333333,107.8,1.4
1378714481,1,2399.999729,526.3999405606668,21.933333333333334,524288.0,158332.8,0.4,303.6,130.26666666666668,1.8
1378714781,1,2399.999729,486.3999450773333,20.266666666666666,524288.0,158332.8,14.8,287.06666666666666,115.73333333333333,1.3333333333333333
1378715081,1,2399.999729,483.1999454386667,20.133333333333333,524288.0,140857.06666666668,12.600000000000001,283.4,111.6,1.4666666666666666
1378715381,1,2399.999729,470.3999468840001,19.6,524288.0,147846.93333333332,0.2,277.93333333333334,107.46666666666667,1.3333333333333333
1378715681,1,2399.999729,475.19994634200003,19.8,524288.0,144351.73333333334,2.8000000000000003,281.93333333333334,115.86666666666666,1.4666666666666666
1378715981,1,2399.999729,475.19994634200003,19.8,524288.0,152041.6,0.2,276.8,110.33333333333333,1.5333333333333334
1378716281,1,2399.999729,463.9999476066667,19.333333333333332,524288.0,158682.66666666666,0.13333333333333333,268.73333333333335,108.0,1.4
1378716581,1,2399.999729,497.59994381266665,20.733333333333334,524288.0,162178.4,28.666666666666664,304.73333333333335,134.06666666666666,1.5333333333333334
1378716881,1,2399.999729,516.7999416446668,21.533333333333335,524288.0,169168.0,0.5333333333333333,289.33333333333337,115.86666666666666,1.3333333333333333
1378717181,1,2399.999729,465.59994742599997,19.4,524288.0,141556.0,0.06666666666666667,278.0,107.66666666666667,1.2666666666666666
1378717481,1,2399.999729,500.7999434513333,20.866666666666664,524288.0,155187.46666666667,8.6,307.2,130.53333333333333,1.8
1378717782,1,2399.999729,470.3999468840001,19.6,524288.0,160081.33333333334,8.066666666666666,293.8666666666667,120.53333333333333,1.3333333333333333
1378718082,1,2399.999729,476.79994616133337,19.866666666666667,524288.0,160430.4,0.8666666666666667,282.4,111.26666666666667,2.066666666666667
1378718382,1,2399.999729,471.9999467033334,19.666666666666668,524288.0,140508.0,16.666666666666668,276.0,108.86666666666666,1.6
1378718682,1,2399.999729,487.99994489666665,20.333333333333332,524288.0,165672.8,0.13333333333333333,287.0,121.2,1.4666666666666666
1378718982,1,2399.999729,452.7999488713334,18.866666666666667,524288.0,153440.26666666666,0.26666666666666666,272.6,104.93333333333334,1.5333333333333334
1378719282,1,2399.999729,534.3999396573333,22.266666666666666,524288.0,147497.6,4.4,313.8,144.73333333333332,1.7333333333333334
1378719582,1,2399.999729,468.79994706466664,19.53333333333333,524288.0,155186.66666666666,0.4,279.8666666666667,110.4,1.6
1378719882,1,2399.999729,772.7999127380001,32.2,524288.0,153439.73333333334,0.3333333333333333,356.93333333333334,126.4,1.4666666666666666
1378720182,1,2399.999729,455.99994851,19.0,524288.0,162178.13333333333,31.0,285.33333333333337,108.4,1.5333333333333334
1378720482,1,2399.999729,483.1999454386667,20.133333333333333,524288.0,150642.93333333332,0.3333333333333333,279.4666666666667,113.2,1.6
1378720782,1,2399.999729,470.3999468840001,19.6,524288.0,144351.73333333334,0.2,271.93333333333334,105.46666666666667,1.4666666666666666
1378721082,1,2399.999729,622.3999297206667,25.933333333333334,524288.0,163925.86666666667,9.333333333333332,335.66666666666663,160.4,1.9333333333333333
1378721382,1,2399.999729,718.3999188806666,29.933333333333334,524288.0,212508.53333333333,8.733333333333333,331.8666666666667,162.8,1.6
1378721682,1,2399.999729,668.7999244813333,27.866666666666664,524288.0,185945.06666666668,0.2,317.6666666666667,148.06666666666666,1.8666666666666667
1378721982,1,2399.999729,457.59994832933336,19.066666666666666,524288.0,168819.46666666667,15.666666666666668,276.0,107.46666666666667,1.4
1378722282,1,2399.999729,497.59994381266665,20.733333333333334,524288.0,151342.4,0.13333333333333333,280.93333333333334,113.93333333333334,1.2666666666666666
1378722582,1,2399.999729,449.5999492326667,18.733333333333334,524288.0,145400.8,0.13333333333333333,276.4,106.53333333333333,1.3333333333333333
1378722882,1,2399.999729,545.5999383926668,22.733333333333334,524288.0,162876.8,3.933333333333333,310.33333333333337,143.13333333333333,1.5333333333333334
1378723182,1,2399.999729,481.59994561933337,20.066666666666666,524288.0,159382.4,0.4666666666666667,300.0,118.0,1.2666666666666666
1378723482,1,2399.999729,471.9999467033334,19.666666666666668,524288.0,154138.4,0.4,277.4666666666667,105.93333333333334,1.6
1378723782,1,2399.999729,460.79994796799997,19.2,524288.0,174061.6,31.666666666666668,280.26666666666665,105.06666666666666,1.2666666666666666
1378724082,1,2399.999729,494.39994417400004,20.6,524288.0,163576.0,0.5333333333333333,275.73333333333335,109.13333333333334,1.4
1378724382,1,2399.999729,462.39994778733336,19.266666666666666,524288.0,141905.86666666667,0.4,273.26666666666665,106.26666666666667,1.2
1378724682,1,2399.999729,959.9998916,40.0,524288.0,170917.06666666668,71.93333333333332,379.66666666666663,146.86666666666667,6.466666666666667
1378724982,1,2399.999729,895.9998988266667,37.333333333333336,524288.0,225092.26666666666,843.8,541.2666666666667,128.86666666666667,9.333333333333334
1378725282,1,2399.999729,691.199921952,28.8,524288.0,305832.0,947.1333333333333,479.0666666666667,122.4,2.533333333333333
1378725582,1,2399.999729,633.5999284559999,26.4,524288.0,313522.4,1171.2,446.4,112.4,1.8
1378725882,1,2399.999729,636.7999280946667,26.533333333333335,524288.0,319463.73333333334,787.3333333333333,410.20000000000005,110.53333333333333,3.2
1378726182,1,2399.999729,1127.99987263,47.0,524288.0,297444.26666666666,657.4,595.2666666666667,126.4,18.6
1378726482,1,2399.999729,623.99992954,26.0,524288.0,341484.0,873.6,470.4666666666667,125.26666666666667,1.8666666666666667
1378726782,1,2399.999729,569.5999356826667,23.733333333333334,524288.0,318764.8,976.6,438.66666666666663,109.4,1.7333333333333334
1378727082,1,2399.999729,612.7999308046667,25.533333333333335,524288.0,320862.4,970.9333333333334,392.8666666666667,120.33333333333333,1.8666666666666667
1378727382,1,2399.999729,625.5999293593334,26.066666666666666,524288.0,316668.0,590.4666666666667,384.66666666666663,113.66666666666667,3.6666666666666665
1378727682,1,2399.999729,507.19994272866677,21.133333333333336,524288.0,272628.0,6.6000000000000005,290.6666666666667,115.8,1.4666666666666666
1378727983,1,2399.999729,491.19994453533343,20.46666666666667,524288.0,218100.8,1.0666666666666667,289.8666666666667,114.46666666666667,1.1333333333333333
1378728283,1,2399.999729,527.99994038,22.0,524288.0,245014.66666666666,11.133333333333333,312.8666666666667,134.06666666666666,1.8
1378728583,1,2399.999729,457.59994832933336,19.066666666666666,524288.0,231033.86666666667,8.733333333333334,283.26666666666665,105.93333333333334,1.2
1378728883,1,2399.999729,540.7999389346667,22.533333333333335,524288.0,233480.53333333333,941.0,326.3333333333333,111.33333333333333,2.0
1378729183,1,2399.999729,497.59994381266665,20.733333333333334,524288.0,279968.5333333333,28.4,297.26666666666665,110.2,1.4
1378729483,1,2399.999729,511.9999421866667,21.333333333333336,524288.0,208314.4,2.2,279.66666666666663,111.26666666666667,1.2666666666666666
1378729783,1,2399.999729,515.1999418253333,21.466666666666665,524288.0,202024.0,0.8666666666666667,296.8,122.2,1.5333333333333334
1378730083,1,2399.999729,507.19994272866677,21.133333333333336,524288.0,174410.66666666666,4.333333333333334,292.93333333333334,119.46666666666667,1.4666666666666666
1378730383,1,2399.999729,511.9999421866667,21.333333333333336,524288.0,174411.2,0.4666666666666667,290.53333333333336,115.66666666666667,1.3333333333333333
1378730683,1,2399.999729,491.19994453533343,20.46666666666667,524288.0,177207.2,0.4666666666666667,280.8666666666667,108.93333333333334,1.2666666666666666
1378730983,1,2399.999729,495.9999439933333,20.666666666666664,524288.0,187694.13333333333,34.13333333333333,287.66666666666663,108.93333333333334,1.3333333333333333
1378731283,1,2399.999729,479.9999458,20.0,524288.0,199228.0,0.5333333333333333,279.5333333333333,109.66666666666667,1.2
1378731583,1,2399.999729,489.599944716,20.4,524288.0,162527.2,0.6,280.06666666666666,106.93333333333334,1.4
1378731883,1,2399.999729,534.3999396573333,22.266666666666666,524288.0,167770.4,9.933333333333334,307.6,136.86666666666667,1.8
1378732183,1,2399.999729,478.39994598066664,19.933333333333334,524288.0,159381.6,8.200000000000001,272.2,103.46666666666667,1.2
1378732483,1,2399.999729,494.39994417400004,20.6,524288.0,150992.8,0.5333333333333333,276.66666666666663,108.8,1.7333333333333334
1378732783,1,2399.999729,1044.7998820246667,43.53333333333333,524288.0,151692.53333333333,18.0,421.2,233.33333333333334,3.1333333333333333
1378733083,1,2399.999729,963.1998912386667,40.13333333333333,524288.0,170916.53333333333,0.6,406.33333333333337,247.4,1.5333333333333334
1378733383,1,2399.999729,871.9999015366667,36.333333333333336,524288.0,173363.2,0.6666666666666666,381.4,222.86666666666667,1.3333333333333333
1378733683,1,2399.999729,870.3999017173334,36.266666666666666,524288.0,181751.73333333334,7.066666666666666,375.2,216.73333333333332,1.5333333333333334
1378733983,1,2399.999729,839.99990515,35.0,524288.0,191189.06666666668,0.7333333333333333,363.53333333333336,202.86666666666667,1.2
1378734283,1,2399.999729,465.59994742599997,19.4,524288.0,182100.8,0.4666666666666667,271.8666666666667,105.86666666666666,1.2666666666666666
1378734583,1,2399.999729,511.9999421866667,21.333333333333336,524288.0,196780.53333333333,35.13333333333333,294.26666666666665,117.26666666666667,1.4
1378734883,1,2399.999729,553.5999374893333,23.066666666666666,524288.0,184198.4,18.4,297.5333333333333,122.33333333333333,1.4666666666666666
1378735183,1,2399.999729,491.19994453533343,20.46666666666667,524288.0,190489.33333333334,459.06666666666666,311.0,112.66666666666667,1.6
1378735483,1,2399.999729,1068.7998793146667,44.53333333333333,524288.0,268432.8,305.0,427.6,188.73333333333332,5.2
1378735783,1,2399.999729,625.5999293593334,26.066666666666666,524288.0,232781.6,8.333333333333334,318.33333333333337,143.86666666666667,1.3333333333333333
1378736083,1,2399.999729,547.199938212,22.8,524288.0,188742.4,1.0,310.8666666666667,132.86666666666667,1.8
1378736383,1,2399.999729,673.5999239393334,28.066666666666666,524288.0,197480.0,20.6,337.53333333333336,158.86666666666667,1.4
1378736683,1,2399.999729,630.3999288173334,26.266666666666666,524288.0,187343.46666666667,12.533333333333335,355.26666666666665,167.4,1.5333333333333334
1378736983,1,2399.999729,563.1999364053333,23.466666666666665,524288.0,171265.06666666668,0.7333333333333334,315.2,136.26666666666668,1.4
1378737283,1,2399.999729,651.1999264686667,27.133333333333336,524288.0,162527.46666666667,6.533333333333334,353.8,177.73333333333332,1.6
1378737583,1,2399.999729,601.5999320693334,25.066666666666666,524288.0,153789.33333333334,0.8,312.26666666666665,133.53333333333333,1.4666666666666666
1378737883,1,2399.999729,612.7999308046667,25.533333333333335,524288.0,176159.46666666667,0.6666666666666666,347.5333333333333,170.86666666666667,1.4
1378738183,1,2399.999729,590.3999333340001,24.6,524288.0,180352.53333333333,31.733333333333334,315.3333333333333,128.73333333333332,1.3333333333333333
1378738483,1,2399.999729,580.799934418,24.2,524288.0,168119.73333333334,1.1333333333333333,322.66666666666663,154.46666666666667,1.3333333333333333
1378738783,1,2399.999729,819.1999074986667,34.13333333333333,524288.0,192237.06666666668,0.6666666666666667,361.6,187.86666666666667,1.2
1378739083,1,2399.999729,783.9999114733333,32.666666666666664,524288.0,192935.46666666667,10.333333333333334,413.8666666666667,235.8,1.8
1378739383,1,2399.999729,782.399911654,32.6,524288.0,207616.0,8.466666666666667,366.4,191.4,1.2666666666666666
1378739683,1,2399.999729,812.7999082213333,33.86666666666667,524288.0,187692.8,0.8666666666666667,381.1333333333333,213.6,1.9333333333333333
1378739983,1,2399.999729,835.199905692,34.8,524288.0,179304.8,25.400000000000002,363.8,190.6,1.4
1378740283,1,2399.999729,835.199905692,34.8,524288.0,190139.46666666667,0.9333333333333333,373.1333333333333,197.46666666666667,1.4
1378740583,1,2399.999729,585.599933876,24.4,524288.0,173361.86666666667,0.6666666666666666,305.6666666666667,130.26666666666668,1.2666666666666666
1378740883,1,2399.999729,596.7999326113332,24.866666666666664,524288.0,144351.73333333334,8.4,308.26666666666665,135.4,1.4
1378741183,1,2399.999729,564.7999362246668,23.533333333333335,524288.0,154838.13333333333,0.6,300.8,123.53333333333333,1.3333333333333333
1378741483,1,2399.999729,519.9999412833333,21.666666666666664,524288.0,161828.8,0.7333333333333333,278.6666666666667,113.86666666666666,1.4
1378741783,1,2399.999729,455.99994851,19.0,524288.0,152740.53333333333,19.73333333333333,279.06666666666666,107.93333333333334,1.2666666666666666
1378742084,1,2399.999729,519.9999412833333,21.666666666666664,524288.0,144701.6,0.26666666666666666,276.8,108.13333333333334,1.3333333333333333
1378742384,1,2399.999729,492.7999443546667,20.533333333333335,524288.0,144002.4,0.9333333333333333,278.3333333333333,106.53333333333333,1.2666666666666666
1378742684,1,2399.999729,545.5999383926668,22.733333333333334,524288.0,164974.66666666666,9.466666666666667,311.06666666666666,131.4,1.7333333333333334
1378742984,1,2399.999729,465.59994742599997,19.4,524288.0,178606.13333333333,7.533333333333333,271.1333333333333,101.8,1.2666666666666666
1378743284,1,2399.999729,491.19994453533343,20.46666666666667,524288.0,164624.0,0.3333333333333333,277.26666666666665,108.26666666666667,2.0
1378743584,1,2399.999729,502.3999432706667,20.933333333333334,524288.0,150992.8,17.333333333333332,285.8,114.6,1.2666666666666666
1378743884,1,2399.999729,494.39994417400004,20.6,524288.0,176159.2,0.2,282.2,110.0,1.4
1378744184,1,2399.999729,470.3999468840001,19.6,524288.0,154138.4,0.4666666666666667,278.6,105.53333333333333,1.2
1378744484,1,2399.999729,940.7998937680002,39.2,524288.0,180004.0,7.333333333333333,517.7333333333333,371.26666666666665,3.066666666666667
1378744784,1,2399.999729,1446.3998366773335,60.26666666666667,524288.0,240820.53333333333,1.6666666666666665,794.5999999999999,654.0666666666667,3.3333333333333335
1378745084,1,2399.999729,1033.5998832893335,43.06666666666667,524288.0,243966.93333333332,2.1333333333333333,529.6666666666666,372.73333333333335,2.4
1378745384,1,2399.999729,806.399908944,33.6,524288.0,204470.4,29.53333333333333,448.93333333333334,290.06666666666666,2.2
1378745684,1,2399.999729,503.99994309,21.0,524288.0,191187.73333333334,0.9333333333333333,286.8,122.06666666666666,1.4666666666666666
1378745984,1,2399.999729,467.19994724533336,19.46666666666667,524288.0,152392.26666666666,0.6,270.2,104.86666666666666,1.3333333333333333
1378746284,1,2399.999729,553.5999374893333,23.066666666666666,524288.0,185247.46666666667,9.533333333333333,311.93333333333334,138.6,1.6666666666666667
1378746584,1,2399.999729,455.99994851,19.0,524288.0,171965.86666666667,7.866666666666667,273.26666666666665,101.46666666666667,1.3333333333333333
1378746884,1,2399.999729,476.79994616133337,19.866666666666667,524288.0,141556.0,0.6,280.4666666666667,107.86666666666666,1.8
1378747184,1,2399.999729,524.7999407413332,21.866666666666664,524288.0,138410.4,31.8,292.93333333333334,115.8,1.4
1378747484,1,2399.999729,497.59994381266665,20.733333333333334,524288.0,157284.8,0.3333333333333333,274.53333333333336,105.06666666666666,1.1333333333333333
1378747784,1,2399.999729,484.799945258,20.2,524288.0,152041.6,0.6666666666666666,275.0,102.86666666666666,1.2666666666666666
1378748084,1,2399.999729,523.199940922,21.8,524288.0,174061.6,2.2666666666666666,291.6666666666667,117.0,1.4666666666666666
1378748384,1,2399.999729,500.7999434513333,20.866666666666664,524288.0,160430.4,0.6666666666666667,283.8666666666667,105.53333333333333,1.3333333333333333
1378748684,1,2399.999729,497.59994381266665,20.733333333333334,524288.0,146449.86666666667,0.3333333333333333,286.1333333333333,109.4,1.5333333333333334
1378748984,1,2399.999729,473.5999465226667,19.733333333333334,524288.0,138760.26666666666,20.200000000000003,280.6666666666667,107.06666666666666,1.4
1378749284,1,2399.999729,495.9999439933333,20.666666666666664,524288.0,135614.13333333333,0.5333333333333333,273.26666666666665,110.33333333333333,1.4666666666666666
1378749584,1,2399.999729,467.19994724533336,19.46666666666667,524288.0,136663.2,0.4666666666666667,277.6,106.2,1.2666666666666666
1378749884,1,2399.999729,523.199940922,21.8,524288.0,160080.8,9.266666666666667,319.6,138.06666666666666,1.8666666666666667
1378750184,1,2399.999729,449.5999492326667,18.733333333333334,524288.0,160431.2,7.333333333333333,275.8666666666667,103.93333333333334,1.5333333333333334
1378750484,1,2399.999729,524.7999407413332,21.866666666666664,524288.0,144701.6,0.4666666666666667,288.93333333333334,113.0,1.8666666666666667
1378750784,1,2399.999729,495.9999439933333,20.666666666666664,524288.0,152040.8,19.866666666666664,296.8666666666667,112.6,1.4
1378751084,1,2399.999729,507.19994272866677,21.133333333333336,524288.0,169167.2,0.3333333333333333,285.3333333333333,107.46666666666667,1.5333333333333334
1378751384,1,2399.999729,463.9999476066667,19.333333333333332,524288.0,157284.0,0.2,284.6,105.13333333333334,1.3333333333333333
1378751684,1,2399.999729,564.7999362246668,23.533333333333335,524288.0,148896.0,4.3999999999999995,296.33333333333337,119.8,1.6
1378751984,1,2399.999729,476.79994616133337,19.866666666666667,524288.0,158332.8,0.4666666666666667,277.8,109.86666666666666,1.2666666666666666
1378752284,1,2399.999729,524.7999407413332,21.866666666666664,524288.0,147848.0,0.5333333333333333,281.06666666666666,107.66666666666667,1.5333333333333334
1378752585,1,2399.999729,622.3999297206667,25.933333333333334,524288.0,155187.2,20.066666666666666,301.26666666666665,133.26666666666668,1.3333333333333333
1378752885,1,2399.999729,590.3999333340001,24.6,524288.0,153790.13333333333,0.5333333333333333,291.4666666666667,123.73333333333333,1.4
1378753185,1,2399.999729,483.1999454386667,20.133333333333333,524288.0,155886.66666666666,0.4,281.0,115.06666666666666,1.1333333333333333
1378753485,1,2399.999729,529.5999401993333,22.066666666666666,524288.0,171266.13333333333,9.266666666666667,309.2,138.93333333333334,1.6
1378753785,1,2399.999729,478.39994598066664,19.933333333333334,524288.0,179305.06666666668,7.666666666666667,286.5333333333333,119.6,1.2666666666666666
1378754085,1,2399.999729,487.99994489666665,20.333333333333332,524288.0,166372.26666666666,1.3333333333333333,278.66666666666663,109.66666666666667,1.8666666666666667
1378754385,1,2399.999729,468.79994706466664,19.53333333333333,524288.0,144701.6,19.933333333333334,276.0,108.6,1.4
1378754685,1,2399.999729,503.99994309,21.0,524288.0,149594.66666666666,0.4,278.93333333333334,110.4,1.4666666666666666
1378754985,1,2399.999729,470.3999468840001,19.6,524288.0,151342.4,0.4666666666666667,278.0,104.26666666666667,1.3333333333333333
1378755285,1,2399.999729,499.19994363200004,20.8,524288.0,154488.8,4.3999999999999995,285.4,113.8,1.4666666666666666
1378755585,1,2399.999729,459.19994814866664,19.133333333333333,524288.0,158683.2,0.6666666666666667,280.5333333333333,107.33333333333333,1.2
1378755885,1,2399.999729,463.9999476066667,19.333333333333332,524288.0,149944.26666666666,0.3333333333333333,276.06666666666666,105.26666666666667,1.3333333333333333
1378756185,1,2399.999729,473.5999465226667,19.733333333333334,524288.0,163575.73333333334,20.0,282.73333333333335,105.6,1.3333333333333333
1378756485,1,2399.999729,470.3999468840001,19.6,524288.0,166721.6,0.4,284.2,108.6,1.2666666666666666
1378756785,1,2399.999729,446.3999495940001,18.6,524288.0,138410.4,0.4,280.26666666666665,107.53333333333333,1.2
1378757085,1,2399.999729,494.39994417400004,20.6,524288.0,167770.13333333333,8.666666666666668,319.4666666666667,138.46666666666667,1.7333333333333334
1378757385,1,2399.999729,447.99994941333335,18.666666666666668,524288.0,185596.0,7.466666666666667,277.0,105.93333333333334,1.3333333333333333
1378757685,1,2399.999729,473.5999465226667,19.733333333333334,524288.0,164624.8,0.2,279.53333333333336,111.86666666666666,1.8666666666666667
1378757985,1,2399.999729,531.1999400186668,22.133333333333336,524288.0,164623.46666666667,19.799999999999997,286.4,118.53333333333333,1.2666666666666666
1378758285,1,2399.999729,494.39994417400004,20.6,524288.0,161828.53333333333,12.733333333333334,287.26666666666665,116.06666666666666,1.3333333333333333
1378758585,1,2399.999729,507.19994272866677,21.133333333333336,524288.0,155187.73333333334,0.4666666666666667,281.93333333333334,111.93333333333334,1.0666666666666667
1378758885,1,2399.999729,507.19994272866677,21.133333333333336,524288.0,153090.66666666666,2.466666666666667,290.1333333333333,119.26666666666667,1.4
1378759185,1,2399.999729,503.99994309,21.0,524288.0,159381.6,0.39999999999999997,283.66666666666663,112.4,1.1333333333333333
1378759485,1,2399.999729,539.1999391153333,22.466666666666665,524288.0,175809.86666666667,0.7333333333333333,298.8666666666667,133.73333333333332,1.4
1378759785,1,2399.999729,492.7999443546667,20.533333333333335,524288.0,177207.46666666667,20.46666666666667,279.33333333333337,111.93333333333334,1.2666666666666666
1378760085,1,2399.999729,487.99994489666665,20.333333333333332,524288.0,166721.86666666667,0.4,285.1333333333333,117.4,1.2666666666666666
1378760385,1,2399.999729,489.599944716,20.4,524288.0,150643.46666666667,0.5333333333333333,280.46666666666664,114.4,1.2
1378760685,1,2399.999729,513.599942006,21.4,524288.0,163225.86666666667,9.133333333333335,309.2,134.13333333333333,1.6666666666666667
1378760985,1,2399.999729,454.3999486906667,18.933333333333334,524288.0,151342.4,7.3999999999999995,276.0,107.8,1.0
1378761285,1,2399.999729,489.599944716,20.4,524288.0,140508.0,0.8,280.33333333333337,112.4,1.5333333333333334
1378761585,1,2399.999729,502.3999432706667,20.933333333333334,524288.0,145750.4,19.8,281.66666666666663,111.0,1.0666666666666667
1378761885,1,2399.999729,475.19994634200003,19.8,524288.0,143653.6,0.4,271.4,110.13333333333334,1.2666666666666666
1378762185,1,2399.999729,491.19994453533343,20.46666666666667,524288.0,146797.6,0.4666666666666667,273.06666666666666,106.4,1.1333333333333333
1378762485,1,2399.999729,484.799945258,20.2,524288.0,150993.6,4.466666666666667,280.4666666666667,115.06666666666666,1.2
1378762786,1,2399.999729,475.19994634200003,19.8,524288.0,147147.46666666667,0.7999999999999999,276.33333333333337,106.66666666666667,1.0
1378763086,1,2399.999729,473.5999465226667,19.733333333333334,524288.0,136662.93333333332,0.3333333333333333,273.40000000000003,109.6,1.1333333333333333
1378763386,1,2399.999729,487.99994489666665,20.333333333333332,524288.0,142254.4,20.8,275.73333333333335,107.2,1.0666666666666667
1378763686,1,2399.999729,476.79994616133337,19.866666666666667,524288.0,154488.53333333333,0.4,275.53333333333336,111.4,1.1333333333333333
1378763986,1,2399.999729,492.7999443546667,20.533333333333335,524288.0,145050.93333333332,0.7999999999999999,269.06666666666666,102.66666666666667,0.9333333333333333
1378764286,1,2399.999729,615.9999304433333,25.666666666666664,524288.0,162877.33333333334,15.0,322.73333333333335,188.8,1.5333333333333334
1378764586,1,2399.999729,481.59994561933337,20.066666666666666,524288.0,175459.46666666667,8.4,273.5333333333333,113.2,0.9333333333333333
1378764886,1,2399.999729,483.1999454386667,20.133333333333333,524288.0,160430.93333333332,0.7333333333333333,273.1333333333333,107.33333333333333,1.6666666666666667
1378765186,1,2399.999729,462.39994778733336,19.266666666666666,524288.0,157284.53333333333,19.333333333333332,269.73333333333335,104.0,1.1333333333333333
1378765486,1,2399.999729,465.59994742599997,19.4,524288.0,138061.06666666668,0.2,268.26666666666665,104.33333333333333,1.1333333333333333
1378765786,1,2399.999729,443.1999499553334,18.46666666666667,524288.0,132817.6,0.2,270.73333333333335,107.86666666666666,0.9333333333333333
1378766086,1,2399.999729,545.5999383926668,22.733333333333334,524288.0,160779.2,3.8000000000000003,304.73333333333335,140.33333333333334,1.1333333333333333
1378766385,1,2399.999729,446.3999495940001,18.6,524288.0,143652.8,0.8,270.2,107.0,1.0666666666666667
1378766685,1,2399.999729,454.3999486906667,18.933333333333334,524288.0,151342.93333333332,0.26666666666666666,267.5333333333333,104.26666666666667,1.1333333333333333
1378766985,1,2399.999729,438.39995049733335,18.266666666666666,524288.0,149944.0,20.133333333333333,268.93333333333334,101.2,1.0666666666666667
1378767285,1,2399.999729,463.9999476066667,19.333333333333332,524288.0,154838.13333333333,0.3333333333333333,268.1333333333333,105.93333333333334,1.0666666666666667
1378767585,1,2399.999729,444.7999497746667,18.53333333333333,524288.0,143304.0,0.3333333333333333,265.6,103.2,1.0
1378767885,1,2399.999729,649.5999266493334,27.066666666666666,524288.0,196431.2,809.8666666666667,433.6,150.66666666666666,1.4666666666666666
1378768185,1,2399.999729,550.3999378506667,22.933333333333334,524288.0,276472.0,1056.7333333333333,478.26666666666665,105.6,0.9333333333333333
1378768486,1,2399.999729,649.5999266493334,27.066666666666666,524288.0,265288.26666666666,1233.2666666666667,449.26666666666665,109.66666666666667,1.4666666666666666
1378768786,1,2399.999729,1638.3998149973334,68.26666666666667,524288.0,275424.26666666666,1574.3999999999999,352.5333333333333,109.13333333333334,1.0
1378769086,1,2399.999729,2255.99974526,94.0,524288.0,274725.6,1698.1999999999998,331.3333333333333,107.4,1.2
1378769386,1,2399.999729,2329.5997369493334,97.06666666666666,524288.0,256898.93333333332,1852.3999999999999,319.1333333333333,106.26666666666667,1.0666666666666667
1378769686,1,2399.999729,2313.599738756,96.4,524288.0,265987.73333333334,1911.2666666666667,314.73333333333335,114.4,1.1333333333333333
1378769986,1,2399.999729,2310.3997391173334,96.26666666666667,524288.0,270880.0,1488.4666666666667,316.73333333333335,103.93333333333334,0.9333333333333333
1378770286,1,2399.999729,2425.5997261093335,101.06666666666666,524288.0,257248.53333333333,1097.0666666666668,273.8,103.8,1.0666666666666667
1378770586,1,2399.999729,2417.599727012667,100.73333333333333,524288.0,261442.66666666666,1134.3999999999999,277.8666666666667,105.93333333333334,0.9333333333333333
1378770886,1,2399.999729,2411.199727735333,100.46666666666665,524288.0,264939.2,1109.4666666666667,274.0,106.53333333333333,1.0
1378771186,1,2399.999729,2476.799720328,103.2,524288.0,263540.8,1118.8000000000002,277.53333333333336,103.66666666666667,0.9333333333333333
1378771486,1,2399.999729,2494.399718340667,103.93333333333334,524288.0,283813.06666666665,1102.0,347.4666666666667,166.46666666666667,1.4666666666666666
1378771786,1,2399.999729,2262.3997445373334,94.26666666666667,524288.0,290452.8,1402.5333333333333,316.66666666666663,100.2,0.8666666666666667
1378772086,1,2399.999729,2244.799746524667,93.53333333333335,524288.0,243268.0,1826.1333333333332,339.8,104.53333333333333,1.5333333333333334
1378772386,1,2399.999729,2297.5997405626667,95.73333333333333,524288.0,239072.0,1748.9333333333334,318.06666666666666,105.66666666666667,1.0
1378772686,1,2399.999729,2383.9997308066672,99.33333333333334,524288.0,283113.6,2222.6,353.6,105.06666666666666,1.0
1378772986,1,2399.999729,2319.9997380333334,96.66666666666666,524288.0,288006.93333333335,2451.733333333333,390.59999999999997,102.86666666666666,0.8666666666666667
1378773286,1,2399.999729,2401.5997288193334,100.06666666666666,524288.0,261443.2,2495.866666666667,405.6,115.13333333333334,1.2
1378773586,1,2399.999729,2375.99973171,99.0,524288.0,281015.73333333334,2508.9333333333334,384.33333333333337,99.86666666666666,0.8666666666666667
1378773886,1,2399.999729,2375.99973171,99.0,524288.0,289405.86666666664,2070.6000000000004,336.8,101.26666666666667,1.0666666666666667
1378774186,1,2399.999729,510.3999423673333,21.266666666666666,524288.0,259696.0,79.73333333333335,276.6666666666667,104.33333333333333,1.2666666666666666
1378774486,1,2399.999729,347.1999607953333,14.466666666666667,524288.0,166022.93333333332,0.6,266.26666666666665,106.73333333333333,1.0666666666666667
1378774786,1,2399.999729,431.99995122,18.0,524288.0,160430.4,0.2,261.8,102.0,0.9333333333333333
1378775086,1,2399.999729,492.7999443546667,20.533333333333335,524288.0,150993.06666666668,8.133333333333333,301.8,134.33333333333334,1.6666666666666667
1378775386,1,2399.999729,468.79994706466664,19.53333333333333,524288.0,159032.0,0.26666666666666666,265.26666666666665,105.46666666666667,1.1333333333333333
1378775686,1,2399.999729,479.9999458,20.0,524288.0,146448.8,0.4666666666666667,263.6,106.53333333333333,1.5333333333333334
1378775986,1,2399.999729,476.79994616133337,19.866666666666667,524288.0,142954.13333333333,19.066666666666666,265.2,106.33333333333333,1.2
1378776286,1,2399.999729,467.19994724533336,19.46666666666667,524288.0,139808.53333333333,0.2,266.4,106.93333333333334,1.0666666666666667
1378776586,1,2399.999729,478.39994598066664,19.933333333333334,524288.0,127925.33333333333,0.2,256.26666666666665,102.66666666666667,1.1333333333333333
1378776886,1,2399.999729,473.5999465226667,19.733333333333334,524288.0,136313.06666666668,2.7333333333333334,263.0,109.8,1.4666666666666666
1378777186,1,2399.999729,478.39994598066664,19.933333333333334,524288.0,136313.6,4.333333333333333,260.8666666666667,104.4,1.1333333333333333
1378777486,1,2399.999729,457.59994832933336,19.066666666666666,524288.0,143652.8,0.3333333333333333,254.0,101.33333333333333,1.1333333333333333
1378777787,1,2399.999729,479.9999458,20.0,524288.0,158332.8,21.133333333333333,259.73333333333335,103.66666666666667,1.1333333333333333
1378778087,1,2399.999729,457.59994832933336,19.066666666666666,524288.0,140158.13333333333,0.7999999999999999,257.0,104.06666666666666,1.0666666666666667
1378778387,1,2399.999729,451.199949052,18.8,524288.0,120584.8,0.26666666666666666,256.4666666666667,101.8,1.0666666666666667
1378778687,1,2399.999729,991.9998879866666,41.33333333333333,524288.0,185595.46666666667,612.8666666666667,375.06666666666666,134.26666666666668,2.066666666666667
1378778987,1,2399.999729,481.59994561933337,20.066666666666666,524288.0,221248.8,1.5999999999999999,269.6,99.13333333333334,0.9333333333333333
1378779287,1,2399.999729,571.1999355020001,23.8,524288.0,147148.53333333333,1.2666666666666666,285.8,106.2,1.4666666666666666
1378779587,1,2399.999729,556.799937128,23.2,524288.0,159381.86666666667,32.6,288.4666666666667,111.26666666666667,1.0666666666666667
1378779887,1,2399.999729,767.99991328,32.0,524288.0,177907.2,0.7999999999999999,341.1333333333333,112.0,1.0
1378780187,1,2399.999729,609.599931166,25.4,524288.0,155886.66666666666,0.4666666666666667,277.0,101.93333333333334,1.0
1378780487,1,2399.999729,423.99995212333334,17.666666666666668,524288.0,152740.53333333333,4.133333333333333,265.8,110.66666666666667,1.0666666666666667
1378780787,1,2399.999729,428.79995158133335,17.866666666666667,524288.0,167420.53333333333,0.4666666666666667,258.1333333333333,104.73333333333333,0.8666666666666667
1378781087,1,2399.999729,420.7999524846666,17.53333333333333,524288.0,139109.33333333334,0.26666666666666666,254.13333333333333,102.2,1.1333333333333333
1378781387,1,2399.999729,433.5999510393333,18.066666666666666,524288.0,150644.8,17.666666666666664,259.26666666666665,102.73333333333333,1.1333333333333333
1378781687,1,2399.999729,428.79995158133335,17.866666666666667,524288.0,153789.33333333334,0.4,259.06666666666666,106.53333333333333,1.2
1378781987,1,2399.999729,435.1999508586667,18.133333333333333,524288.0,144701.33333333334,0.2,254.93333333333334,101.6,1.0
1378782287,1,2399.999729,465.59994742599997,19.4,524288.0,161828.53333333333,26.866666666666667,288.8666666666667,125.73333333333333,1.5333333333333334
1378782587,1,2399.999729,419.1999526653334,17.46666666666667,524288.0,147847.2,0.4666666666666667,254.20000000000002,99.73333333333333,0.8
1378782887,1,2399.999729,425.59995194266673,17.733333333333334,524288.0,142255.73333333334,0.5333333333333333,259.0,105.0,1.5333333333333334
1378783187,1,2399.999729,431.99995122,18.0,524288.0,149944.8,18.133333333333333,256.93333333333334,104.66666666666667,0.9333333333333333
1378783487,1,2399.999729,415.9999530266666,17.333333333333332,524288.0,154139.2,0.3333333333333333,247.93333333333334,101.13333333333334,0.9333333333333333
1378783787,1,2399.999729,612.7999308046667,25.533333333333335,524288.0,164624.0,0.4,300.93333333333334,106.26666666666667,0.8666666666666667
1378784087,1,2399.999729,681.599923036,28.4,524288.0,175809.33333333334,4.733333333333333,290.2,108.46666666666667,1.0666666666666667
1378784387,1,2399.999729,438.39995049733335,18.266666666666666,524288.0,146798.93333333332,1.3333333333333335,253.46666666666667,103.0,0.8666666666666667
1378784687,1,2399.999729,428.79995158133335,17.866666666666667,524288.0,136662.66666666666,0.06666666666666667,255.2,104.4,1.0
1378784987,1,2399.999729,419.1999526653334,17.46666666666667,524288.0,135963.73333333334,19.73333333333333,247.66666666666669,99.6,0.8
1378785287,1,2399.999729,412.799953388,17.2,524288.0,139458.93333333332,0.26666666666666666,255.06666666666666,106.73333333333333,1.0
1378785587,1,2399.999729,436.799950678,18.2,524288.0,143303.73333333334,0.39999999999999997,252.6,103.4,0.8666666666666667
1378785887,1,2399.999729,663.9999250233334,27.666666666666664,524288.0,160780.26666666666,9.0,327.4,172.86666666666667,1.5333333333333334
1378786187,1,2399.999729,540.7999389346667,22.533333333333335,524288.0,175809.33333333334,8.2,279.73333333333335,123.06666666666666,0.9333333333333333
1378786487,1,2399.999729,577.5999347793334,24.066666666666666,524288.0,157983.73333333334,0.7333333333333333,290.5333333333333,134.93333333333334,1.6
1378786787,1,2399.999729,507.19994272866677,21.133333333333336,524288.0,134566.13333333333,18.2,272.0,119.06666666666666,0.9333333333333333
1378787088,1,2399.999729,452.7999488713334,18.866666666666667,524288.0,161128.26666666666,0.4,254.73333333333335,108.26666666666667,1.0
1378787388,1,2399.999729,447.99994941333335,18.666666666666668,524288.0,154489.33333333334,0.2,247.86666666666667,101.53333333333333,0.9333333333333333
1378787688,1,2399.999729,463.9999476066667,19.333333333333332,524288.0,150993.6,2.4000000000000004,265.73333333333335,116.2,1.2
1378787988,1,2399.999729,441.59995013599996,18.4,524288.0,153090.4,3.6,255.53333333333333,104.6,0.9333333333333333
1378788288,1,2399.999729,447.99994941333335,18.666666666666668,524288.0,136313.6,0.26666666666666666,251.73333333333332,103.0,1.0
1378788588,1,2399.999729,441.59995013599996,18.4,524288.0,153789.33333333334,20.0,259.3333333333333,104.33333333333333,1.2
1378788888,1,2399.999729,441.59995013599996,18.4,524288.0,154488.0,0.26666666666666666,254.93333333333334,105.13333333333334,1.0666666666666667
1378789188,1,2399.999729,435.1999508586667,18.133333333333333,524288.0,139108.8,0.4666666666666667,252.33333333333334,100.53333333333333,1.0
1378789488,1,2399.999729,459.19994814866664,19.133333333333333,524288.0,147497.33333333334,8.733333333333334,283.4,127.86666666666666,1.6666666666666667
1378789788,1,2399.999729,414.3999532073333,17.266666666666666,524288.0,172313.86666666667,8.266666666666667,252.66666666666666,100.33333333333333,1.1333333333333333
1378790088,1,2399.999729,457.59994832933336,19.066666666666666,524288.0,171265.6,1.0666666666666667,261.26666666666665,108.26666666666667,1.6
1378790388,1,2399.999729,462.39994778733336,19.266666666666666,524288.0,157284.0,17.73333333333333,262.4,103.86666666666666,1.1333333333333333
1378790688,1,2399.999729,462.39994778733336,19.266666666666666,524288.0,163575.2,12.466666666666665,256.06666666666666,105.0,1.1333333333333333
1378790988,1,2399.999729,463.9999476066667,19.333333333333332,524288.0,145750.93333333332,0.3333333333333333,253.86666666666667,102.2,1.0666666666666667
1378791288,1,2399.999729,499.19994363200004,20.8,524288.0,141206.66666666666,2.466666666666667,269.5333333333333,116.26666666666667,2.0
1378791588,1,2399.999729,502.3999432706667,20.933333333333334,524288.0,150644.53333333333,2.1333333333333333,266.06666666666666,110.86666666666666,2.7333333333333334
1378791888,1,2399.999729,481.59994561933337,20.066666666666666,524288.0,141205.33333333334,0.26666666666666666,263.46666666666664,109.06666666666666,1.3333333333333333
1378792188,1,2399.999729,457.59994832933336,19.066666666666666,524288.0,137710.93333333332,19.73333333333333,257.93333333333334,102.8,1.0
1378792488,1,2399.999729,444.7999497746667,18.53333333333333,524288.0,150643.2,0.6,255.73333333333335,106.26666666666667,1.1333333333333333
1378792788,1,2399.999729,449.5999492326667,18.733333333333334,524288.0,169868.0,0.6,256.8,100.8,1.0666666666666667
1378793088,1,2399.999729,478.39994598066664,19.933333333333334,524288.0,162528.0,8.799999999999999,286.0,127.4,1.6
1378793388,1,2399.999729,459.19994814866664,19.133333333333333,524288.0,164624.8,8.133333333333333,259.6,102.4,1.0666666666666667
1378793688,1,2399.999729,495.9999439933333,20.666666666666664,524288.0,141556.0,0.26666666666666666,265.53333333333336,109.93333333333334,1.6
1378793988,1,2399.999729,473.5999465226667,19.733333333333334,524288.0,140507.2,17.866666666666667,264.4,108.6,1.0
1378794288,1,2399.999729,443.1999499553334,18.46666666666667,524288.0,163925.33333333334,0.3333333333333333,254.2,105.66666666666667,1.2
1378794588,1,2399.999729,460.79994796799997,19.2,524288.0,131069.86666666667,0.4,259.1333333333333,102.66666666666667,1.0666666666666667
1378794889,1,2399.999729,499.19994363200004,20.8,524288.0,146449.6,2.4,278.66666666666663,127.86666666666666,1.4666666666666666
1378795189,1,2399.999729,543.9999385733332,22.666666666666664,524288.0,164275.2,3.666666666666667,277.93333333333334,122.46666666666667,1.1333333333333333
1378795489,1,2399.999729,478.39994598066664,19.933333333333334,524288.0,148545.86666666667,0.26666666666666666,258.73333333333335,105.73333333333333,1.2
1378795789,1,2399.999729,467.19994724533336,19.46666666666667,524288.0,169868.26666666666,19.799999999999997,257.6,105.33333333333333,1.3333333333333333
1378796089,1,2399.999729,903.9998979233334,37.666666666666664,524288.0,166372.53333333333,0.4666666666666667,505.73333333333335,383.06666666666666,3.3333333333333335
1378796389,1,2399.999729,1590.3998204173333,66.26666666666667,524288.0,221247.73333333334,1.3333333333333335,830.7333333333333,716.0666666666667,3.7333333333333334
1378796689,1,2399.999729,993.5998878060001,41.4,524288.0,257948.0,37.06666666666666,543.0,398.3333333333333,3.1333333333333333
1378796989,1,2399.999729,575.99993496,24.0,524288.0,241170.4,9.266666666666666,303.8666666666667,156.06666666666666,1.3333333333333333
1378797289,1,2399.999729,489.599944716,20.4,524288.0,167771.2,0.8,271.40000000000003,113.66666666666667,1.7333333333333334
1378797589,1,2399.999729,518.3999414640001,21.6,524288.0,146799.2,18.666666666666668,267.1333333333333,116.33333333333333,1.2
1378797889,1,2399.999729,481.59994561933337,20.066666666666666,524288.0,167422.13333333333,0.4,261.5333333333333,112.13333333333334,1.2
1378798189,1,2399.999729,489.599944716,20.4,524288.0,128974.13333333333,0.13333333333333333,266.73333333333335,110.53333333333333,1.1333333333333333
1378798489,1,2399.999729,487.99994489666665,20.333333333333332,524288.0,148896.8,3.0666666666666664,269.46666666666664,118.86666666666666,1.4666666666666666
1378798789,1,2399.999729,475.19994634200003,19.8,524288.0,139109.6,3.466666666666667,260.6666666666667,106.53333333333333,1.2
1378799089,1,2399.999729,471.9999467033334,19.666666666666668,524288.0,154138.4,0.4,262.6,108.8,1.4
1378799388,1,2399.999729,487.99994489666665,20.333333333333332,524288.0,158683.2,20.0,262.53333333333336,108.46666666666667,1.4
1378799688,1,2399.999729,487.99994489666665,20.333333333333332,524288.0,160431.73333333334,0.4666666666666667,262.1333333333333,114.4,1.4666666666666666
1378799988,1,2399.999729,451.199949052,18.8,524288.0,141205.86666666667,0.3333333333333333,267.0,112.4,1.2
1378800289,1,2399.999729,668.7999244813333,27.866666666666664,524288.0,167071.46666666667,22.733333333333334,319.93333333333334,157.46666666666667,2.6
1378800589,1,2399.999729,636.7999280946667,26.533333333333335,524288.0,156235.46666666667,8.133333333333333,315.2,174.6,1.7333333333333334
1378800889,1,2399.999729,1702.399807770667,70.93333333333334,524288.0,218100.8,0.5333333333333333,421.0,282.2,1.7333333333333334
1378801189,1,2399.999729,689.5999221326667,28.733333333333334,524288.0,200276.0,34.86666666666667,301.3333333333333,147.46666666666667,1.2
1378801489,1,2399.999729,1409.5998408326666,58.73333333333333,524288.0,247461.86666666667,705.0,688.4,422.8666666666667,9.533333333333333
1378801789,1,2399.999729,1131.1998722686667,47.13333333333333,524288.0,300589.86666666664,550.6,535.6,358.0,1.2666666666666666
1378802089,1,2399.999729,1209.599863416,50.4,524288.0,280667.4666666667,4.466666666666667,574.3333333333334,447.8666666666667,1.9333333333333333
1378802389,1,2399.999729,1223.99986179,51.0,524288.0,277520.26666666666,8.933333333333334,580.5333333333333,461.2,1.5333333333333334
1378802689,1,2399.999729,1177.5998670293334,49.06666666666667,524288.0,281716.26666666666,1.6666666666666665,511.26666666666665,381.8,1.4666666666666666
1378802989,1,2399.999729,999.9998870833334,41.66666666666667,524288.0,257948.0,29.53333333333333,399.9333333333333,254.2,1.3333333333333333
1378803289,1,2399.999729,614.399930624,25.6,524288.0,212859.2,1.2666666666666666,319.3333333333333,171.73333333333332,1.4
1378803589,1,2399.999729,1095.9998762433336,45.66666666666667,524288.0,208665.6,1.1333333333333333,420.66666666666663,266.26666666666665,1.8666666666666667
1378803889,1,2399.999729,638.399927914,26.6,524288.0,215654.66666666666,115.4,337.5333333333333,163.4,2.3333333333333335
1378804189,1,2399.999729,667.1999246620002,27.8,524288.0,210762.66666666666,8.466666666666667,339.8,180.2,1.2666666666666666
1378804489,1,2399.999729,1004.7998865413334,41.86666666666667,524288.0,208664.53333333333,1.0,421.53333333333336,266.2,1.8
1378804789,1,2399.999729,1070.399879134,44.6,524288.0,251306.66666666666,23.733333333333334,422.73333333333335,276.0,1.0
1378805089,1,2399.999729,1086.3998773273336,45.26666666666667,524288.0,233830.13333333333,0.5333333333333333,424.1333333333333,270.3333333333333,1.2666666666666666
1378805389,1,2399.999729,785.5999112926667,32.733333333333334,524288.0,231033.33333333334,0.8666666666666666,394.26666666666665,247.2,1.2
1378805689,1,2399.999729,883.1999002719999,36.8,524288.0,233131.2,4.666666666666667,387.6,238.66666666666666,1.5333333333333334
1378805989,1,2399.999729,1300.799853118,54.2,524288.0,213907.2,5.866666666666666,520.8666666666667,381.53333333333336,1.3333333333333333
1378806289,1,2399.999729,967.9998906966667,40.333333333333336,524288.0,229635.2,1.0,385.5333333333333,227.33333333333334,1.4666666666666666
1378806589,1,2399.999729,774.3999125573333,32.266666666666666,524288.0,210762.13333333333,27.133333333333333,469.0,323.2,1.3333333333333333
1378806889,1,2399.999729,948.7998928646666,39.53333333333333,524288.0,234879.2,1.2666666666666666,408.2,251.2,1.3333333333333333
1378807189,1,2399.999729,574.3999351406667,23.933333333333334,524288.0,210064.0,0.6666666666666667,310.8,148.4,1.2
1378807489,1,2399.999729,532.799939838,22.2,524288.0,193634.13333333333,35.06666666666666,314.53333333333336,141.73333333333332,1.8
1378807789,1,2399.999729,459.19994814866664,19.133333333333333,524288.0,167071.73333333334,7.933333333333334,316.1333333333333,157.46666666666667,1.0
1378808089,1,2399.999729,1086.3998773273336,45.26666666666667,524288.0,225441.86666666667,1.5333333333333332,428.33333333333337,282.6666666666667,1.6666666666666667
1378808389,1,2399.999729,703.9999205066669,29.333333333333336,524288.0,195381.86666666667,21.6,369.1333333333333,210.0,1.1333333333333333
1378808689,1,2399.999729,998.3998872640001,41.6,524288.0,192237.06666666668,0.7333333333333333,460.6666666666667,316.2,1.0666666666666667
1378808990,1,2399.999729,945.599893226,39.4,524288.0,237325.33333333334,1.0,463.0,315.8,1.2
1378809290,1,2399.999729,993.5998878060001,41.4,524288.0,231383.46666666667,3.466666666666667,470.66666666666663,325.73333333333335,1.4
1378809590,1,2399.999729,980.7998892513334,40.86666666666667,524288.0,210761.6,6.933333333333334,488.1333333333333,329.1333333333333,1.1333333333333333
1378809890,1,2399.999729,963.1998912386667,40.13333333333333,524288.0,231732.8,1.2,426.7333333333333,272.4,1.2
1378810190,1,2399.999729,865.5999022593334,36.06666666666666,524288.0,231733.6,27.0,366.6,206.53333333333333,1.2
1378810490,1,2399.999729,615.9999304433333,25.666666666666664,524288.0,220548.26666666666,1.2666666666666666,318.4666666666667,170.4,1.3333333333333333
1378810790,1,2399.999729,700.7999208680001,29.2,524288.0,196081.06666666668,0.7333333333333334,385.2,231.93333333333334,1.2
1378811090,1,2399.999729,1203.1998641386667,50.13333333333333,524288.0,228587.2,34.266666666666666,504.1333333333333,353.0,2.8666666666666667
1378811390,1,2399.999729,1145.5998706426667,47.73333333333333,524288.0,278919.2,7.866666666666666,476.3333333333333,325.0,2.3333333333333335
1378811690,1,2399.999729,1116.7998738946667,46.53333333333333,524288.0,262841.3333333333,1.4,493.93333333333334,342.2,2.6
1378811990,1,2399.999729,974.3998899740001,40.6,524288.0,244316.0,29.4,469.46666666666664,319.3333333333333,1.4666666666666666
1378812290,1,2399.999729,999.9998870833334,41.66666666666667,524288.0,269482.4,12.600000000000001,442.79999999999995,293.0,1.4666666666666666
1378812590,1,2399.999729,905.5998977426668,37.733333333333334,524288.0,246412.8,1.7333333333333334,491.4666666666667,351.8,2.1333333333333333
1378812890,1,2399.999729,1188.7998657646667,49.53333333333333,524288.0,256899.46666666667,4.0,435.73333333333335,275.8,1.9333333333333333
1378813190,1,2399.999729,801.599909486,33.4,524288.0,231383.46666666667,7.133333333333333,346.1333333333333,188.8,1.7333333333333334
1378813490,1,2399.999729,731.1999174353333,30.466666666666665,524288.0,222994.93333333332,1.0666666666666667,369.59999999999997,215.4,1.6
1378813790,1,2399.999729,611.1999309853334,25.466666666666665,524288.0,190839.46666666667,28.0,337.8,173.4,1.6666666666666667
1378814090,1,2399.999729,980.7998892513334,40.86666666666667,524288.0,189440.26666666666,0.8666666666666666,388.6666666666667,235.46666666666667,1.7333333333333334
1378814390,1,2399.999729,1225.5998616093334,51.06666666666667,524288.0,206217.6,1.2666666666666666,507.0,376.0,1.2666666666666666
1378814690,1,2399.999729,1060.7998802180002,44.2,524288.0,274025.06666666665,36.266666666666666,471.46666666666664,298.2,1.8
1378814990,1,2399.999729,956.7998919613333,39.86666666666667,524288.0,226489.6,12.333333333333334,453.5333333333333,295.2,1.2666666666666666
1378815290,1,2399.999729,795.1999102086667,33.13333333333333,524288.0,232781.6,327.26666666666665,416.1333333333333,251.46666666666667,1.7333333333333334
1378815590,1,2399.999729,595.199932792,24.8,524288.0,249560.0,334.2,341.73333333333335,155.2,1.8666666666666667
1378815890,1,2399.999729,494.39994417400004,20.6,524288.0,234878.4,126.19999999999999,277.6,117.8,1.4
1378816190,1,2399.999729,435.1999508586667,18.133333333333333,524288.0,161478.4,1.0,274.1333333333333,116.0,1.0666666666666667
1378816490,1,2399.999729,462.39994778733336,19.266666666666666,524288.0,143303.46666666667,4.866666666666667,280.1333333333333,123.13333333333334,1.4
1378816790,1,2399.999729,475.19994634200003,19.8,524288.0,156585.33333333334,4.666666666666667,283.0,120.33333333333333,1.2666666666666666
1378817090,1,2399.999729,468.79994706466664,19.53333333333333,524288.0,171614.66666666666,0.6666666666666666,267.0,110.33333333333333,1.2666666666666666
1378817390,1,2399.999729,476.79994616133337,19.866666666666667,524288.0,150294.4,19.400000000000002,267.93333333333334,108.6,1.3333333333333333
1378817690,1,2399.999729,481.59994561933337,20.066666666666666,524288.0,160779.46666666667,0.6,275.73333333333335,116.33333333333333,1.4
1378817990,1,2399.999729,449.5999492326667,18.733333333333334,524288.0,150993.33333333334,0.4666666666666667,278.66666666666663,117.6,1.2666666666666666
1378818290,1,2399.999729,529.5999401993333,22.066666666666666,524288.0,172664.0,25.066666666666666,322.53333333333336,160.0,1.6666666666666667
1378818590,1,2399.999729,628.799928998,26.2,524288.0,169169.06666666668,7.866666666666666,366.0,215.66666666666666,2.533333333333333
1378818890,1,2399.999729,635.1999282753333,26.466666666666665,524288.0,174761.06666666668,1.0666666666666667,327.79999999999995,177.33333333333334,2.066666666666667
1378819190,1,2399.999729,899.1998984653334,37.46666666666667,524288.0,150293.6,23.46666666666667,393.3333333333333,211.66666666666666,3.066666666666667
1378819490,1,2399.999729,695.9999214100001,29.0,524288.0,175809.6,0.8666666666666666,348.93333333333334,197.26666666666668,1.5333333333333334
1378819791,1,2399.999729,801.599909486,33.4,524288.0,157284.0,0.4666666666666667,381.1333333333333,230.13333333333333,1.0666666666666667
1378820091,1,2399.999729,820.799907318,34.2,524288.0,168819.2,3.2666666666666666,369.4,222.53333333333333,1.4666666666666666
1378820391,1,2399.999729,683.1999228553333,28.466666666666665,524288.0,193984.8,6.6,338.53333333333336,185.0,1.2
1378820691,1,2399.999729,791.9999105700001,33.0,524288.0,167771.2,0.9333333333333333,348.73333333333335,200.33333333333334,1.4
1378820991,1,2399.999729,563.1999364053333,23.466666666666665,524288.0,163924.53333333333,27.8,292.2,134.26666666666668,1.2666666666666666
1378821291,1,2399.999729,487.99994489666665,20.333333333333332,524288.0,166372.8,0.6,274.26666666666665,115.93333333333334,1.4
1378821591,1,2399.999729,487.99994489666665,20.333333333333332,524288.0,156585.33333333334,0.5333333333333333,286.8666666666667,129.8,1.3333333333333333
1378821891,1,2399.999729,623.99992954,26.0,524288.0,168818.4,24.0,336.06666666666666,166.4,2.3333333333333335
1378822191,1,2399.999729,662.399925204,27.6,524288.0,177207.46666666667,7.466666666666666,336.0,152.86666666666667,1.7333333333333334
1378822491,1,2399.999729,636.7999280946667,26.533333333333335,524288.0,153440.0,0.8666666666666666,331.6666666666667,155.2,2.3333333333333335
1378822791,1,2399.999729,639.9999277333333,26.666666666666664,524288.0,149944.0,18.933333333333334,323.5333333333333,165.26666666666668,1.5333333333333334
1378823091,1,2399.999729,590.3999333340001,24.6,524288.0,169866.93333333332,12.600000000000001,316.8666666666667,154.86666666666667,1.9333333333333333
1378823391,1,2399.999729,542.399938754,22.6,524288.0,154486.93333333332,0.8,320.4666666666667,159.2,1.4
1378823691,1,2399.999729,550.3999378506667,22.933333333333334,524288.0,171614.93333333332,4.2,316.46666666666664,157.13333333333333,1.6
1378823991,1,2399.999729,550.3999378506667,22.933333333333334,524288.0,149944.0,1.1333333333333333,314.3333333333333,154.6,1.4
1378824291,1,2399.999729,571.1999355020001,23.8,524288.0,163575.2,0.6,311.5333333333333,154.0,1.5333333333333334
1378824591,1,2399.999729,507.19994272866677,21.133333333333336,524288.0,146799.2,28.400000000000002,295.0,137.86666666666667,1.4666666666666666
1378824891,1,2399.999729,767.99991328,32.0,524288.0,171964.0,0.7333333333333333,373.66666666666663,224.06666666666666,1.4666666666666666
1378825191,1,2399.999729,662.399925204,27.6,524288.0,156235.46666666667,0.9333333333333333,338.26666666666665,184.8,1.1333333333333333
1378825491,1,2399.999729,830.3999062340001,34.6,524288.0,171615.2,15.466666666666667,395.9333333333333,244.33333333333334,1.8
1378825791,1,2399.999729,795.1999102086667,33.13333333333333,524288.0,201324.53333333333,7.6,365.20000000000005,218.26666666666668,1.2666666666666666
1378826091,1,2399.999729,671.9999241200001,28.0,524288.0,184896.53333333333,1.8,329.53333333333336,174.86666666666667,1.7333333333333334
1378826391,1,2399.999729,500.7999434513333,20.866666666666664,524288.0,155536.0,26.733333333333334,296.66666666666663,142.66666666666666,1.2666666666666666
1378826691,1,2399.999729,511.9999421866667,21.333333333333336,524288.0,168818.66666666666,0.5333333333333333,283.33333333333337,127.06666666666666,1.3333333333333333
1378826991,1,2399.999729,478.39994598066664,19.933333333333334,524288.0,170916.0,1.1333333333333333,278.3333333333333,122.86666666666666,1.2666666666666666
1378827291,1,2399.999729,487.99994489666665,20.333333333333332,524288.0,153440.26666666666,4.933333333333334,272.0,120.86666666666666,1.4
1378827591,1,2399.999729,436.799950678,18.2,524288.0,154837.33333333334,1.0,276.5333333333333,122.06666666666666,1.4
1378827891,1,2399.999729,441.59995013599996,18.4,524288.0,177206.66666666666,0.6666666666666666,259.8666666666667,110.33333333333333,1.2666666666666666
1378828191,1,2399.999729,419.1999526653334,17.46666666666667,524288.0,172314.13333333333,20.26666666666667,262.93333333333334,108.66666666666667,1.1333333333333333
1378828491,1,2399.999729,444.7999497746667,18.53333333333333,524288.0,157633.6,0.4666666666666667,265.26666666666665,114.2,1.4
1378828791,1,2399.999729,423.99995212333334,17.666666666666668,524288.0,184548.0,0.3333333333333333,270.73333333333335,118.73333333333333,1.2
1378829091,1,2399.999729,486.3999450773333,20.266666666666666,524288.0,162527.2,9.4,284.93333333333334,132.86666666666667,1.7333333333333334
1378829391,1,2399.999729,425.59995194266673,17.733333333333334,524288.0,164624.0,7.533333333333333,258.6,111.6,1.0
1378829691,1,2399.999729,457.59994832933336,19.066666666666666,524288.0,153090.4,0.39999999999999997,260.0,110.53333333333333,1.8666666666666667
1378829991,1,2399.999729,463.9999476066667,19.333333333333332,524288.0,152041.6,19.266666666666666,270.4,119.2,1.0666666666666667
1378830291,1,2399.999729,449.5999492326667,18.733333333333334,524288.0,159381.6,0.26666666666666666,261.53333333333336,110.0,1.3333333333333333
1378830592,1,2399.999729,443.1999499553334,18.46666666666667,524288.0,160429.6,0.3333333333333333,256.26666666666665,105.66666666666667,1.1333333333333333
1378830892,1,2399.999729,758.3999143640001,31.6,524288.0,191188.8,3.1333333333333337,462.0,328.46666666666664,2.933333333333333
1378831192,1,2399.999729,1489.5998317993335,62.06666666666667,524288.0,211460.53333333333,6.733333333333333,847.4,737.8666666666667,3.4
1378831492,1,2399.999729,1004.7998865413334,41.86666666666667,524288.0,234878.66666666666,2.2666666666666666,547.1333333333333,416.2,2.3333333333333335
1378831791,1,2399.999729,699.1999210486667,29.133333333333336,524288.0,213907.46666666667,29.73333333333333,393.73333333333335,248.26666666666668,1.7333333333333334
1378832091,1,2399.999729,446.3999495940001,18.6,524288.0,180352.53333333333,1.1333333333333333,267.73333333333335,117.26666666666667,1.2
1378832391,1,2399.999729,441.59995013599996,18.4,524288.0,174062.4,0.6,262.6,110.8,1.2
1378832691,1,2399.999729,508.79994254800005,21.2,524288.0,196082.13333333333,9.266666666666667,303.26666666666665,147.4,1.8666666666666667
1378832991,1,2399.999729,435.1999508586667,18.133333333333333,524288.0,189440.26666666666,7.3999999999999995,260.3333333333333,109.6,1.2
1378833291,1,2399.999729,422.399952304,17.6,524288.0,159381.6,0.7333333333333334,255.53333333333336,106.66666666666667,1.7333333333333334
1378833591,1,2399.999729,436.799950678,18.2,524288.0,167770.4,19.933333333333334,258.3333333333333,107.0,1.4666666666666666
1378833891,1,2399.999729,447.99994941333335,18.666666666666668,524288.0,162527.2,12.333333333333332,270.66666666666663,118.06666666666666,1.5333333333333334
1378834191,1,2399.999729,435.1999508586667,18.133333333333333,524288.0,158332.8,0.6666666666666666,269.6666666666667,116.0,1.2
1378834492,1,2399.999729,460.79994796799997,19.2,524288.0,178254.66666666666,3.7333333333333334,274.06666666666666,119.6,1.6
1378834792,1,2399.999729,446.3999495940001,18.6,524288.0,175459.73333333334,2.066666666666667,274.1333333333333,120.0,1.2666666666666666
1378835092,1,2399.999729,427.19995176200007,17.8,524288.0,174061.33333333334,0.26666666666666666,257.8666666666667,105.8,1.4
1378835392,1,2399.999729,433.5999510393333,18.066666666666666,524288.0,157983.46666666667,20.733333333333334,251.53333333333336,103.66666666666667,1.4
1378835692,1,2399.999729,439.9999503166666,18.333333333333332,524288.0,182800.0,0.4,251.86666666666667,108.8,1.3333333333333333
1378835992,1,2399.999729,447.99994941333335,18.666666666666668,524288.0,178256.53333333333,0.3333333333333333,253.06666666666666,104.66666666666667,1.3333333333333333
1378836292,1,2399.999729,478.39994598066664,19.933333333333334,524288.0,175809.06666666668,9.0,286.66666666666663,137.86666666666667,1.8666666666666667
1378836592,1,2399.999729,427.19995176200007,17.8,524288.0,154138.66666666666,7.6,246.86666666666667,100.66666666666667,1.3333333333333333
1378836892,1,2399.999729,428.79995158133335,17.866666666666667,524288.0,148545.6,0.4,256.6666666666667,106.33333333333333,1.6666666666666667
1378837192,1,2399.999729,433.5999510393333,18.066666666666666,524288.0,137012.26666666666,17.333333333333332,256.33333333333337,105.46666666666667,1.3333333333333333
1378837492,1,2399.999729,417.599952846,17.4,524288.0,160778.66666666666,0.33333333333333337,252.06666666666666,108.13333333333334,1.2666666666666666
1378837792,1,2399.999729,415.9999530266666,17.333333333333332,524288.0,153090.4,0.2,250.2,101.6,1.2
1378838092,1,2399.999729,451.199949052,18.8,524288.0,161128.8,6.133333333333333,264.8666666666667,113.86666666666666,1.3333333333333333
1378838392,1,2399.999729,438.39995049733335,18.266666666666666,524288.0,152391.46666666667,0.6666666666666666,256.0,106.26666666666667,1.2
1378838692,1,2399.999729,431.99995122,18.0,524288.0,141205.86666666667,0.4666666666666667,258.8666666666667,107.73333333333333,1.2666666666666666
1378838992,1,2399.999729,591.9999331533334,24.666666666666664,524288.0,143303.2,20.533333333333335,280.26666666666665,130.6,1.1333333333333333
1378839292,1,2399.999729,516.7999416446668,21.533333333333335,524288.0,163925.86666666667,0.26666666666666666,277.26666666666665,129.6,1.4666666666666666
1378839592,1,2399.999729,439.9999503166666,18.333333333333332,524288.0,164974.13333333333,0.6,260.06666666666666,109.13333333333334,1.2
1378839892,1,2399.999729,532.799939838,22.2,524288.0,160429.33333333334,8.866666666666665,314.3333333333333,157.8,1.8
1378840192,1,2399.999729,430.3999514006667,17.933333333333334,524288.0,183149.6,7.3999999999999995,263.2,110.53333333333333,1.3333333333333333
1378840492,1,2399.999729,465.59994742599997,19.4,524288.0,183499.2,0.7333333333333333,275.8,123.4,1.7333333333333334
1378840792,1,2399.999729,449.5999492326667,18.733333333333334,524288.0,158333.6,17.333333333333336,266.3333333333333,112.4,1.3333333333333333
1378841092,1,2399.999729,452.7999488713334,18.866666666666667,524288.0,148896.0,0.3333333333333333,263.4,117.33333333333333,1.2666666666666666
1378841392,1,2399.999729,428.79995158133335,17.866666666666667,524288.0,137362.4,0.4,265.33333333333337,115.66666666666667,1.2666666666666666
1378841692,1,2399.999729,468.79994706466664,19.53333333333333,524288.0,155187.2,6.466666666666667,273.4,121.73333333333333,1.4
1378841992,1,2399.999729,427.19995176200007,17.8,524288.0,182450.4,0.26666666666666666,270.33333333333337,118.53333333333333,1.1333333333333333
1378842293,1,2399.999729,438.39995049733335,18.266666666666666,524288.0,140507.2,0.3333333333333333,257.2,110.53333333333333,1.1333333333333333
1378842593,1,2399.999729,419.1999526653334,17.46666666666667,524288.0,142255.46666666667,20.400000000000002,265.93333333333334,114.53333333333333,1.2666666666666666
1378842893,1,2399.999729,457.59994832933336,19.066666666666666,524288.0,164624.8,0.3333333333333333,265.0,117.2,1.2666666666666666
1378843193,1,2399.999729,403.199954472,16.8,524288.0,133867.46666666667,0.6666666666666666,256.73333333333335,105.8,1.0666666666666667
1378843493,1,2399.999729,481.59994561933337,20.066666666666666,524288.0,155536.53333333333,9.066666666666666,291.0,137.93333333333334,1.8
1378843793,1,2399.999729,401.5999546526667,16.733333333333334,524288.0,160780.8,7.0,263.6666666666667,111.4,1.1333333333333333
1378844093,1,2399.999729,444.7999497746667,18.53333333333333,524288.0,157284.53333333333,1.1333333333333333,267.59999999999997,113.6,1.7333333333333334
1378844393,1,2399.999729,462.39994778733336,19.266666666666666,524288.0,146100.53333333333,29.466666666666665,275.93333333333334,122.86666666666666,1.2666666666666666
1378844693,1,2399.999729,438.39995049733335,18.266666666666666,524288.0,167072.0,0.4666666666666667,263.4666666666667,114.0,1.1333333333333333
1378844993,1,2399.999729,451.199949052,18.8,524288.0,146099.2,0.4,256.6,108.86666666666666,1.1333333333333333
1378845293,1,2399.999729,475.19994634200003,19.8,524288.0,153089.86666666667,4.933333333333334,274.0,120.93333333333334,1.3333333333333333
1378845593,1,2399.999729,446.3999495940001,18.6,524288.0,153090.66666666666,0.4666666666666667,268.5333333333333,118.53333333333333,1.0666666666666667
1378845893,1,2399.999729,446.3999495940001,18.6,524288.0,153089.6,0.2,259.8666666666667,114.2,1.2666666666666666
1378846193,1,2399.999729,465.59994742599997,19.4,524288.0,157633.86666666667,20.266666666666666,257.6666666666667,111.73333333333333,1.1333333333333333
1378846493,1,2399.999729,451.199949052,18.8,524288.0,152741.33333333334,0.06666666666666667,273.0,124.93333333333334,1.3333333333333333
1378846793,1,2399.999729,459.19994814866664,19.133333333333333,524288.0,144353.06666666668,0.7333333333333333,260.79999999999995,113.33333333333333,1.2666666666666666
1378847093,1,2399.999729,556.799937128,23.2,524288.0,190838.4,8.866666666666667,289.8666666666667,134.53333333333333,1.7333333333333334
1378847393,1,2399.999729,417.599952846,17.4,524288.0,160430.4,7.533333333333333,258.4,105.4,1.1333333333333333
1378847693,1,2399.999729,462.39994778733336,19.266666666666666,524288.0,140857.06666666668,0.26666666666666666,263.6666666666667,112.46666666666667,1.8
1378847993,1,2399.999729,441.59995013599996,18.4,524288.0,157285.06666666668,17.46666666666667,261.6,110.73333333333333,1.1333333333333333
1378848293,1,2399.999729,452.7999488713334,18.866666666666667,524288.0,163225.86666666667,0.6000000000000001,262.66666666666663,113.26666666666667,1.4
1378848593,1,2399.999729,422.399952304,17.6,524288.0,159381.86666666667,0.3333333333333333,258.33333333333337,107.06666666666666,1.2666666666666666
1378848893,1,2399.999729,470.3999468840001,19.6,524288.0,144352.8,6.733333333333333,267.06666666666666,117.8,1.2666666666666666
1378849193,1,2399.999729,420.7999524846666,17.53333333333333,524288.0,142603.73333333334,0.5333333333333333,255.33333333333331,106.93333333333334,1.1333333333333333
1378849493,1,2399.999729,454.3999486906667,18.933333333333334,524288.0,137362.13333333333,0.7333333333333334,258.20000000000005,112.6,1.1333333333333333
1378849793,1,2399.999729,423.99995212333334,17.666666666666668,524288.0,145400.8,20.200000000000003,255.06666666666666,107.0,1.0
1378850093,1,2399.999729,460.79994796799997,19.2,524288.0,145750.66666666666,0.4,257.73333333333335,112.46666666666667,1.1333333333333333
1378850393,1,2399.999729,415.9999530266666,17.333333333333332,524288.0,159731.2,0.6,247.53333333333333,102.53333333333333,0.8666666666666667
1378850693,1,2399.999729,774.3999125573333,32.266666666666666,524288.0,183498.66666666666,14.666666666666666,372.1333333333333,238.06666666666666,1.6
1378850993,1,2399.999729,489.599944716,20.4,524288.0,185596.26666666666,7.666666666666666,301.20000000000005,141.46666666666667,0.8666666666666667
1378851293,1,2399.999729,463.9999476066667,19.333333333333332,524288.0,177556.53333333333,0.26666666666666666,269.4,107.66666666666667,1.5333333333333334
1378851593,1,2399.999729,425.59995194266673,17.733333333333334,524288.0,152041.6,16.8,265.06666666666666,100.46666666666667,0.9333333333333333
1378851893,1,2399.999729,451.199949052,18.8,524288.0,165673.06666666668,0.0,263.8,104.2,1.0666666666666667
1378852193,1,2399.999729,406.39995411066667,16.933333333333334,524288.0,145750.13333333333,0.0,258.46666666666664,98.86666666666666,0.8666666666666667
1378852493,1,2399.999729,526.3999405606668,21.933333333333334,524288.0,144701.6,6.466666666666667,296.8666666666667,132.2,1.0666666666666667
1378852794,1,2399.999729,430.3999514006667,17.933333333333334,524288.0,123730.4,0.0,268.6,106.46666666666667,0.9333333333333333
1378853094,1,2399.999729,438.39995049733335,18.266666666666666,524288.0,157284.0,0.0,263.5333333333333,101.86666666666666,1.1333333333333333
1378853394,1,2399.999729,425.59995194266673,17.733333333333334,524288.0,156236.0,19.866666666666664,265.93333333333334,101.86666666666666,1.0666666666666667
1378853694,1,2399.999729,452.7999488713334,18.866666666666667,524288.0,152042.4,0.39999999999999997,272.4,109.13333333333334,1.2
1378853994,1,2399.999729,427.19995176200007,17.8,524288.0,145401.33333333334,0.06666666666666667,271.8,103.73333333333333,1.0
1378854294,1,2399.999729,585.599933876,24.4,524288.0,203770.66666666666,965.2666666666667,470.0,147.2,1.6666666666666667
1378854594,1,2399.999729,518.3999414640001,21.6,524288.0,261793.06666666668,1128.8,465.2,103.33333333333333,1.0
1378854894,1,2399.999729,563.1999364053333,23.466666666666665,524288.0,255501.06666666668,1255.8,439.66666666666663,109.6,1.6666666666666667
1378855194,1,2399.999729,1916.7997835613337,79.86666666666667,524288.0,274725.06666666665,1704.0666666666666,332.5333333333333,106.46666666666667,1.0666666666666667
1378855494,1,2399.999729,2268.799743814667,94.53333333333335,524288.0,268433.06666666665,1719.0,321.2,107.66666666666667,1.2666666666666666
1378855794,1,2399.999729,2291.1997412853334,95.46666666666665,524288.0,225791.46666666667,1814.6666666666667,313.0,105.66666666666667,1.1333333333333333
1378856094,1,2399.999729,2287.9997416466667,95.33333333333334,524288.0,261442.93333333332,1859.533333333333,318.8666666666667,112.86666666666666,1.2
1378856394,1,2399.999729,2244.799746524667,93.53333333333335,524288.0,261443.73333333334,1403.2666666666664,318.6,107.2,1.0
1378856694,1,2399.999729,2409.599727916,100.4,524288.0,245365.33333333334,1085.6666666666667,274.79999999999995,105.8,1.0666666666666667
1378856994,1,2399.999729,2435.199725025333,101.46666666666665,524288.0,255501.33333333334,1131.2666666666669,269.73333333333335,103.73333333333333,1.1333333333333333
1378857294,1,2399.999729,2553.599711656,106.4,524288.0,274724.5333333333,1179.2,284.0,108.13333333333334,1.0666666666666667
1378857594,1,2399.999729,2553.599711656,106.4,524288.0,254452.53333333333,1188.6000000000001,278.6,103.73333333333333,0.9333333333333333
1378857894,1,2399.999729,2372.7997320713334,98.86666666666666,524288.0,254801.6,1025.4,328.26666666666665,164.2,1.6666666666666667
1378858194,1,2399.999729,2467.199721412,102.8,524288.0,261093.6,1525.7333333333333,311.26666666666665,99.13333333333334,0.8
1378858494,1,2399.999729,2358.3997336973334,98.26666666666667,524288.0,239072.8,1928.0,350.5333333333333,108.8,1.5333333333333334
1378858794,1,2399.999729,2423.99972629,101.0,524288.0,247462.4,1931.3999999999999,318.4666666666667,101.8,0.9333333333333333
1378859094,1,2399.999729,2398.399729180667,99.93333333333334,524288.0,251656.8,2397.066666666667,380.06666666666666,106.6,0.9333333333333333
1378859394,1,2399.999729,2324.7997374913334,96.86666666666666,524288.0,274724.0,2491.5333333333333,387.6666666666667,97.6,0.8666666666666667
1378859694,1,2399.999729,2363.199733155333,98.46666666666665,524288.0,272627.2,2421.4666666666667,403.33333333333337,110.6,1.0666666666666667
1378859994,1,2399.999729,2371.199732252,98.8,524288.0,264590.4,2488.4,391.4666666666667,100.4,0.8666666666666667
1378860294,1,2399.999729,2063.99976694,86.0,524288.0,251656.0,1615.4,342.6,101.93333333333334,1.0
1378860594,1,2399.999729,347.1999607953333,14.466666666666667,524288.0,216353.6,29.2,277.6666666666667,102.46666666666667,1.1333333333333333
1378860894,1,2399.999729,363.1999589886667,15.133333333333333,524288.0,157633.86666666667,0.2,276.06666666666666,108.46666666666667,1.0
1378861194,1,2399.999729,347.1999607953333,14.466666666666667,524288.0,149245.6,0.13333333333333333,262.8666666666667,99.46666666666667,1.0
1378861494,1,2399.999729,460.79994796799997,19.2,524288.0,139808.26666666666,8.799999999999999,331.0,153.0,2.066666666666667
1378861794,1,2399.999729,359.99995935,15.0,524288.0,155187.2,0.7333333333333333,276.73333333333335,108.4,1.2
1378862094,1,2399.999729,372.79995790466666,15.533333333333333,524288.0,142954.66666666666,1.0666666666666667,277.46666666666664,106.33333333333333,1.8
1378862394,1,2399.999729,353.59996007266665,14.733333333333333,524288.0,135964.53333333333,18.933333333333334,270.53333333333336,101.33333333333333,1.1333333333333333
1378862694,1,2399.999729,361.5999591693334,15.066666666666668,524288.0,145749.33333333334,0.13333333333333333,277.66666666666663,108.26666666666667,1.0666666666666667
1378862994,1,2399.999729,356.7999597113334,14.866666666666667,524288.0,137362.13333333333,0.33333333333333337,263.4666666666667,98.6,1.2
1378863294,1,2399.999729,366.3999586273334,15.266666666666667,524288.0,158683.2,5.6,281.46666666666664,111.46666666666667,1.3333333333333333
1378863595,1,2399.999729,351.9999602533334,14.666666666666668,524288.0,151342.4,0.06666666666666667,269.93333333333334,102.4,1.0
1378863895,1,2399.999729,356.7999597113334,14.866666666666667,524288.0,149945.06666666668,0.3333333333333333,264.6,104.0,1.1333333333333333
1378864195,1,2399.999729,350.39996043400004,14.6,524288.0,141555.2,20.133333333333333,274.26666666666665,102.33333333333333,1.1333333333333333
1378864494,1,2399.999729,356.7999597113334,14.866666666666667,524288.0,152391.73333333334,0.26666666666666666,277.93333333333334,107.6,1.0
1378864794,1,2399.999729,353.59996007266665,14.733333333333333,524288.0,154139.46666666667,0.2,270.2,99.66666666666667,1.0666666666666667
1378865094,1,2399.999729,841.5999049693332,35.06666666666666,524288.0,209713.33333333334,612.4,378.1333333333333,133.2,2.066666666666667
1378865394,1,2399.999729,358.39995953066665,14.933333333333332,524288.0,232432.26666666666,1.8666666666666667,275.6666666666667,99.4,1.0
1378865694,1,2399.999729,502.3999432706667,20.933333333333334,524288.0,147147.73333333334,0.7333333333333333,300.0,107.86666666666666,1.5333333333333334
1378865994,1,2399.999729,577.5999347793334,24.066666666666666,524288.0,149944.8,36.13333333333333,320.26666666666665,105.66666666666667,1.1333333333333333
1378866294,1,2399.999729,433.5999510393333,18.066666666666666,524288.0,190839.46666666667,654.3333333333334,426.26666666666665,109.8,1.2666666666666666
1378866594,1,2399.999729,497.59994381266665,20.733333333333334,524288.0,236976.8,7.666666666666667,283.4,100.86666666666666,0.8666666666666667
1378866894,1,2399.999729,359.99995935,15.0,524288.0,179304.8,9.466666666666667,277.6666666666667,109.0,1.0
1378867194,1,2399.999729,345.599960976,14.4,524288.0,170217.33333333334,0.2,265.2,99.73333333333333,0.8666666666666667
1378867494,1,2399.999729,427.19995176200007,17.8,524288.0,176858.66666666666,0.2,269.66666666666663,102.53333333333333,1.0
1378867794,1,2399.999729,419.1999526653334,17.46666666666667,524288.0,156933.86666666667,20.599999999999998,271.4,100.73333333333333,0.8666666666666667
1378868094,1,2399.999729,430.3999514006667,17.933333333333334,524288.0,149944.0,0.13333333333333333,277.6666666666667,110.26666666666667,0.9333333333333333
1378868394,1,2399.999729,417.599952846,17.4,524288.0,145749.33333333334,0.13333333333333333,262.0,97.46666666666667,0.8666666666666667
1378868694,1,2399.999729,468.79994706466664,19.53333333333333,524288.0,161128.53333333333,24.666666666666664,294.73333333333335,124.13333333333334,1.6
1378868994,1,2399.999729,388.79995609799994,16.2,524288.0,161828.53333333333,0.6,253.33333333333331,93.53333333333333,0.9333333333333333
1378869294,1,2399.999729,425.59995194266673,17.733333333333334,524288.0,133167.2,0.39999999999999997,267.1333333333333,103.66666666666667,1.5333333333333334
1378869594,1,2399.999729,420.7999524846666,17.53333333333333,524288.0,141905.06666666668,18.53333333333333,267.8,101.66666666666667,0.8
1378869894,1,2399.999729,428.79995158133335,17.866666666666667,524288.0,149245.6,0.13333333333333333,267.33333333333337,105.13333333333334,1.1333333333333333
1378870194,1,2399.999729,406.39995411066667,16.933333333333334,524288.0,166372.53333333333,0.2,264.0,99.33333333333333,0.8
1378870494,1,2399.999729,422.399952304,17.6,524288.0,157984.0,6.533333333333333,271.1333333333333,106.8,1.0666666666666667
1378870794,1,2399.999729,420.7999524846666,17.53333333333333,524288.0,163925.6,0.3333333333333333,265.33333333333337,100.8,0.8666666666666667
1378871094,1,2399.999729,443.1999499553334,18.46666666666667,524288.0,152041.33333333334,0.2,272.73333333333335,103.8,1.0666666666666667
1378871394,1,2399.999729,414.3999532073333,17.266666666666666,524288.0,147498.13333333333,19.933333333333334,269.8,100.73333333333333,0.8666666666666667
1378871695,1,2399.999729,419.1999526653334,17.46666666666667,524288.0,156935.73333333334,0.3333333333333333,272.26666666666665,105.06666666666666,0.9333333333333333
1378871995,1,2399.999729,444.7999497746667,18.53333333333333,524288.0,144352.8,0.4,269.6,102.86666666666666,0.9333333333333333
1378872295,1,2399.999729,651.1999264686667,27.133333333333336,524288.0,160430.4,9.2,356.4666666666667,180.6,1.5333333333333334
1378872595,1,2399.999729,503.99994309,21.0,524288.0,175110.4,8.266666666666667,296.06666666666666,120.06666666666666,1.0
1378872895,1,2399.999729,521.5999411026667,21.733333333333334,524288.0,154138.4,0.2,297.5333333333333,132.46666666666667,1.5333333333333334
1378873195,1,2399.999729,495.9999439933333,20.666666666666664,524288.0,148896.0,17.466666666666665,286.73333333333335,122.8,1.0666666666666667
1378873495,1,2399.999729,447.99994941333335,18.666666666666668,524288.0,139109.06666666668,0.5333333333333333,269.26666666666665,107.6,0.9333333333333333
1378873795,1,2399.999729,444.7999497746667,18.53333333333333,524288.0,143653.6,0.26666666666666666,263.73333333333335,100.33333333333333,1.0
1378874095,1,2399.999729,443.1999499553334,18.46666666666667,524288.0,157633.33333333334,6.466666666666667,275.6,111.86666666666666,1.0666666666666667
1378874395,1,2399.999729,473.5999465226667,19.733333333333334,524288.0,236976.0,944.4666666666667,305.6,101.6,0.9333333333333333
1378874695,1,2399.999729,486.3999450773333,20.266666666666666,524288.0,231383.2,6.7333333333333325,268.93333333333334,102.53333333333333,1.0666666666666667
1378874995,1,2399.999729,447.99994941333335,18.666666666666668,524288.0,167421.33333333334,26.400000000000002,267.46666666666664,99.8,0.9333333333333333
1378875295,1,2399.999729,468.79994706466664,19.53333333333333,524288.0,143304.26666666666,0.2,273.06666666666666,106.33333333333333,1.0666666666666667
1378875595,1,2399.999729,436.799950678,18.2,524288.0,141555.2,0.13333333333333333,267.66666666666663,100.8,0.9333333333333333
1378875895,1,2399.999729,508.79994254800005,21.2,524288.0,156235.46666666667,8.4,294.5333333333333,124.33333333333333,1.5333333333333334
1378876195,1,2399.999729,419.1999526653334,17.46666666666667,524288.0,153439.46666666667,8.066666666666666,264.8,99.8,1.0666666666666667
1378876495,1,2399.999729,479.9999458,20.0,524288.0,154837.6,0.2,268.66666666666663,106.26666666666667,1.6666666666666667
1378876795,1,2399.999729,433.5999510393333,18.066666666666666,524288.0,147498.4,31.733333333333334,262.5333333333333,101.66666666666667,1.2
1378877095,1,2399.999729,465.59994742599997,19.4,524288.0,142256.0,0.6000000000000001,257.93333333333334,104.0,1.0666666666666667
1378877395,1,2399.999729,444.7999497746667,18.53333333333333,524288.0,154837.33333333334,0.3333333333333333,261.2,104.0,0.8666666666666667
1378877695,1,2399.999729,542.399938754,22.6,524288.0,180004.0,5.466666666666667,274.6,115.4,2.2
1378877995,1,2399.999729,478.39994598066664,19.933333333333334,524288.0,165672.0,0.3333333333333333,272.8,112.2,2.7333333333333334
1378878295,1,2399.999729,492.7999443546667,20.533333333333335,524288.0,142604.8,0.39999999999999997,263.73333333333335,103.66666666666667,1.3333333333333333
1378878595,1,2399.999729,428.79995158133335,17.866666666666667,524288.0,139458.4,20.133333333333333,263.5333333333333,99.66666666666667,1.0666666666666667
1378878895,1,2399.999729,444.7999497746667,18.53333333333333,524288.0,137360.8,0.4666666666666667,267.8666666666667,105.73333333333333,1.2
1378879195,1,2399.999729,436.799950678,18.2,524288.0,137362.4,0.4,260.26666666666665,100.13333333333334,1.1333333333333333
1378879495,1,2399.999729,521.5999411026667,21.733333333333334,524288.0,156935.2,8.8,294.4,126.86666666666666,1.6
1378879795,1,2399.999729,433.5999510393333,18.066666666666666,524288.0,160779.2,7.800000000000001,257.0,99.6,1.1333333333333333
1378880095,1,2399.999729,492.7999443546667,20.533333333333335,524288.0,137712.0,1.1333333333333333,270.4,106.6,1.6666666666666667
1378880396,1,2399.999729,455.99994851,19.0,524288.0,150993.6,17.133333333333333,268.33333333333337,103.53333333333333,1.0
1378880696,1,2399.999729,495.9999439933333,20.666666666666664,524288.0,140507.2,0.26666666666666666,268.0,104.6,1.0666666666666667
1378880996,1,2399.999729,470.3999468840001,19.6,524288.0,142606.13333333333,0.4666666666666667,264.3333333333333,101.26666666666667,1.0
1378881296,1,2399.999729,502.3999432706667,20.933333333333334,524288.0,126876.8,6.466666666666667,278.73333333333335,111.06666666666666,1.3333333333333333
1378881596,1,2399.999729,451.199949052,18.8,524288.0,127224.8,0.13333333333333333,267.26666666666665,103.4,0.9333333333333333
1378881896,1,2399.999729,494.39994417400004,20.6,524288.0,126176.8,0.4666666666666667,269.1333333333333,102.53333333333333,1.2
1378882196,1,2399.999729,455.99994851,19.0,524288.0,135963.46666666667,20.2,268.8,102.53333333333333,1.0666666666666667
1378882496,1,2399.999729,911.99989702,38.0,524288.0,141556.26666666666,0.7333333333333333,487.8666666666667,338.73333333333335,3.0
1378882796,1,2399.999729,1115.1998740753336,46.46666666666667,524288.0,204469.6,1.1333333333333333,609.5333333333333,464.1333333333333,2.8
1378883096,1,2399.999729,1179.1998668486667,49.13333333333333,524288.0,218100.8,33.13333333333333,625.0666666666666,457.53333333333336,3.2666666666666666
1378883396,1,2399.999729,817.5999076793332,34.06666666666666,524288.0,233480.53333333333,9.066666666666666,448.2,286.53333333333336,1.6666666666666667
1378883696,1,2399.999729,660.7999253846667,27.533333333333335,524288.0,186994.66666666666,1.0666666666666667,367.6666666666667,197.73333333333332,2.2666666666666666
1378883996,1,2399.999729,515.1999418253333,21.466666666666665,524288.0,168819.2,24.266666666666666,296.1333333333333,128.4,1.3333333333333333
1378884296,1,2399.999729,462.39994778733336,19.266666666666666,524288.0,153090.13333333333,0.4666666666666667,266.6666666666667,108.13333333333334,1.3333333333333333
1378884596,1,2399.999729,452.7999488713334,18.866666666666667,524288.0,152041.86666666667,0.4,267.1333333333333,104.8,1.0666666666666667
1378884896,1,2399.999729,455.99994851,19.0,524288.0,136662.93333333332,4.2,278.73333333333335,115.4,1.6666666666666667
1378885196,1,2399.999729,457.59994832933336,19.066666666666666,524288.0,138061.06666666668,0.4,265.33333333333337,106.86666666666666,1.2
1378885496,1,2399.999729,452.7999488713334,18.866666666666667,524288.0,129322.4,0.4,269.1333333333333,106.33333333333333,1.2
1378885796,1,2399.999729,441.59995013599996,18.4,524288.0,133517.6,20.133333333333333,268.6,106.26666666666667,1.4
1378886096,1,2399.999729,463.9999476066667,19.333333333333332,524288.0,134915.73333333334,0.13333333333333333,281.4666666666667,113.26666666666667,1.4666666666666666
1378886396,1,2399.999729,439.9999503166666,18.333333333333332,524288.0,147498.13333333333,0.39999999999999997,272.59999999999997,106.0,1.2
1378886696,1,2399.999729,499.19994363200004,20.8,524288.0,189790.66666666666,24.46666666666667,305.5333333333333,130.93333333333334,1.8666666666666667
1378886996,1,2399.999729,449.5999492326667,18.733333333333334,524288.0,163576.0,8.4,268.4,105.6,1.2666666666666666
1378887296,1,2399.999729,481.59994561933337,20.066666666666666,524288.0,156235.2,0.4666666666666667,282.3333333333333,111.26666666666667,2.0
1378887596,1,2399.999729,468.79994706466664,19.53333333333333,524288.0,161479.2,27.733333333333334,280.0,107.2,1.2666666666666666
1378887896,1,2399.999729,470.3999468840001,19.6,524288.0,160429.6,0.4666666666666667,288.1333333333333,112.73333333333333,1.2666666666666666
1378888196,1,2399.999729,462.39994778733336,19.266666666666666,524288.0,148546.13333333333,0.13333333333333333,276.26666666666665,106.0,1.2
1378888496,1,2399.999729,476.79994616133337,19.866666666666667,524288.0,161479.2,2.8000000000000003,283.8666666666667,114.6,1.6
1378888796,1,2399.999729,1118.399873714,46.6,524288.0,186644.26666666666,0.6,559.2666666666667,425.26666666666665,2.066666666666667
1378889096,1,2399.999729,647.99992683,27.0,524288.0,205518.93333333332,1.0666666666666667,330.59999999999997,178.73333333333332,1.4666666666666666
1378889396,1,2399.999729,1079.99987805,45.0,524288.0,181401.86666666667,25.26666666666667,529.7333333333333,392.46666666666664,1.4
1378889696,1,2399.999729,532.799939838,22.2,524288.0,210412.0,1.2,299.8,130.86666666666667,1.5333333333333334
1378889997,1,2399.999729,489.599944716,20.4,524288.0,154488.8,0.8,277.4666666666667,116.26666666666667,1.2
1378890297,1,2399.999729,518.3999414640001,21.6,524288.0,172664.26666666666,26.333333333333332,315.73333333333335,141.86666666666667,1.8666666666666667
1378890597,1,2399.999729,486.3999450773333,20.266666666666666,524288.0,170916.53333333333,8.4,281.73333333333335,114.0,1.1333333333333333
1378890897,1,2399.999729,491.19994453533343,20.46666666666667,524288.0,149944.26666666666,0.6666666666666666,285.1333333333333,120.06666666666666,1.8
1378891197,1,2399.999729,484.799945258,20.2,524288.0,163925.06666666668,15.466666666666667,281.8666666666667,114.8,1.2666666666666666
1378891497,1,2399.999729,494.39994417400004,20.6,524288.0,163576.0,0.3333333333333333,276.8666666666667,117.26666666666667,1.3333333333333333
1378891797,1,2399.999729,463.9999476066667,19.333333333333332,524288.0,141556.0,0.6,271.6666666666667,110.13333333333334,1.0666666666666667
1378892097,1,2399.999729,481.59994561933337,20.066666666666666,524288.0,133168.0,4.066666666666666,276.93333333333334,114.73333333333333,1.3333333333333333
1378892397,1,2399.999729,481.59994561933337,20.066666666666666,524288.0,146798.4,0.26666666666666666,276.66666666666663,112.53333333333333,1.2666666666666666
1378892697,1,2399.999729,487.99994489666665,20.333333333333332,524288.0,148895.2,0.6,281.4666666666667,115.93333333333334,1.4
1378892997,1,2399.999729,468.79994706466664,19.53333333333333,524288.0,142604.8,19.933333333333334,280.4666666666667,112.4,1.2
1378893297,1,2399.999729,479.9999458,20.0,524288.0,173013.6,0.2,283.26666666666665,120.53333333333333,1.3333333333333333
1378893597,1,2399.999729,427.19995176200007,17.8,524288.0,162875.46666666667,0.39999999999999997,271.1333333333333,105.93333333333334,1.0666666666666667
1378893897,1,2399.999729,532.799939838,22.2,524288.0,189440.8,105.4,316.8666666666667,137.73333333333332,1.8666666666666667
1378894197,1,2399.999729,443.1999499553334,18.46666666666667,524288.0,174061.6,8.066666666666666,275.0,110.0,1.6
1378894497,1,2399.999729,507.19994272866677,21.133333333333336,524288.0,157983.2,0.4666666666666667,279.73333333333335,118.0,1.9333333333333333
1378894797,1,2399.999729,465.59994742599997,19.4,524288.0,154488.0,15.066666666666666,273.3333333333333,112.66666666666667,1.2666666666666666
1378895097,1,2399.999729,580.799934418,24.2,524288.0,163925.06666666668,0.2,321.4,159.33333333333334,1.2
1378895397,1,2399.999729,558.3999369473333,23.266666666666666,524288.0,174760.8,20.8,330.6,152.26666666666668,1.3333333333333333
1378895697,1,2399.999729,644.7999271913333,26.866666666666664,524288.0,233131.46666666667,543.3333333333334,360.8666666666667,160.13333333333333,2.0
1378895997,1,2399.999729,859.1999029819999,35.8,524288.0,238024.0,210.0,493.0,323.1333333333333,1.4
1378896297,1,2399.999729,857.5999031626667,35.733333333333334,524288.0,227537.86666666667,2.1333333333333333,474.1333333333333,321.8,1.2666666666666666
1378896597,1,2399.999729,1019.1998849153334,42.46666666666667,524288.0,233830.13333333333,29.133333333333333,544.0,397.8666666666667,1.2
1378896897,1,2399.999729,891.1998993686667,37.13333333333333,524288.0,224393.6,1.4,488.0,333.8,1.2666666666666666
1378897197,1,2399.999729,863.99990244,36.0,524288.0,214956.0,0.7999999999999999,439.66666666666663,287.93333333333334,1.0666666666666667
1378897497,1,2399.999729,1526.3998276440002,63.6,524288.0,228588.8,460.79999999999995,585.4,143.06666666666666,14.133333333333333
1378897797,1,2399.999729,639.9999277333333,26.666666666666664,524288.0,288006.6666666667,932.2666666666667,484.8,119.06666666666666,2.8666666666666667
1378898097,1,2399.999729,571.1999355020001,23.8,524288.0,288356.8,978.6,465.4666666666667,129.26666666666668,2.8
1378898397,1,2399.999729,588.7999335146667,24.533333333333335,524288.0,300241.06666666665,1135.6,446.53333333333336,139.2,2.6
1378898697,1,2399.999729,943.9998934066668,39.333333333333336,524288.0,290104.0,740.1333333333333,547.4,127.66666666666667,19.866666666666667
1378898997,1,2399.999729,588.7999335146667,24.533333333333335,524288.0,277521.3333333333,842.0666666666667,463.0,129.2,2.4
1378899297,1,2399.999729,567.9999358633333,23.666666666666664,524288.0,260394.93333333332,764.3333333333333,411.33333333333337,122.26666666666667,1.8
1378899597,1,2399.999729,529.5999401993333,22.066666666666666,524288.0,274375.73333333334,810.5333333333332,413.1333333333333,119.53333333333333,1.6
1378899897,1,2399.999729,513.599942006,21.4,524288.0,258297.06666666668,842.9333333333333,378.26666666666665,131.33333333333334,1.6666666666666667
1378900197,1,2399.999729,585.599933876,24.4,524288.0,279968.26666666666,495.1333333333333,367.5333333333333,113.8,3.8
1378900497,1,2399.999729,475.19994634200003,19.8,524288.0,258647.46666666667,6.4,295.8,120.13333333333334,1.8
1378900797,1,2399.999729,446.3999495940001,18.6,524288.0,230334.93333333332,0.9333333333333333,287.66666666666663,111.93333333333334,1.5333333333333334
1378901097,1,2399.999729,507.19994272866677,21.133333333333336,524288.0,251306.4,28.2,311.26666666666665,135.33333333333334,1.8666666666666667
1378901397,1,2399.999729,438.39995049733335,18.266666666666666,524288.0,264240.0,7.533333333333333,288.26666666666665,121.46666666666667,1.2666666666666666
1378901697,1,2399.999729,497.59994381266665,20.733333333333334,524288.0,219150.4,0.7999999999999999,295.2,126.53333333333333,1.8
1378901997,1,2399.999729,444.7999497746667,18.53333333333333,524288.0,205518.4,19.400000000000002,283.1333333333333,115.66666666666667,1.4666666666666666
1378902298,1,2399.999729,425.59995194266673,17.733333333333334,524288.0,189789.6,0.7333333333333333,282.93333333333334,116.0,1.5333333333333334
1378902598,1,2399.999729,446.3999495940001,18.6,524288.0,189790.4,0.4666666666666667,289.3333333333333,120.0,1.2666666666666666
1378902898,1,2399.999729,444.7999497746667,18.53333333333333,524288.0,168818.93333333332,7.6000000000000005,291.93333333333334,124.8,1.4666666666666666
1378903198,1,2399.999729,443.1999499553334,18.46666666666667,524288.0,214257.6,0.3333333333333333,306.6,137.66666666666666,1.8666666666666667
1378903498,1,2399.999729,428.79995158133335,17.866666666666667,524288.0,223694.4,0.39999999999999997,283.79999999999995,117.6,1.4
1378903798,1,2399.999729,451.199949052,18.8,524288.0,163925.06666666668,21.0,287.33333333333337,117.33333333333333,1.6666666666666667
1378904098,1,2399.999729,443.1999499553334,18.46666666666667,524288.0,163925.33333333334,0.4666666666666667,292.3333333333333,123.33333333333333,1.5333333333333334
1378904398,1,2399.999729,443.1999499553334,18.46666666666667,524288.0,159731.2,0.6666666666666666,290.53333333333336,117.93333333333334,1.2666666666666666
1378904698,1,2399.999729,518.3999414640001,21.6,524288.0,183149.33333333334,30.8,325.26666666666665,153.86666666666667,1.9333333333333333
1378904998,1,2399.999729,441.59995013599996,18.4,524288.0,170217.33333333334,7.866666666666666,291.4,124.53333333333333,1.4
1378905298,1,2399.999729,451.199949052,18.8,524288.0,184198.13333333333,0.4666666666666667,290.0,124.66666666666667,1.8
1378905598,1,2399.999729,887.99989973,37.0,524288.0,175110.66666666666,23.066666666666666,385.0666666666667,183.53333333333333,3.066666666666667
1378905898,1,2399.999729,676.7999235780001,28.2,524288.0,179654.66666666666,0.6666666666666666,333.46666666666664,172.06666666666666,1.7333333333333334
1378906198,1,2399.999729,532.799939838,22.2,524288.0,175110.4,0.3333333333333333,304.3333333333333,140.66666666666666,1.2666666666666666
1378906498,1,2399.999729,591.9999331533334,24.666666666666664,524288.0,159381.6,6.2,327.4,163.33333333333334,1.6
1378906798,1,2399.999729,590.3999333340001,24.6,524288.0,161828.53333333333,0.6,337.26666666666665,175.26666666666668,1.4
